10000
9.850392
9.834004
9.781635
9.811677
9.7610035
9.795613
9.768841
9.749017
9.727222
9.619955
9.579202
9.557491
9.541714
9.457357
9.482418
9.415568
9.435224
9.337264
9.244602
9.211872
9.222782
9.252193
9.12878
9.021336
9.119467
9.085714
9.109679
9.015251
8.935065
8.921269
8.812565
8.814433
8.709362
8.709788
8.61178
8.611261
8.502571
8.384771
8.29703
8.351715
8.370023
8.199541
8.098946
8.054509
8.044456
7.8905125
7.771796
7.81424
7.6150723
7.5381684
7.2743077
7.49338
7.326029
7.1523037
7.072179
7.0066657
6.989273
6.852385
6.943247
6.9542956
7.0361986
7.0026145
6.938288
6.7834086
6.9441376
6.8473673
6.8262243
6.8506455
6.888277
6.9564824
6.9353724
7.0067015
6.9569793
6.947167
6.9962564
6.9774323
7.107663
6.9904814
7.06021
6.7971735
7.0493073
6.896057
6.978156
6.8513336
7.0033755
6.8444934
6.901955
7.0258737
6.9566875
6.9578342
6.97203
7.2307773
7.404481
7.3989596
7.489988
7.5618453
7.587149
7.8339453
7.9482636
8.242159
8.1588545
8.207
8.181298
8.037825
8.087455
8.237847
8.299722
8.274
8.230124
8.501688
8.40142
8.329023
8.29901
8.22652
8.176739
8.121184
8.114642
8.191563
8.134729
8.111654
8.052053
7.9738665
7.910308
8.0492325
7.981401
7.9749002
7.9824367
7.903738
7.8546286
7.780132
7.747732
7.652409
7.5950775
7.6482034
7.562375
7.585558
7.503616
7.6156864
7.5594764
7.5624156
7.608708
7.5901856
7.5495377
7.566097
7.499954
7.579872
7.5279355
7.5573177
7.6088777
7.542712
7.502846
7.608967
7.493304
7.494608
7.416248
7.4115477
7.3931913
7.41453
7.2804747
7.3267946
7.3719716
7.3361893
7.299019
7.3927608
7.3205404
7.2605524
7.2604785
7.3403487
7.353625
7.33741
7.3711634
7.398384
7.5080333
7.5380845
7.3175683
7.3882527
7.3026824
7.273336
7.316128
7.265241
7.1658883
7.126551
7.1135774
7.1236606
7.033037
7.104384
7.1020274
7.086526
7.120714
7.0118585
7.185235
7.049937
7.0182667
6.9167895
6.8716035
6.793682
6.7778425
6.6733427
6.5288577
6.8846793
6.5979404
6.6964145
6.555135
6.5691137
6.558256
6.3647876
6.3664255
6.4119086
6.386774
6.2508187
6.3356295
6.2548747
6.528107
6.4314528
6.59619
6.2228584
6.461386
6.603688
6.6269035
6.6941066
6.5027957
6.6580596
6.532189
6.827065
6.6963644
6.724175
6.484293
6.7938128
6.591708
6.7719355
6.73388
6.691484
6.657726
6.672531
6.7079577
6.696949
6.627204
6.5595837
6.67133
6.70453
6.5677805
6.641847
6.453727
6.7419667
6.6341352
6.849808
6.4766264
6.860158
6.790824
6.7329054
6.7397165
6.3657236
6.6584253
6.5487847
6.554832
6.5044246
6.602539
6.5628824
6.754585
6.7431736
6.554921
6.505501
6.6857834
6.613839
6.7162766
6.6356554
6.594392
6.7598057
6.789708
6.631434
6.7004457
6.6812534
6.633329
6.568431
6.6785026
6.467559
6.6161304
6.8178763
6.682851
6.5834355
6.7315216
6.723791
6.6639786
6.646203
6.5357795
6.633921
6.511619
6.700563
6.692313
6.60761
6.560719
6.567685
6.4546328
6.439057
6.6363535
6.2813134
6.4287577
6.506758
6.317188
6.427635
6.257945
6.342983
6.4504566
6.1573515
6.3104773
6.153952
6.641978
6.3907566
6.4700546
6.303385
6.6606655
6.5185738
6.473576
6.497548
6.258552
6.4734316
6.7110157
6.4366994
6.59923
6.4748034
6.5614395
6.4535513
6.6276393
6.5685797
6.616345
6.5250626
6.4800587
6.4790773
6.50061
6.423932
6.454634
6.3941603
6.5014324
6.2493544
6.490845
6.5130014
6.400222
6.2899184
6.1802616
6.2291117
6.309843
6.2023044
6.169404
6.2091136
6.0950217
6.467045
6.389221
6.322729
6.2937956
6.3286676
6.2985945
6.3649044
6.406436
6.2409267
6.375179
6.5147386
6.4084425
6.5686193
6.6497283
6.5338316
6.5088625
6.663344
6.740688
6.673898
6.8524837
6.8975058
6.7926993
6.807462
6.8766875
6.8724375
6.951466
6.9243364
6.9171653
7.0031605
7.087825
6.960457
7.0763316
6.9266696
7.0231915
6.8002176
6.8854823
6.824524
6.786661
6.76985
6.741099
6.84921
6.8288045
6.7495027
6.8083615
6.8243437
6.80327
6.7817807
6.7161164
6.625927
6.633993
6.516892
6.6924176
6.6480365
6.5517626
6.461788
6.641041
6.5998635
6.4469
6.471022
6.4463377
6.327606
6.427025
6.60915
6.58291
6.54264
6.4912443
6.6556396
6.542487
6.577346
6.645658
6.544669
6.7359524
6.63521
6.786992
6.7163525
6.682888
6.662528
6.748143
6.6595945
6.5169425
6.641965
6.55413
6.6746325
6.598747
6.7917147
6.710687
6.6904125
6.691365
6.935422
6.860836
6.7370114
6.7484374
6.7387524
7.02922
6.8948994
6.889372
6.8235955
6.892168
6.9043827
6.8420405
6.8368044
6.9431725
6.9236526
7.0334134
7.063174
6.9973435
6.8292513
6.9203796
6.9771166
6.78263
6.820922
6.906495
6.875872
6.8014965
6.840626
6.815434
6.853053
6.7968187
6.8491507
6.9315343
6.9075165
6.774244
6.7183967
6.937288
6.7444854
6.657613
6.904565
6.782534
6.853641
6.728912
6.8287773
6.9646206
6.902296
6.7225432
6.7461267
6.777143
6.937844
6.7520742
6.9538503
6.7819047
6.859935
6.9346786
6.9445124
6.9410553
6.8694167
7.0439153
6.963017
7.0671544
6.927539
7.0270185
7.0031395
7.229905
7.160038
7.396742
7.419439
7.2168612
7.1598783
7.351625
7.32015
7.274106
7.2705717
7.3862576
7.374875
7.4480915
7.577099
7.3783045
7.3882833
7.2774553
7.2866993
7.2286825
7.3616757
7.3686023
7.309062
7.42164
7.1293497
7.37931
7.3723636
7.1088004
7.1443114
7.127078
7.073373
6.9850297
7.0105133
6.9981427
6.8666444
6.9908347
6.855442
6.953994
6.9685125
7.022926
6.840465
7.099671
6.8775873
6.8707952
6.8477826
6.912035
6.79318
6.8578467
6.8324533
6.9461894
6.840786
6.8546085
6.9151917
6.919508
6.779665
6.7892966
6.779856
7.0252457
6.8820252
6.8725677
6.754686
6.886015
6.8113766
7.089882
6.8772073
7.134111
6.9231973
7.1255684
7.0868425
7.004288
7.02906
6.9605093
7.0674405
7.0813284
7.0971174
7.3758445
7.1903453
7.4080167
7.2445917
7.4298744
7.453435
7.475252
7.339891
7.3783426
7.4167867
7.515856
7.4050183
7.4294724
7.320533
7.1751075
7.454435
7.4590807
7.280027
7.3113327
7.2772827
7.117805
7.1368566
7.249474
7.245372
7.4114437
7.2439814
7.176524
6.9800415
6.878643
6.974096
6.9161654
7.0649548
7.0417514
6.905394
6.8316545
6.780411
6.7193217
6.8117766
6.7681394
6.7809563
6.68999
6.7396774
6.8241324
6.792995
6.8596506
6.852605
6.845946
6.8185563
7.0075493
6.775658
6.9779334
6.785156
6.8762746
6.80714
6.9331217
6.9522815
6.9194765
6.9368935
6.963085
7.082382
6.932566
7.047813
6.920266
6.8694506
7.1160316
6.98594
7.063644
7.1504974
6.890184
7.0617
7.341801
7.1655912
7.2679734
7.1418896
7.13725
7.2652817
7.106325
7.3147893
7.378208
7.3907404
7.277175
7.1199403
7.5118556
7.370528
7.2981577
7.3171234
7.5402265
7.2499404
7.319253
7.2926974
7.6181536
7.1995087
7.32125
7.2474747
7.2882957
7.242788
7.3045354
7.344238
7.425253
7.358129
7.1601834
7.2998323
7.1547275
7.112932
7.103403
7.082431
6.9768395
6.8647685
7.0445457
6.944134
6.891759
6.8665724
6.8131514
6.8657484
6.913494
6.8689256
6.801239
6.8153577
6.8967404
6.6869307
6.6518035
6.872664
6.948004
6.917369
6.8313336
6.9601364
6.661037
6.9080396
6.8958073
7.012829
6.769884
6.848078
7.0449905
6.9524264
6.9538946
6.919541
7.0206385
6.9749846
6.892413
7.097935
6.733898
7.0849247
7.0516844
7.0250373
7.211625
6.8626084
7.227332
7.2005706
7.229328
7.027586
7.1515083
7.0694585
7.1149817
7.1694303
7.1429777
7.327431
7.235257
7.369294
7.336742
7.4265685
7.465803
7.4152107
7.2556143
7.302772
7.283773
7.2323437
7.2632675
7.332303
7.320846
7.2742386
7.1907835
7.117364
7.14493
7.147144
7.1824546
7.0362177
7.2956347
7.1338725
7.1257777
6.993887
7.1021986
6.999108
7.0956993
7.054028
6.988641
6.8507266
7.0157323
6.909389
6.881875
6.922392
6.841224
6.7704945
6.913711
6.767346
6.869971
6.860562
6.922254
7.0444875
7.0584307
6.7757607
6.9827843
7.1613507
7.0768156
7.000266
6.9533157
6.5279155
6.509004
6.784836
6.6141677
6.1012416
5.8038297
5.5217566
5.132126
5.3545685
4.754301
4.5038557
4.098826
3.9146414
3.674863
3.1671665
3.0610058
2.7778912
2.4847493
2.2578523
2.000551
2.2866826
2.0051396
2.2114964
2.3590562
2.2553005
1.9091818
2.166777
2.097617
2.1155825
3.0124645
2.6215982
2.6056652
2.4812195
2.5513165
3.0529983
2.8503082
2.0736215
2.280611
2.6833107
2.896402
2.4362998
2.2984126
2.647191
2.632504
2.2990074
2.3267543
2.8252718
2.8273377
2.789304
2.2654004
2.9240901
2.9635746
2.868189
2.1502736
2.7648864
2.7711997
2.251213
2.2580814
2.7530453
2.4569826
2.7158933
2.5477536
2.716057
2.3108773
2.621625
2.219319
2.0928144
2.3130667
2.4471965
2.3733363
2.378974
2.1785722
2.216396
2.5279608
2.4864705
2.6177466
2.3048606
2.3607845
2.266198
2.1408331
2.3235562
2.1428094
2.5043654
2.5668356
2.6489816
2.4953737
2.1153178
2.8193161
2.3398707
2.5857584
2.0881066
2.4672456
2.4699588
2.3563576
2.5376425
2.6145213
2.635013
2.2756867
2.6334925
2.5257788
2.4326067
2.608862
2.275484
2.3770163
2.4131298
2.262285
2.442417
2.4572446
2.4224615
2.5220306
2.6231763
2.2944362
2.2664278
2.2248554
2.241981
2.0504007
1.8470324
2.4311228
2.5889072
2.5170019
2.5232637
2.748414
2.4271667
2.9688797
3.1114445
2.5915468
3.116546
3.081212
3.1491132
3.1013987
3.1917572
2.6010816
2.8281136
2.7449923
2.6220794
2.2140036
2.1234941
2.6104438
2.5224168
2.3342648
2.244513
2.127892
2.1587944
2.22834
2.1216054
2.1410105
2.363372
2.2054143
2.161919
2.407829
2.2357461
2.1972127
2.106931
2.0244606
1.9332559
2.183935
2.210076
2.1958308
2.3002894
2.346383
2.2170873
2.345053
2.1093373
1.9800763
2.1579123
2.3994098
2.5508356
2.3343484
2.614056
2.4760315
2.5720613
2.2467945
2.2152095
2.204291
2.355946
2.2919903
2.310446
2.634169
2.6258147
2.4288392
2.3695562
2.2331393
2.0879424
2.1002784
2.3663454
2.485281
2.7517085
2.763628
2.5972419
2.4476614
2.268134
2.3725986
2.0194285
2.295389
2.4251559
2.6100953
2.531155
2.4259887
2.2530086
2.2505522
1.9841368
1.9503553
1.8398287
2.061311
2.3273883
2.3248606
2.188759
2.257175
2.3514693
2.3217998
2.0890112
2.1141806
1.9562378
2.036342
2.5362086
2.6115348
2.642667
2.7480211
2.7555542
2.5556848
2.5373483
2.3436272
2.36329
2.2112508
2.544772
2.7571447
2.7126741
2.6951437
2.671755
2.6904247
2.465183
2.5608783
2.300651
2.1860452
2.4950156
2.442312
2.5499852
2.6883092
2.4837976
2.3925717
2.533728
2.5232067
2.5583181
2.3171194
1.8808644
2.1540556
2.3054497
2.422075
2.668858
2.236953
2.601338
2.4737477
2.6150436
2.2170286
2.0949457
2.2573705
2.3163826
2.5072877
2.5210905
2.5352952
2.356161
2.34881
2.380786
2.36489
2.1965067
2.1839886
1.826605
1.9652028
2.274663
2.5258007
2.67092
2.4502287
2.520472
2.2845712
2.5278134
2.335802
2.1338701
2.1906567
2.1816003
2.2594826
2.3203206
2.3610477
2.2992935
2.0486114
2.1261008
2.1055534
2.0511408
1.9826999
2.0064707
2.2676563
2.329841
2.71091
2.5580375
2.465505
2.3903165
2.343961
2.1389499
1.9851996
2.0730886
1.9355533
2.1505806
2.3899333
2.5748541
2.4707391
2.4617076
2.2494233
2.0354586
2.1820648
2.1233568
2.0257404
2.4016259
2.447068
2.6277707
2.5776887
2.3478138
2.2893867
2.098462
1.9077795
2.126376
2.484519
2.538971
2.6047413
2.459326
2.142784
2.0514262
1.9001315
2.2888162
2.492288
2.5703537
2.254179
2.4097137
2.1371894
1.901552
1.9470541
2.4501946
2.571024
2.447197
2.1683898
2.1796985
2.1059308
2.1625166
2.274701
2.4741333
2.2083545
2.094245
1.9054314
1.9100988
2.0020702
2.3907194
2.5196586
2.7528868
2.4643161
2.2729268
2.434806
2.7476265
2.3952012
2.2886686
2.28838
2.4099123
2.5364115
2.4619598
2.5192225
2.3366783
2.2702866
2.7182176
2.3506978
2.2822614
2.395377
2.1999202
2.6076043
2.3244553
2.6298745
2.475946
2.3850126
2.5274305
2.4008331
2.0575602
2.2480521
2.6100123
2.2380152
2.2755425
2.4763737
2.187993
2.2908516
2.4033864
2.2062275
2.2754264
2.198358
2.1682034
2.3675637
2.4331946
2.230185
2.603575
2.2962248
2.198368
2.3514726
2.6949644
2.319848
2.4985783
2.2130847
2.3242316
2.5779777
2.3941414
2.3421574
2.3824873
2.2154577
2.6114402
2.7222958
2.6005516
2.4210498
2.7198868
2.3832016
2.5615547
2.6000907
2.328533
2.5702286
2.6052058
2.4236534
2.3135638
2.6208599
2.4464524
2.6361392
2.5589077
2.1342602
2.4300456
2.4426155
2.3324785
2.4506156
2.3506782
2.4096036
2.401996
2.388548
2.4357343
2.3930488
2.559916
2.3189385
2.4080744
2.2475648
2.5576923
2.5727239
2.3998027
2.3626003
2.2843125
2.369752
2.5171301
2.5159
2.3754807
2.2872715
2.5440798
2.3059478
2.4334586
2.6164248
2.4324317
2.5317962
2.5851073
2.4907446
2.486454
2.5827117
2.5741343
2.4590786
2.6889155
2.342351
2.2734158
2.2734241
2.5882154
2.4369087
2.3309784
2.432072
2.283108
2.141459
2.6557498
2.4147236
2.5052643
2.2905035
2.2185402
2.2655394
2.5438457
2.5947263
2.451634
2.549828
2.3657808
2.3606412
2.6102946
2.6659312
2.31499
2.5256898
2.4259386
2.4003572
2.8830192
2.5795712
2.6524806
2.6137502
2.4911
2.7523801
2.9256735
2.5725653
2.7549672
2.9019504
2.5584433
2.8093839
2.7599263
2.4277205
2.6531143
2.7245219
2.4928443
2.5483317
2.6009226
2.6065383
2.6607957
2.5197291
2.404731
2.5201108
2.7520275
2.6366959
2.6978416
2.7160215
2.4825246
2.4466176
2.8630605
2.6358376
2.5017645
2.6514068
2.5418687
2.460699
2.7058833
2.6531317
2.5002844
2.630019
2.7595005
2.4135857
2.6228423
2.7027588
2.7367716
2.7245927
2.780558
2.5609426
2.5563526
2.8765404
2.7192926
2.7919395
2.7678425
2.6998477
2.451952
3.05943
2.878715
2.7200544
2.7191951
2.7301118
2.9550636
3.234873
3.021128
2.8430905
3.0716014
2.8634188
2.8444736
2.850761
2.845168
2.809245
2.959788
2.9536495
2.6548061
2.7025144
2.6413236
2.5860384
2.738618
2.7219443
2.5525262
2.7067678
2.7488036
2.5603967
2.7369635
2.8755438
2.4895043
2.4251497
2.5614812
2.3924026
2.635246
2.8350167
2.6283636
2.4460273
2.257742
2.166245
2.1094475
2.2091913
2.790642
2.7694924
2.5065904
2.775218
2.5276258
2.4142442
2.5507774
2.4373367
2.4963367
2.7528675
2.513393
2.4841187
2.7971299
2.7227602
2.550392
2.344089
1.9666034
2.2787008
2.3392773
2.483198
2.618517
2.5131812
2.3423207
2.548819
2.354333
2.2899857
2.0517793
2.4183273
2.8019516
2.4181623
2.3234158
2.0994728
2.0766377
2.4456563
2.2787614
2.5311332
2.387437
2.206109
2.4254413
2.2286296
2.1816266
1.9844366
2.328173
2.61277
2.5149155
2.6155894
2.4375217
2.438602
2.7279222
2.6149092
2.5311904
2.2414954
2.190571
2.0639744
1.8869743
2.1093597
2.1250384
2.3565493
2.2365396
2.1501865
2.1374688
2.3076074
2.4471338
2.061166
2.1525671
1.7809522
1.981398
2.2104516
2.1549163
2.155142
2.2920995
2.0217981
1.813218
1.9762961
1.9609598
2.0908725
1.9967551
2.1220324
2.1099193
1.7862408
1.9020536
1.7330942
1.961943
1.9740794
1.8809224
1.6920202
1.9134929
2.1122425
1.907905
1.7750717
1.8124257
2.1364384
1.9402865
1.975985
2.0898342
2.0121396
1.9668186
1.7853478
1.9524555
1.9375241
1.930691
1.9226589
1.9227811
1.9255004
1.8139902
1.8125038
1.7389882
1.9176537
1.9763736
1.8995148
1.5966024
1.6178254
1.8670424
2.0729861
1.7880354
1.9487995
1.9138309
1.9292076
2.0420747
1.9863471
1.8869814
1.8872523
2.1050954
2.2668657
2.2513137
2.0633326
2.0835476
2.0872977
2.1820745
1.9003541
2.1697788
2.5879517
2.0801408
2.0969744
2.0684726
2.4796288
2.275054
2.3032694
2.1865125
2.2628267
2.5727928
2.3514113
2.4062362
2.1571937
2.203787
2.2703872
2.205473
2.1274395
2.2458937
2.3465464
2.3961983
2.309991
2.2530465
2.2762597
2.3382595
2.5098383
2.3335521
2.342507
2.3767462
2.584323
2.35774
2.4262273
2.2400103
2.4613264
2.3614163
2.3591044
2.4800467
2.5158806
2.278693
2.217542
2.3224788
2.1981974
2.37898
2.3885617
2.2773452
2.1696358
2.228991
2.131444
2.4009967
2.8546965
3.172172
2.8149514
2.661593
2.1749496
1.815759
2.025357
2.2331362
1.8952873
1.9407647
1.6503313
1.7337878
1.8893347
1.9671235
2.1062021
2.1577306
2.0163667
1.871186
1.9666315
1.9504912
1.7443978
1.5978191
1.8823671
1.766577
1.9537354
2.1391888
2.2261212
2.2083185
2.2143323
1.9949609
2.2337217
2.4489427
2.6280193
2.6792507
2.843777
2.9086185
2.6101346
2.4176292
2.7084155
2.4944856
2.2330906
2.406603
2.5118608
2.4594715
2.3831525
2.7045126
2.719318
2.83602
2.9107258
2.968071
2.7479014
2.9706373
2.7713554
2.730506
2.5987694
2.8655858
3.026926
3.040282
3.0348206
2.9106324
2.6657348
2.6994076
2.854771
2.7700677
2.6149142
2.6390758
2.7225437
2.720241
2.8236494
3.2524912
3.2031832
3.1981235
2.868708
2.8454695
2.6785662
2.561439
2.5384831
2.2667394
2.173261
2.2833805
2.216089
2.4667575
2.5534418
2.3969946
2.340996
2.3521152
2.2489488
2.4176397
2.0484836
2.1964931
2.2537067
2.3647065
2.3442981
2.5563798
2.8708553
2.7997653
2.9569974
3.0576053
3.0154076
2.8227196
2.8358827
2.6488945
2.8205066
2.7294698
2.894039
3.0800917
3.1068525
3.152413
3.2184386
2.9405363
3.0105746
2.7613354
2.650591
2.7239163
2.7724245
2.8629751
2.83609
2.9292889
2.9200249
2.7201042
2.8083572
2.7562275
2.8731484
2.8081386
2.6789553
2.627489
3.0835967
3.1397414
3.1381438
3.0564575
3.1904473
3.0577676
2.746963
2.7307253
2.360752
2.1452951
2.092362
2.178321
2.4706903
2.585655
2.5881045
2.5635648
2.6425939
2.6771808
2.6545038
2.6662679
2.5803978
2.6683097
2.492003
2.4448864
2.1449008
2.4584208
2.3600805
2.246401
2.4097369
2.4039586
2.5706058
2.6411114
2.3299048
2.2433202
2.3474529
2.316875
2.153729
2.2676287
2.0770528
2.1086264
2.2402375
2.3149571
2.1743515
2.194882
2.133491
2.0297902
1.7789388
2.0078259
1.8811433
1.8053424
1.6781435
1.9375589
2.0493727
2.3745728
2.2589993
2.4256167
2.3870122
2.495048
2.6492496
2.7878623
2.8273468
2.7197495
2.533525
2.409452
2.314945
2.0408442
2.2274933
1.6313059
1.7863812
1.8616308
2.0340018
1.9275581
1.97637
2.232431
2.170271
2.0420413
1.9493388
2.3162465
2.2050467
2.4995656
2.4289112
2.3316376
2.5717998
2.391189
2.3295574
2.3982334
2.3055103
2.6569347
2.401955
2.2777827
2.439945
2.3677273
2.5694861
2.8082016
2.6254983
2.4932365
2.7218566
2.919983
2.5117064
1.9171078
2.0827055
2.0972397
1.9236076
2.0484588
1.8806782
1.9396309
1.7481943
1.4827367
1.4894891
1.3831086
1.4869632
1.306285
1.3153665
1.5930362
2.4418702
2.5934823
2.61304
2.4804668
2.5169647
2.3890219
2.3804677
2.3269818
2.2893963
2.4208734
2.9028535
2.5411968
2.450397
2.4692423
2.5460916
2.2346015
2.300108
2.220732
1.9927093
2.078887
1.8910586
1.7843663
1.6879419
1.740603
1.8324019
1.6922796
1.8075681
2.3342273
2.0809374
2.1202419
2.0448618
1.9738972
1.9730991
2.0339074
2.108812
2.1806905
2.4048853
2.4762647
2.371566
2.2660909
2.3406649
2.4457147
2.4276412
2.5134857
2.5347037
2.3279533
2.0552387
1.6522983
1.6703517
1.3389597
1.5204556
1.1354064
1.3089916
1.525699
2.339012
2.2048445
2.1944046
2.3898458
2.2145226
2.1189332
2.1164804
2.175521
2.4438028
2.7654045
2.4899817
2.63478
2.5570328
2.511075
2.6856782
2.7916992
3.0023408
3.1075594
3.278444
3.3848758
3.1857526
3.1281142
2.8056076
3.0345836
2.9440708
2.7974267
2.8278337
2.5419083
2.4984925
2.5569696
2.592755
2.4230177
2.5441194
2.58757
2.5520992
2.501754
2.267066
2.060626
2.2484343
2.4097183
2.6508405
2.6708436
2.5536056
2.2301414
2.1765814
2.3319705
