440.0,439.0,99.0,169.0
440.52304,439.52307,99.0,169.0
442.09216,440.04614,99.0,169.0
441.56912,440.5692,99.0,169.0
443.13824,442.1383,99.0,169.0
442.6152,443.7074,99.0,169.0
444.18433,444.23047,99.0,169.0
443.6613,444.75354,99.0,169.0
445.2304,446.32263,99.0,169.0
444.70737,446.8457,99.0,169.0
446.2765,448.4148,99.0,169.0
446.79953,448.93787,99.0,169.0
447.32257,450.50696,99.0,169.0
447.8456,451.03003,99.0,169.0
449.41473,451.5531,99.0,169.0
448.8917,452.07617,99.0,169.0
450.46082,452.59924,99.0,169.0
450.98386,454.16833,99.0,169.0
451.5069,454.6914,99.0,169.0
452.02994,455.21448,99.0,169.0
452.55298,455.73755,99.0,169.0
453.07602,456.26062,99.0,169.0
453.59906,456.7837,99.0,169.0
454.1221,457.30676,99.0,169.0
454.67355,459.6129,96.888794,165.39603
456.20923,461.14856,96.888794,165.39603
456.72113,461.66046,96.888794,165.39603
457.23303,463.1961,96.888794,165.39603
457.74493,462.6842,96.888794,165.39603
459.2806,464.21985,96.888794,165.39603
458.7687,463.70795,96.888794,165.39603
460.30438,464.21985,96.888794,165.39603
459.79248,464.73175,96.888794,165.39603
461.31894,467.97546,94.82261,161.86891
462.82184,468.47644,94.82261,161.86891
461.31894,468.97742,94.82261,161.86891
463.8238,469.4784,94.82261,161.86891
462.3209,469.97937,94.82261,161.86891
463.8238,470.48035,94.82261,161.86891
465.31772,472.68915,92.80049,158.417
465.808,473.17944,92.80049,158.417
467.2789,473.66974,92.80049,158.417
466.7886,474.16003,92.80049,158.417
467.2789,474.65033,92.80049,158.417
467.7692,474.16003,92.80049,158.417
469.24008,475.63092,92.80049,158.417
469.757,478.7378,90.821495,155.03871
470.23685,478.25793,90.821495,155.03871
471.67636,479.69745,90.821495,155.03871
474.0322,481.81302,88.8847,151.73247
473.5626,483.22183,88.8847,151.73247
474.0322,481.81302,88.8847,151.73247
475.441,483.22183,88.8847,151.73247
475.9106,483.69144,88.8847,151.73247
476.38022,484.16104,88.8847,151.73247
477.78903,483.69144,88.8847,151.73247
477.31943,484.16104,88.8847,151.73247
478.72824,483.69144,88.8847,151.73247
479.19785,483.22183,88.8847,151.73247
481.50345,485.29236,86.989204,148.49673
482.88223,485.75195,86.989204,148.49673
483.34183,485.29236,86.989204,148.49673
483.80142,484.83276,86.989204,148.49673
484.26102,484.37317,86.989204,148.49673
488.28937,486.3995,85.13413,145.33
488.73914,485.94974,85.13413,145.33
487.3307,483.87537,87.01772,148.54543
487.7904,484.33508,87.01772,148.54543
488.25012,484.7948,87.01772,148.54543
488.70984,485.25452,87.01772,148.54543
489.16956,484.7948,87.01772,148.54543
490.54877,484.33508,87.01772,148.54543
491.00848,483.87537,87.01772,148.54543
491.4682,483.41565,87.01772,148.54543
491.92792,483.87537,87.01772,148.54543
492.38763,483.41565,87.01772,148.54543
492.84735,482.95593,87.01772,148.54543
493.30707,482.49622,87.01772,148.54543
494.68628,482.0365,87.01772,148.54543
495.146,480.6573,87.01772,148.54543
496.51694,484.45673,85.16204,145.37766
496.067,483.10693,85.16204,145.37766
497.41678,483.5569,85.16204,145.37766
497.86673,482.2071,85.16204,145.37766
498.31668,482.65704,85.16204,145.37766
498.76663,482.2071,85.16204,145.37766
498.31668,482.65704,85.16204,145.37766
499.66647,482.2071,85.16204,145.37766
499.21652,482.65704,85.16204,145.37766
499.66647,482.2071,85.16204,145.37766
500.11642,482.65704,85.16204,145.37766
501.45813,485.50818,83.34593,142.27744
503.6201,487.44968,81.56856,139.24333
506.56665,488.51904,79.82909,136.27393
507.82434,489.56558,78.12671,133.36784
508.23712,489.1528,78.12671,133.36784
507.82434,488.74002,78.12671,133.36784
509.85092,488.96854,76.46063,130.52373
509.447,488.5646,76.46063,130.52373
511.43036,489.567,74.830086,127.74027
511.82568,489.17166,74.830086,127.74027
511.43036,488.77634,74.830086,127.74027
513.4071,489.96237,74.830086,127.74027
513.0118,489.56705,74.830086,127.74027
513.4071,489.17172,74.830086,127.74027
515.34814,490.15274,73.234314,125.016174
516.5089,489.76584,73.234314,125.016174
515.34814,488.60507,73.234314,125.016174
517.2827,488.99197,73.234314,125.016174
517.6907,489.95206,71.67257,122.35017
518.06934,489.5734,71.67257,122.35017
519.2053,489.19473,71.67257,122.35017
519.584,488.81607,71.67257,122.35017
520.72,488.4374,71.67257,122.35017
520.3413,488.05875,71.67257,122.35017
521.4773,487.68008,71.67257,122.35017
522.6133,487.30142,71.67257,122.35017
523.0125,488.241,70.14413,119.74101
523.3831,487.8704,70.14413,119.74101
524.4949,486.75864,70.14413,119.74101
523.3831,486.38803,70.14413,119.74101
525.97723,486.01743,70.14413,119.74101
524.8655,484.90567,70.14413,119.74101
526.685,485.82526,68.648285,117.1875
527.04767,485.4626,68.648285,117.1875
528.13574,484.3745,68.648285,117.1875
528.4984,483.28644,68.648285,117.1875
528.13574,482.19836,68.648285,117.1875
529.2238,481.8357,68.648285,117.1875
528.86115,481.47302,68.648285,117.1875
530.67456,479.6596,68.648285,117.1875
531.03723,479.29694,68.648285,117.1875
531.3999,478.20886,68.648285,117.1875
531.03723,477.1208,68.648285,117.1875
532.85065,476.0327,68.648285,117.1875
532.53394,476.9327,67.18434,114.68844
534.3087,475.86783,67.18434,114.68844
535.3672,475.38007,65.75162,112.242676
535.71454,474.33795,65.75162,112.242676
536.08075,475.19992,64.34944,109.84907
537.10065,472.8201,64.34944,109.84907
537.4406,472.48013,64.34944,109.84907
537.7806,470.78024,64.34944,109.84907
538.8005,469.76035,64.34944,109.84907
539.14044,468.06046,64.34944,109.84907
538.8005,467.04056,64.34944,109.84907
540.50037,465.34067,64.34944,109.84907
540.2035,466.18427,62.97717,107.5065
541.8671,464.52063,62.97717,107.5065
540.86896,463.52246,62.97717,107.5065
541.8671,461.85883,62.97717,107.5065
542.8653,460.86066,62.97717,107.5065
543.198,460.52795,62.97717,107.5065
543.5307,459.5298,62.97717,107.5065
543.8634,458.53162,62.97717,107.5065
544.8616,457.53345,62.97717,107.5065
544.5289,456.53528,62.97717,107.5065
544.8616,456.2025,62.97717,107.5065
545.85974,455.8698,62.97717,107.5065
546.19244,454.87164,62.97717,107.5065
547.82605,455.05585,61.634163,105.21389
548.1517,454.07895,61.634163,105.21389
548.4773,453.10205,61.634163,105.21389
550.1054,452.12515,61.634163,105.21389
549.7798,451.79953,61.634163,105.21389
550.1054,451.4739,61.634163,105.21389
551.0823,451.1483,61.634163,105.21389
552.681,451.32855,60.319798,102.97017
552.9997,451.00986,60.319798,102.97017
553.31836,450.69116,60.319798,102.97017
553.637,449.7351,60.319798,102.97017
555.23047,448.77905,60.319798,102.97017
556.18085,449.56982,59.03346,100.7743
555.86896,449.25793,59.03346,100.7743
557.4284,448.32227,59.03346,100.7743
557.7403,448.01038,59.03346,100.7743
558.67596,447.6985,59.03346,100.7743
558.3641,447.3866,59.03346,100.7743
558.67596,446.45093,59.03346,100.7743
559.61163,445.51526,59.03346,100.7743
559.9235,445.20337,59.03346,100.7743
560.8592,444.2677,59.03346,100.7743
561.1711,443.9558,59.03346,100.7743
561.483,443.64392,59.03346,100.7743
564.21674,443.8166,57.77455,98.62526
565.7154,445.16238,56.542492,96.52205
566.6062,446.4795,55.336708,94.463684
567.4833,445.60242,55.336708,94.463684
568.9187,446.89145,54.156635,92.44922
569.20483,446.60532,54.156635,92.44922
571.1612,446.76373,53.001728,90.477715
571.4412,446.4837,53.001728,90.477715
572.2813,445.64365,53.001728,90.477715
572.56134,445.36362,53.001728,90.477715
573.9614,444.52356,53.001728,90.477715
576.41583,445.75818,51.87145,88.54825
577.238,444.93604,51.87145,88.54825
578.0601,444.662,51.87145,88.54825
580.4622,445.34204,50.765274,86.65993
579.1212,444.001,50.765274,86.65993
580.4622,444.26923,50.765274,86.65993
581.8032,443.4646,50.765274,86.65993
582.60785,443.19638,50.765274,86.65993
583.4125,442.39175,50.765274,86.65993
584.2171,442.12354,50.765274,86.65993
585.0217,442.39175,50.765274,86.65993
586.36273,441.58713,50.765274,86.65993
587.6795,441.7356,49.68269,84.81188
588.467,441.4731,49.68269,84.81188
589.7794,441.21063,49.68269,84.81188
591.0682,440.84998,48.62319,83.00324
592.3526,441.10687,48.62319,83.00324
593.61383,441.74432,47.58629,81.23317
594.87085,441.49292,47.58629,81.23317
595.62054,441.14746,46.571495,79.50085
597.3429,441.39352,46.571495,79.50085
597.5889,440.65536,46.571495,79.50085
598.797,441.2659,45.578342,77.805466
600.4435,441.39923,44.60637,76.14624
600.67914,441.6349,44.60637,76.14624
602.3288,440.45654,44.60637,76.14624
603.03156,440.587,43.655125,74.5224
604.18475,441.27893,43.655125,74.5224
604.87256,441.40665,42.724167,72.93319
606.45264,440.7295,42.724167,72.93319
607.1298,440.05234,42.724167,72.93319
608.7099,439.37518,42.724167,72.93319
608.9478,439.93527,41.81306,71.37787
610.4942,439.27255,41.81306,71.37787
610.2733,439.49347,41.81306,71.37787
611.8197,437.9471,41.81306,71.37787
612.92426,438.16803,41.81306,71.37787
613.587,437.5053,41.81306,71.37787
614.2497,436.40076,41.81306,71.37787
614.0288,436.17984,41.81306,71.37787
615.5752,436.84256,41.81306,71.37787
616.67975,435.738,41.81306,71.37787
617.34247,435.0753,41.81306,71.37787
617.56335,435.2962,41.81306,71.37787
618.6679,435.0753,41.81306,71.37787
619.3306,434.41257,41.81306,71.37787
619.99335,433.74985,41.81306,71.37787
621.0979,433.52893,41.81306,71.37787
620.4791,434.0771,40.921383,69.85571
622.7909,434.61356,40.04872,68.36602
623.42566,434.40198,40.04872,68.36602
624.4836,434.1904,40.04872,68.36602
623.8488,434.82516,40.04872,68.36602
625.3299,433.76724,40.04872,68.36602
626.3878,433.97882,40.04872,68.36602
627.44574,433.76724,40.04872,68.36602
628.50366,433.13248,40.04872,68.36602
627.44574,433.76724,40.04872,68.36602
629.35004,432.70932,40.04872,68.36602
629.9848,432.49774,40.04872,68.36602
630.61957,432.28616,40.04872,68.36602
630.40796,432.92093,40.04872,68.36602
631.88904,432.28616,40.04872,68.36602
632.10065,432.49774,40.04872,68.36602
633.15857,431.86298,40.04872,68.36602
634.2165,432.07455,40.04872,68.36602
634.85126,432.28613,40.04872,68.36602
634.63965,432.4977,40.04872,68.36602
635.6976,431.86295,40.04872,68.36602
635.9092,432.07452,40.04872,68.36602
636.9671,432.2861,40.04872,68.36602
637.60187,432.49768,40.04872,68.36602
637.82495,432.61484,39.19467,66.9081
639.2745,431.99362,39.19467,66.9081
640.3099,433.029,39.19467,66.9081
640.9311,432.82193,39.19467,66.9081
641.1382,432.61487,39.19467,66.9081
642.1736,432.4078,39.19467,66.9081
642.7948,433.44318,39.19467,66.9081
643.81146,433.5578,38.358833,65.48126
644.82477,433.35513,38.358833,65.48126
643.8665,434.2487,37.54082,64.084854
645.9873,435.50552,36.740253,62.718224
646.56964,435.3114,36.740253,62.718224
646.76373,435.11728,36.740253,62.718224
647.73425,436.08783,36.740253,62.718224
648.3166,435.5055,36.740253,62.718224
648.5107,434.92316,36.740253,62.718224
649.093,435.11728,36.740253,62.718224
650.4518,435.3114,36.740253,62.718224
650.6459,434.72906,36.740253,62.718224
651.2282,434.9232,36.740253,62.718224
651.807,435.40482,35.956757,61.380737
651.99695,435.5948,35.956757,61.380737
652.56683,435.40482,35.956757,61.380737
653.1367,435.5948,35.956757,61.380737
654.08655,435.40482,35.956757,61.380737
654.65643,435.5948,35.956757,61.380737
654.8464,435.78476,35.956757,61.380737
655.41626,435.97473,35.956757,61.380737
656.74603,435.0249,35.956757,61.380737
656.17615,435.21487,35.956757,61.380737
657.5059,435.0249,35.956757,61.380737
658.45575,435.21487,35.956757,61.380737
658.2658,435.40485,35.956757,61.380737
658.8357,435.21487,35.956757,61.380737
658.64575,435.0249,35.956757,61.380737
659.21564,434.83493,35.956757,61.380737
660.16547,434.265,35.956757,61.380737
660.3554,435.21484,35.956757,61.380737
661.30524,434.64493,35.956757,61.380737
660.77313,435.84872,35.18997,60.071774
662.0745,435.6628,35.18997,60.071774
661.5168,435.4769,35.18997,60.071774
662.44635,435.291,35.18997,60.071774
661.92554,436.8275,34.439533,58.790726
663.1992,436.64557,34.439533,58.790726
663.74506,436.46362,34.439533,58.790726
663.5631,436.28168,34.439533,58.790726
663.74506,436.09973,34.439533,58.790726
664.9892,437.95422,33.7051,57.536995
664.45496,437.06387,33.7051,57.536995
665.34534,436.8858,33.7051,57.536995
665.52344,437.06387,33.7051,57.536995
666.0577,437.24194,33.7051,57.536995
666.2454,438.37033,32.98633,56.31
665.7226,437.8475,32.98633,56.31
666.9425,439.0674,32.98633,56.31
667.11676,438.89313,32.98633,56.31
666.59393,439.0674,32.98633,56.31
667.11676,439.2417,32.98633,56.31
666.9425,439.416,32.98633,56.31
667.8139,438.54462,32.98633,56.31
667.63965,439.06744,32.98633,56.31
667.8139,439.59027,32.98633,56.31
667.98816,438.7189,32.98633,56.31
668.511,439.24173,32.98633,56.31
667.98816,439.76456,32.98633,56.31
668.511,439.24173,32.98633,56.31
668.33673,439.76456,32.98633,56.31
667.8139,439.59027,32.98633,56.31
668.6853,439.416,32.98633,56.31
668.51105,439.59027,32.98633,56.31
668.3368,439.76456,32.98633,56.31
668.51105,440.63593,32.98633,56.31
668.3368,440.46164,32.98633,56.31
668.51105,440.63593,32.98633,56.31
668.6853,441.15875,32.98633,56.31
668.85956,441.68158,32.98633,56.31
669.0338,441.15875,32.98633,56.31
669.2176,442.935,32.282887,55.109173
669.3881,442.76443,32.282887,55.109173
668.53534,442.935,32.282887,55.109173
668.7059,442.4233,32.282887,55.109173
668.8764,441.91162,32.282887,55.109173
669.38806,442.4233,32.282887,55.109173
668.5353,441.57053,32.282887,55.109173
668.7058,441.39996,32.282887,55.109173
669.21747,440.88828,32.282887,55.109173
669.7291,441.39996,32.282887,55.109173
668.87634,440.54718,32.282887,55.109173
669.388,440.71774,32.282887,55.109173
668.87634,440.54718,32.282887,55.109173
669.388,440.37662,32.282887,55.109173
668.5352,439.86493,32.282887,55.109173
669.0469,440.0355,32.282887,55.109173
669.2174,439.1827,32.282887,55.109173
669.38794,439.01215,32.282887,55.109173
668.53516,438.50046,32.282887,55.109173
669.0468,439.01215,32.282887,55.109173
669.5585,438.15936,32.282887,55.109173
668.7057,437.64767,32.282887,55.109173
669.21735,437.81824,32.282887,55.109173
670.0701,437.9888,32.282887,55.109173
669.5585,437.13602,32.282887,55.109173
669.0468,436.28323,32.282887,55.109173
669.8996,436.11267,32.282887,55.109173
669.38794,435.60098,32.282887,55.109173
669.2174,435.77155,32.282887,55.109173
670.0702,435.60098,32.282887,55.109173
669.89966,434.7482,32.282887,55.109173
669.388,434.57764,32.282887,55.109173
669.21747,434.06595,32.282887,55.109173
670.07025,433.21317,32.282887,55.109173
669.5586,432.70148,32.282887,55.109173
669.38806,432.5309,32.282887,55.109173
668.8764,432.01923,32.282887,55.109173
669.7292,431.16644,32.282887,55.109173
669.2175,430.65475,32.282887,55.109173
669.7292,430.4842,32.282887,55.109173
668.8764,429.6314,32.282887,55.109173
669.38806,429.46085,32.282887,55.109173
668.5353,428.60806,32.282887,55.109173
668.7151,429.03128,31.594444,53.933952
668.882,428.86435,31.594444,53.933952
669.04895,428.02975,31.594444,53.933952
669.2159,427.529,31.594444,53.933952
669.7167,427.69592,31.594444,53.933952
668.5482,426.86133,31.594444,53.933952
669.7167,426.02673,31.594444,53.933952
668.5482,425.52597,31.594444,53.933952
669.7167,425.35904,31.594444,53.933952
668.5482,424.85828,31.594444,53.933952
669.7167,423.68982,31.594444,53.933952
668.21436,423.18906,31.594444,53.933952
669.04895,422.6883,31.594444,53.933952
668.54816,421.51984,31.594444,53.933952
669.38275,422.0206,31.594444,53.933952
668.88196,421.186,31.594444,53.933952
668.04736,420.3514,31.594444,53.933952
668.54816,420.18448,31.594444,53.933952
669.04596,420.2769,30.920683,52.783794
668.2735,420.36734,30.26129,51.658165
668.43335,419.56796,30.26129,51.658165
668.91296,419.08832,30.26129,51.658165
667.7938,419.2482,30.26129,51.658165
668.5932,418.12906,30.26129,51.658165
668.43335,418.28894,30.26129,51.658165
668.60187,418.37744,29.61596,50.556538
669.0685,418.46408,28.98439,49.478405
667.6903,418.31094,28.98439,49.478405
668.456,417.239,28.98439,49.478405
667.9966,417.39215,28.98439,49.478405
668.456,417.239,28.98439,49.478405
667.6903,416.77963,28.98439,49.478405
667.5372,415.7077,28.98439,49.478405
667.6903,416.47336,28.98439,49.478405
667.5372,416.01398,28.98439,49.478405
667.38403,415.24832,28.98439,49.478405
666.9246,415.09518,28.98439,49.478405
667.07776,414.32953,28.98439,49.478405
666.00586,414.48267,28.98439,49.478405
666.79736,413.77643,29.62567,50.573116
665.3887,413.6199,29.62567,50.573116
666.17126,413.15036,29.62567,50.573116
665.7017,413.3069,29.62567,50.573116
664.9191,412.5243,29.62567,50.573116
665.3887,412.36777,29.62567,50.573116
665.54517,411.89822,29.62567,50.573116
665.0756,412.36777,29.62567,50.573116
664.293,411.58517,29.62567,50.573116
664.4495,411.11563,29.62567,50.573116
664.606,411.58517,29.62567,50.573116
664.7625,410.80258,29.62567,50.573116
663.3538,410.64606,29.62567,50.573116
664.1364,410.1765,29.62567,50.573116
663.3538,410.33304,29.62567,50.573116
663.82336,409.2374,29.62567,50.573116
662.7277,408.76785,29.62567,50.573116
662.8842,408.92438,29.62567,50.573116
663.0407,408.76785,29.62567,50.573116
662.8842,407.98526,29.62567,50.573116
662.1016,407.82874,29.62567,50.573116
662.57117,407.3592,29.62567,50.573116
663.0407,406.26355,29.62567,50.573116
661.632,406.10703,29.62567,50.573116
662.4146,405.9505,29.62567,50.573116
662.2581,405.48096,29.62567,50.573116
662.1016,404.69836,29.62567,50.573116
661.31903,404.54184,29.62567,50.573116
661.7886,403.75925,29.62567,50.573116
660.69293,403.60272,29.62567,50.573116
660.8494,402.82013,29.62567,50.573116
660.69293,402.6636,29.62567,50.573116
660.53644,402.19406,29.62567,50.573116
661.31903,402.03754,29.62567,50.573116
660.57886,402.1242,28.993893,49.49463
660.73206,401.3583,28.993893,49.49463
660.59827,401.14783,28.37559,48.43914
661.04803,400.6981,28.37559,48.43914
659.99866,400.848,28.37559,48.43914
659.84875,399.79858,28.37559,48.43914
659.99866,399.049,28.37559,48.43914
659.84875,398.8991,28.37559,48.43914
659.0992,398.44937,28.37559,48.43914
659.54895,397.99963,28.37559,48.43914
659.996,398.0826,27.770472,47.406162
659.55585,397.64246,27.770472,47.406162
659.996,397.78918,27.770472,47.406162
658.96893,397.64246,27.770472,47.406162
659.11566,396.61542,27.770472,47.406162
658.96893,396.17526,27.770472,47.406162
658.5288,395.44168,27.770472,47.406162
658.96893,395.29495,27.770472,47.406162
658.23535,395.14822,27.770472,47.406162
658.3821,394.70807,27.770472,47.406162
658.5288,394.56134,27.770472,47.406162
658.3821,394.1212,27.770472,47.406162
657.94196,393.68103,27.770472,47.406162
657.50183,393.82776,27.770472,47.406162
657.94196,392.80072,27.770472,47.406162
656.9149,392.654,27.770472,47.406162
656.7682,393.09415,27.770472,47.406162
656.32806,392.36057,27.770472,47.406162
657.06165,391.9204,27.770472,47.406162
656.0346,391.77368,27.770472,47.406162
656.18134,392.21384,27.770472,47.406162
656.0346,391.77368,27.770472,47.406162
655.5945,391.9204,27.770472,47.406162
656.32806,391.18683,27.770472,47.406162
655.301,391.0401,27.770472,47.406162
655.1543,390.30652,27.770472,47.406162
655.00757,390.74667,27.770472,47.406162
654.274,390.59995,27.770472,47.406162
654.7141,390.45322,27.770472,47.406162
653.6871,390.3065,27.770472,47.406162
653.8338,389.86633,27.770472,47.406162
653.9805,389.42618,27.770472,47.406162
653.8338,389.86633,27.770472,47.406162
653.1002,389.13275,27.770472,47.406162
653.54034,389.27948,27.770472,47.406162
653.6871,389.4262,27.770472,47.406162
652.36664,389.27948,27.770472,47.406162
653.3937,389.13275,27.770472,47.406162
652.6601,388.39917,27.770472,47.406162
652.22,388.83932,27.770472,47.406162
652.6601,388.10574,27.770472,47.406162
651.63306,388.25247,27.770472,47.406162
652.087,388.18472,28.384893,48.455025
651.937,387.73483,28.384893,48.455025
651.4871,387.8848,28.384893,48.455025
651.937,386.83505,28.384893,48.455025
650.88727,386.98502,28.384893,48.455025
651.03723,386.53513,28.384893,48.455025
651.1872,386.98502,28.384893,48.455025
651.03723,386.53513,28.384893,48.455025
650.88727,386.6851,28.384893,48.455025
650.4374,386.83505,28.384893,48.455025
651.1872,386.08524,28.384893,48.455025
650.7373,386.2352,28.384893,48.455025
651.4871,386.38516,28.384893,48.455025
650.7373,386.53513,28.384893,48.455025
651.1872,386.38516,28.384893,48.455025
650.4374,386.2352,28.384893,48.455025
650.58734,386.08524,28.384893,48.455025
650.7373,385.63535,28.384893,48.455025
650.2874,385.7853,28.384893,48.455025
649.8375,385.0355,28.384893,48.455025
649.0877,384.88553,28.384893,48.455025
649.5376,384.73557,28.384893,48.455025
649.68756,385.18546,28.384893,48.455025
649.8375,384.73557,28.384893,48.455025
648.48785,385.18546,28.384893,48.455025
649.5376,385.0355,28.384893,48.455025
649.38763,384.88553,28.384893,48.455025
648.93774,384.73557,28.384893,48.455025
648.1879,385.18546,28.384893,48.455025
648.6378,385.0355,28.384893,48.455025
649.0877,384.88553,28.384893,48.455025
648.03796,384.73557,28.384893,48.455025
647.5881,385.18546,28.384893,48.455025
648.03796,385.0355,28.384893,48.455025
647.5881,384.88553,28.384893,48.455025
648.03796,384.43564,28.384893,48.455025
646.9882,384.88553,28.384893,48.455025
647.1382,384.43564,28.384893,48.455025
646.6883,384.88553,28.384893,48.455025
647.1382,384.43564,28.384893,48.455025
646.38837,384.88553,28.384893,48.455025
646.5383,384.73557,28.384893,48.455025
646.08844,385.18546,28.384893,48.455025
645.63855,384.73557,28.384893,48.455025
645.7885,384.88553,28.384893,48.455025
645.9385,384.43564,28.384893,48.455025
644.88873,384.88553,28.384893,48.455025
644.43884,384.43564,28.384893,48.455025
644.88873,384.88553,28.384893,48.455025
643.839,384.73557,28.384893,48.455025
643.98895,385.18546,28.384893,48.455025
643.839,385.0355,28.384893,48.455025
643.0892,385.18546,28.384893,48.455025
643.53906,385.33542,28.384893,48.455025
643.689,385.7853,28.384893,48.455025
643.53906,385.33542,28.384893,48.455025
643.0892,385.7853,28.384893,48.455025
642.33936,385.63535,28.384893,48.455025
642.78925,386.08524,28.384893,48.455025
642.9392,385.93527,28.384893,48.455025
641.58954,386.08524,28.384893,48.455025
642.0394,385.93527,28.384893,48.455025
640.9897,386.08524,28.384893,48.455025
641.13965,386.2352,28.384893,48.455025
640.68976,386.98502,28.384893,48.455025
641.4396,386.83505,28.384893,48.455025
640.9897,386.98502,28.384893,48.455025
639.93994,387.13498,28.384893,48.455025
640.0899,387.58487,28.384893,48.455025
639.93994,388.6346,28.384893,48.455025
639.79,389.0845,28.384893,48.455025
640.5398,388.93454,28.384893,48.455025
639.79,389.0845,28.384893,48.455025
639.93994,389.5344,28.384893,48.455025
638.8902,389.98428,28.384893,48.455025
638.74023,390.13425,28.384893,48.455025
639.79,390.58414,28.384893,48.455025
639.64,391.03403,28.384893,48.455025
639.1901,390.88406,28.384893,48.455025
638.74023,391.03403,28.384893,48.455025
639.1901,391.184,28.384893,48.455025
638.1404,391.63388,28.384893,48.455025
638.29034,392.3837,28.384893,48.455025
637.84045,392.23373,28.384893,48.455025
637.39056,392.3837,28.384893,48.455025
637.84045,392.53366,28.384893,48.455025
637.09064,392.98355,28.384893,48.455025
637.5405,392.8336,28.384893,48.455025
637.6905,392.68362,28.384893,48.455025
637.5405,393.43344,28.384893,48.455025
637.09064,393.88333,28.384893,48.455025
636.64075,393.73337,28.384893,48.455025
637.09064,394.4832,28.384893,48.455025
636.0409,394.93307,28.384893,48.455025
636.19086,394.4832,28.384893,48.455025
636.0409,395.233,28.384893,48.455025
635.62085,395.8942,27.779577,47.421707
635.18054,395.74744,27.779577,47.421707
635.91437,396.7748,27.779577,47.421707
634.887,396.92157,27.779577,47.421707
634.75885,397.28577,27.18717,46.410423
634.61523,398.00394,27.18717,46.410423
634.1843,398.14758,27.18717,46.410423
634.61523,398.29123,27.18717,46.410423
633.6098,398.72214,27.18717,46.410423
633.7534,400.01486,27.18717,46.410423
633.0352,399.58395,27.18717,46.410423
633.4661,400.87668,27.18717,46.410423
631.8861,400.1585,27.18717,46.410423
632.317,400.87668,27.18717,46.410423
632.7479,401.3076,27.18717,46.410423
631.7425,402.02576,27.18717,46.410423
631.3116,402.1694,27.18717,46.410423
631.7425,402.6003,27.18717,46.410423
630.73706,403.60577,27.18717,46.410423
630.8807,403.74942,27.18717,46.410423
630.44977,403.89307,27.18717,46.410423
629.44434,403.46216,27.18717,46.410423
629.58795,404.75488,27.18717,46.410423
629.15704,405.1858,27.18717,46.410423
629.58795,404.75488,27.18717,46.410423
628.5825,405.47305,27.18717,46.410423
628.4389,405.6167,27.18717,46.410423
628.008,405.76035,27.18717,46.410423
628.4389,406.47852,27.18717,46.410423
627.1462,406.33487,27.18717,46.410423
628.1516,406.19122,27.18717,46.410423
627.4334,406.9094,27.18717,46.410423
626.428,406.4785,27.18717,46.410423
626.5716,407.7712,27.18717,46.410423
626.1407,408.20212,27.18717,46.410423
626.2843,407.7712,27.18717,46.410423
626.4279,409.06393,27.18717,46.410423
625.1352,408.05847,27.18717,46.410423
625.5661,408.48938,27.18717,46.410423
624.8479,409.49484,27.18717,46.410423
624.7043,409.6385,27.18717,46.410423
624.2734,410.0694,27.18717,46.410423
624.7043,409.6385,27.18717,46.410423
623.41156,410.9312,27.18717,46.410423
622.98065,410.21304,27.18717,46.410423
623.69885,410.64395,27.18717,46.410423
622.4061,411.6494,27.18717,46.410423
623.41156,411.50577,27.18717,46.410423
621.83154,411.6494,27.18717,46.410423
622.2759,410.98697,27.788687,47.437252
621.5418,411.1338,27.788687,47.437252
621.6886,411.86786,27.788687,47.437252
620.36725,411.72104,27.788687,47.437252
620.21216,411.65323,28.403511,48.4868
619.76196,412.40353,28.403511,48.4868
620.21216,412.25348,28.403511,48.4868
619.16174,412.40353,28.403511,48.4868
619.01166,412.85373,28.403511,48.4868
618.56146,412.70367,28.403511,48.4868
619.0257,413.25714,29.031939,49.55957
617.3385,413.41052,29.031939,49.55957
617.79865,413.5639,29.031939,49.55957
618.2588,414.02405,29.031939,49.55957
616.87836,414.17743,29.031939,49.55957
617.64526,414.3308,29.031939,49.55957
616.87836,414.79095,29.031939,49.55957
617.03174,414.3308,29.031939,49.55957
615.6513,415.40448,29.031939,49.55957
616.4182,415.55786,29.031939,49.55957
615.95807,416.018,29.031939,49.55957
616.4182,415.55786,29.031939,49.55957
615.0378,416.63153,29.031939,49.55957
614.2709,416.7849,29.031939,49.55957
614.731,416.018,29.031939,49.55957
615.19116,416.47815,29.031939,49.55957
613.8107,417.24506,29.031939,49.55957
614.57764,417.09167,29.031939,49.55957
613.50397,417.55182,29.031939,49.55957
613.65735,418.01196,29.031939,49.55957
613.1972,417.85858,29.031939,49.55957
612.73706,418.01196,29.031939,49.55957
612.89044,418.16534,29.031939,49.55957
612.73706,418.93225,29.031939,49.55957
611.97015,418.77887,29.031939,49.55957
612.4303,418.93225,29.031939,49.55957
611.6634,419.08563,29.031939,49.55957
611.51,419.85254,29.031939,49.55957
610.7431,419.69916,29.031939,49.55957
611.20325,421.0796,29.031939,49.55957
609.8228,420.61945,29.031939,49.55957
610.5897,421.0796,29.031939,49.55957
609.8228,420.61945,29.031939,49.55957
609.9762,421.6931,29.031939,49.55957
609.2509,421.77805,28.412825,48.502697
609.70123,421.92816,28.412825,48.502697
609.8513,422.07828,28.412825,48.502697
608.5003,422.52863,28.412825,48.502697
609.25085,423.5794,28.412825,48.502697
607.89984,423.4293,28.412825,48.502697
607.4495,423.5794,28.412825,48.502697
608.2001,424.02975,28.412825,48.502697
607.1493,423.5794,28.412825,48.502697
607.2994,424.32996,28.412825,48.502697
606.84906,424.48007,28.412825,48.502697
606.0985,424.6302,28.412825,48.502697
606.5488,425.08054,28.412825,48.502697
606.0985,424.6302,28.412825,48.502697
605.0477,425.08054,28.412825,48.502697
605.1978,424.93042,28.412825,48.502697
605.0477,424.7803,28.412825,48.502697
604.2972,424.32996,28.412825,48.502697
604.7475,425.68097,28.412825,48.502697
604.8976,425.8311,28.412825,48.502697
602.9461,425.08054,28.412825,48.502697
603.099,424.6997,29.041458,49.57582
603.25244,424.85315,29.041458,49.57582
602.7921,425.31345,29.041458,49.57582
602.02496,424.85315,29.041458,49.57582
601.8715,425.6203,29.041458,49.57582
601.7181,425.46686,29.041458,49.57582
600.9509,425.31342,29.041458,49.57582
601.41125,425.46686,29.041458,49.57582
601.5647,425.6203,29.041458,49.57582
600.1838,425.77374,29.041458,49.57582
600.9509,426.5409,29.041458,49.57582
599.8769,426.0806,29.041458,49.57582
600.03033,426.84775,29.041458,49.57582
599.8769,426.6943,29.041458,49.57582
599.10974,426.54086,29.041458,49.57582
599.57007,426.38742,29.041458,49.57582
598.49603,426.54086,29.041458,49.57582
598.0357,426.6943,29.041458,49.57582
598.80286,427.1546,29.041458,49.57582
597.7288,427.6149,29.041458,49.57582
597.88226,427.46146,29.041458,49.57582
597.42194,427.308,29.041458,49.57582
598.1891,427.15457,29.041458,49.57582
597.11505,428.2286,29.041458,49.57582
597.2685,427.46146,29.041458,49.57582
596.80817,427.6149,29.041458,49.57582
596.34784,427.76834,29.041458,49.57582
596.80817,428.22864,29.041458,49.57582
596.041,427.76834,29.041458,49.57582
596.50134,428.22864,29.041458,49.57582
595.1204,427.76834,29.041458,49.57582
596.19446,428.22864,29.041458,49.57582
596.041,428.0752,29.041458,49.57582
595.5807,429.14923,29.041458,49.57582
595.12036,428.9958,29.041458,49.57582
595.8875,428.84235,29.041458,49.57582
595.4272,428.6889,29.041458,49.57582
596.19434,428.53546,29.041458,49.57582
595.4272,428.6889,29.041458,49.57582
595.5806,428.53546,29.041458,49.57582
594.5066,428.38202,29.041458,49.57582
594.66003,428.53546,29.041458,49.57582
594.5066,428.6889,29.041458,49.57582
594.35315,428.53546,29.041458,49.57582
595.1203,428.38202,29.041458,49.57582
594.66,428.22858,29.041458,49.57582
594.19965,427.76828,29.041458,49.57582
594.9668,429.45605,29.041458,49.57582
594.19965,428.6889,29.041458,49.57582
594.66,429.1492,29.041458,49.57582
593.8928,429.6095,29.041458,49.57582
594.35315,428.84235,29.041458,49.57582
594.8135,429.91638,29.041458,49.57582
594.35315,430.37668,29.041458,49.57582
594.8135,430.53012,29.041458,49.57582
594.35315,430.68356,29.041458,49.57582
594.5066,431.14386,29.041458,49.57582
593.43256,432.2179,29.041458,49.57582
594.1859,433.19016,28.42214,48.5186
593.76526,435.0101,27.816029,47.483925
592.5037,437.6411,27.222843,46.471317
592.9352,440.9491,27.222843,46.471317
592.8096,442.415,26.642307,45.4803
593.51337,444.52637,26.642307,45.4803
592.3051,444.8756,26.074152,44.510418
592.7184,446.66644,26.074152,44.510418
593.13165,444.8756,26.074152,44.510418
592.21466,446.0141,25.518112,43.56122
594.9557,453.1058,24.97393,42.632263
595.8793,455.87662,24.97393,42.632263
596.80286,457.85577,24.97393,42.632263
597.75854,459.98508,25.526478,43.5755
596.4967,460.7623,26.091251,44.539608
595.2561,459.52167,26.091251,44.539608
594.5669,459.10812,26.091251,44.539608
596.0832,460.62442,26.091251,44.539608
597.2915,462.0294,25.534847,43.589787
609.46594,475.68372,26.099806,44.55421
609.0342,476.76453,26.677263,45.539974
611.7121,477.75113,26.677263,45.539974
611.0074,479.30148,26.677263,45.539974
609.98114,480.69867,27.267498,46.547546
608.9321,485.41495,27.87079,47.57741
608.1655,486.26355,28.487432,48.630062
607.6943,487.75552,29.117718,49.706
607.8481,489.44772,29.117718,49.706
608.0019,491.13992,29.117718,49.706
608.77106,493.1398,29.117718,49.706
608.3096,495.75504,29.117718,49.706
609.07874,497.13956,29.117718,49.706
608.9249,498.83176,29.117718,49.706
609.07874,500.52396,29.117718,49.706
608.9162,505.56027,29.761948,50.805748
609.0734,506.66092,29.761948,50.805748
608.9162,507.4471,29.761948,50.805748
608.759,508.86227,29.761948,50.805748
608.2666,512.37866,30.420431,51.929825
609.7131,513.82513,30.420431,51.929825
609.8825,515.773,29.771706,50.822407
609.7252,517.8178,29.771706,50.822407
609.56793,519.8626,29.771706,50.822407
609.72815,522.40094,30.430405,51.946854
610.5175,524.6594,29.781467,50.839073
611.6189,526.3902,29.781467,50.839073
610.83215,528.121,29.781467,50.839073
610.6748,529.85175,29.781467,50.839073
610.18207,532.71747,30.440382,51.963886
610.0122,534.31177,31.113876,53.113586
610.18555,536.304,30.450363,51.980923
612.8361,539.1842,29.801,50.872414
612.3638,540.91614,29.801,50.872414
611.8914,543.27783,29.801,50.872414
611.39844,548.10565,30.460348,51.997967
610.91565,548.9103,30.460348,51.997967
612.0422,550.35864,30.460348,51.997967
611.8812,552.12885,30.460348,51.997967
611.7203,554.22095,30.460348,51.997967
611.2163,559.1555,31.134283,53.148422
611.0518,559.649,31.134283,53.148422
610.19543,560.9383,31.82313,54.32433
611.345,562.976,31.144491,53.165848
611.1804,564.4569,31.144491,53.165848
611.6741,570.21594,31.144491,53.165848
611.8386,571.03864,31.144491,53.165848
612.3323,572.51953,31.144491,53.165848
612.82294,574.5138,30.480326,52.03207
612.3187,578.11505,31.154703,53.18328
612.1541,579.2672,31.154703,53.18328
613.5968,581.8967,30.49032,52.049133
613.4357,584.9574,30.49032,52.049133
613.27466,586.4071,30.49032,52.049133
612.436,591.3466,31.164919,53.20072
612.2713,592.8285,31.164919,53.20072
612.09735,595.144,31.854443,54.37779
612.2656,596.322,31.854443,54.37779
614.0652,598.36176,31.175137,53.218166
614.23883,600.993,30.510317,52.08327
617.5162,605.7432,29.859674,50.97258
615.38544,606.325,30.520319,52.10035
614.5459,610.60016,31.195581,53.25307
614.3811,611.75385,31.195581,53.25307
614.2163,613.5668,31.195581,53.25307
615.0255,616.83514,30.530327,52.11743
614.8642,620.2224,30.530327,52.11743
614.7029,621.67413,30.530327,52.11743
616.1546,624.0936,30.530327,52.11743
615.6707,625.54535,30.530327,52.11743
617.39545,631.23157,29.87926,51.006012
615.9185,632.1413,30.540339,52.13452
615.43445,634.2389,30.540339,52.13452
615.2731,637.62726,30.540339,52.13452
615.1117,639.4021,30.540339,52.13452
617.148,643.22394,29.889057,51.022736
617.0101,645.4422,29.251663,49.93466
616.8555,649.92395,29.251663,49.93466
619.9977,650.9033,28.627863,48.86979
619.57404,653.3195,28.017365,47.827625
618.8034,657.55115,28.637249,48.88581
618.3495,658.6102,28.637249,48.88581
617.56177,662.93555,29.270847,49.96741
617.0775,664.14764,29.918465,51.07294
617.2442,666.36816,29.280445,49.983795
618.94586,672.4013,29.280445,49.983795
619.10895,674.5744,28.65603,48.917877
619.26855,676.1175,28.044931,47.874687
622.281,678.77014,27.446865,46.853745
621.8748,680.8071,26.861553,45.854576
621.4491,684.92267,26.861553,45.854576
621.0234,687.6191,26.861553,45.854576
624.45593,688.2448,26.288723,44.876713
623.4446,691.0626,26.870361,45.86961
657.1705,651.2298,27.464869,46.884476
655.86456,648.1826,27.464869,46.884476
656.8567,650.50073,26.879171,45.88465
656.1852,655.78064,26.305965,44.906147
656.5996,656.92926,25.744984,43.94851
657.0077,661.1458,25.744984,43.94851
657.4133,664.6297,25.195965,43.011295
656.5272,666.24304,24.658653,42.094067
657.6997,670.2816,24.658653,42.094067
656.8325,674.37195,24.1328,41.1964
658.235,675.00946,24.1328,41.1964
658.6294,678.91895,24.666737,42.10787
657.5107,682.5082,24.14071,41.209904
659.12036,683.07056,23.625902,40.33109
660.74304,686.1911,23.625902,40.33109
659.6715,688.907,23.122072,39.471016
661.2132,692.036,22.628986,38.629284
661.0936,694.54663,22.628986,38.629284
658.9828,696.2279,23.129652,39.483955
649.21826,661.94037,23.641396,40.357536
648.0941,662.5649,23.641396,40.357536
649.96765,666.6867,23.641396,40.357536
649.05817,668.7024,24.164461,41.250446
649.6965,671.89404,24.164461,41.250446
648.5475,673.2984,24.164461,41.250446
650.53186,677.2131,24.6991,42.163113
649.4117,681.56165,24.172384,41.263973
651.0719,683.4773,24.172384,41.263973
649.92255,683.8604,24.172384,41.263973
649.52264,683.53644,24.7072,42.176937
651.2196,683.667,24.7072,42.176937
650.3507,684.7458,24.180311,41.2775
650.47845,685.64,24.180311,41.2775
649.62805,687.68085,23.66466,40.397243
650.7533,689.5562,23.66466,40.397243
649.439,691.79456,23.160004,39.53576
650.27563,690.4471,22.66611,38.692646
649.1979,686.2558,22.66611,38.692646
650.3138,685.7035,23.167597,39.54872
650.43616,684.8467,23.167597,39.54872
649.57935,685.4587,23.167597,39.54872
649.7017,685.82587,23.167597,39.54872
650.0689,686.6827,23.167597,39.54872
648.54626,688.4021,22.67354,38.705334
650.0581,689.85394,22.19002,37.879932
650.4098,687.62646,22.19002,37.879932
649.1202,686.57135,22.19002,37.879932
650.4098,686.6886,22.19002,37.879932
648.88574,686.3369,22.19002,37.879932
650.4647,686.0395,22.680973,38.718025
650.58453,686.399,22.680973,38.718025
649.55597,687.8513,22.197294,37.892353
650.81,689.72485,21.72393,37.084286
650.046,691.55835,21.26066,36.293453
651.05695,693.6925,21.26066,36.293453
650.0927,692.4555,20.80727,35.519485
651.74164,689.7073,20.80727,35.519485
650.75226,689.8172,20.80727,35.519485
651.08203,688.608,20.80727,35.519485
652.0714,689.1576,20.80727,35.519485
651.08203,689.7072,20.80727,35.519485
651.85156,691.1363,20.80727,35.519485
650.9079,692.8925,20.363548,34.76202
651.6435,694.4038,19.929289,34.02071
651.11707,692.82446,19.929289,34.02071
651.87976,690.1541,20.370224,34.77342
652.41785,688.75507,20.370224,34.77342
652.52747,688.03546,20.820915,35.54278
652.4175,688.58545,20.820915,35.54278
652.7475,689.7955,20.820915,35.54278
653.49963,691.12866,20.376904,34.78482
652.5755,692.641,19.94236,34.043022
653.9452,694.0107,19.94236,34.043022
654.68274,692.00885,19.94236,34.043022
655.22736,689.3367,20.383585,34.796223
655.5504,688.7982,20.383585,34.796223
655.8735,689.3367,20.383585,34.796223
656.19653,689.8751,20.383585,34.796223
656.5177,691.38794,19.948898,34.054184
656.2225,692.6653,19.523481,33.32797
656.7289,693.7166,19.107138,32.61724
656.05695,695.52386,18.699673,31.921669
657.1437,693.84436,18.699673,31.921669
658.03284,694.14075,18.699673,31.921669
658.7485,690.4051,19.113403,32.627937
658.27094,692.9916,18.705805,31.932137
659.1604,692.1021,18.705805,31.932137
659.4569,690.8174,18.705805,31.932137
659.95105,692.1021,18.705805,31.932137
659.1027,692.9188,18.306898,31.251175
659.5863,693.7893,18.306898,31.251175
660.6502,695.0467,18.306898,31.251175
661.12506,696.59186,17.916498,30.584734
661.22485,698.469,17.534424,29.932505
662.2439,696.3383,17.534424,29.932505
662.9149,693.0277,17.922373,30.59476
663.7671,692.55426,17.922373,30.59476
663.4706,692.314,18.318905,31.27167
664.1481,693.37866,18.318905,31.27167
663.1307,694.1786,17.92825,30.604792
663.7937,695.2205,17.92825,30.604792
664.98914,696.5511,17.545923,29.952135
665.26556,697.85333,17.171751,29.313396
666.2635,696.8554,17.171751,29.313396
667.10895,693.6133,17.551676,29.961956
667.75806,693.52057,17.551676,29.961956
668.03625,693.42786,17.551676,29.961956
668.31445,693.14966,17.551676,29.961956
667.47986,693.6133,17.551676,29.961956
668.31445,694.2624,17.551676,29.961956
668.59265,694.9115,17.551676,29.961956
669.24176,695.9315,17.551676,29.961956
668.44574,697.4129,17.177382,29.323008
669.2625,696.05164,17.177382,29.323008
670.4423,696.8684,17.177382,29.323008
671.288,693.6252,17.55743,29.971779
672.1524,692.81244,17.945889,30.634905
671.2991,692.9072,17.945889,30.634905
672.1524,693.002,17.945889,30.634905
672.4368,693.6657,17.945889,30.634905
673.12366,694.4088,18.342941,31.312702
672.4786,695.5834,17.951773,30.644949
672.9528,697.19574,17.951773,30.644949
673.8064,695.7731,17.951773,30.644949
674.4703,694.1607,17.951773,30.644949
675.13416,695.0143,17.951773,30.644949
675.98773,692.8329,17.951773,30.644949
676.8413,692.73804,17.951773,30.644949
677.12585,693.0226,17.951773,30.644949
675.8929,693.11743,17.951773,30.644949
677.12585,693.7813,17.951773,30.644949
677.81287,694.52466,18.348955,31.322968
678.29755,695.7849,18.348955,31.322968
677.6523,697.1467,17.957659,30.654995
678.50616,695.9133,17.957659,30.654995
679.73956,693.92096,17.957659,30.654995
680.4037,694.20557,17.957659,30.654995
681.0678,693.3517,17.957659,30.654995
681.55817,692.5204,18.354973,31.333237
682.0594,691.0671,18.761076,32.026485
682.5717,691.0213,19.176165,32.735073
681.6599,692.13574,19.176165,32.735073
682.77435,693.4528,19.176165,32.735073
683.28094,694.7699,19.176165,32.735073
683.9901,696.4922,19.176165,32.735073
683.8888,694.7699,19.176165,32.735073
684.8006,692.845,19.176165,32.735073
686.0792,693.6823,18.767227,32.036987
686.5917,690.1389,19.182451,32.745804
687.11554,689.46124,19.606863,33.470306
687.436,689.4134,20.040665,34.21084
687.9654,689.5193,20.040665,34.21084
687.01245,690.68396,20.040665,34.21084
688.1771,692.0604,20.040665,34.21084
688.9183,693.6486,20.040665,34.21084
688.1771,692.27216,20.040665,34.21084
688.9183,693.2251,20.040665,34.21084
689.90497,690.5398,20.484064,34.967754
690.0132,690.86444,20.484064,34.967754
690.77075,690.1069,20.484064,34.967754
689.7582,689.3832,20.937275,35.741417
691.19617,689.4938,20.937275,35.741417
691.74927,689.3832,20.937275,35.741417
691.85986,689.4938,20.937275,35.741417
692.1917,690.4893,20.937275,35.741417
692.73486,691.61676,20.490782,34.97922
692.2229,693.34625,20.05381,34.23328
693.1516,695.0388,19.626156,33.503246
693.87744,692.65393,19.626156,33.503246
694.3959,692.7576,19.626156,33.503246
695.1469,689.4824,20.060385,34.244507
695.6947,687.89404,20.504221,35.002167
696.47943,687.3945,20.957876,35.77659
696.3624,687.5731,21.42157,36.568146
695.3439,688.81805,21.42157,36.568146
695.9098,689.8366,21.42157,36.568146
696.92834,691.76056,21.42157,36.568146
696.8152,693.9109,21.42157,36.568146
697.381,692.66595,21.42157,36.568146
698.6705,689.5608,21.895521,37.377216
697.45447,690.7398,21.428593,36.580135
698.6998,687.68304,21.428593,36.580135
699.7548,686.69104,21.9027,37.38947
698.48193,687.26965,21.9027,37.38947
700.2177,687.15393,21.9027,37.38947
700.33344,687.5011,21.9027,37.38947
700.6806,688.774,21.9027,37.38947
700.5649,690.0469,21.9027,37.38947
699.7946,691.8955,21.43562,36.59213
700.7873,690.8667,20.978498,35.81179
701.1178,692.6373,20.531126,35.04809
701.8771,689.2747,20.531126,35.04809
702.43774,688.54944,20.985376,35.823532
703.8791,688.8821,20.985376,35.823532
702.8812,689.43646,20.985376,35.823532
703.8791,690.4343,20.985376,35.823532
703.56854,691.99176,20.537857,35.059586
704.1013,694.14355,20.09988,34.311928
704.84467,692.1259,20.09988,34.311928
705.588,692.4445,20.09988,34.311928
704.5944,688.2088,20.54459,35.07108
705.8311,688.1586,20.99914,35.847027
705.0545,688.93524,20.99914,35.847027
705.8311,690.59937,20.99914,35.847027
706.3858,692.0416,20.99914,35.847027
707.1444,694.24176,20.551327,35.082577
707.9045,692.39594,20.551327,35.082577
708.0151,688.5157,21.006025,35.85878
708.8189,688.23413,21.470783,36.652157
707.798,688.12067,21.470783,36.652157
708.8189,689.1416,21.470783,36.652157
707.798,690.3894,21.470783,36.652157
707.9176,692.2016,21.012913,35.870537
708.6947,694.08887,21.012913,35.870537
709.0278,692.2016,21.012913,35.870537
710.29266,687.31274,21.477823,36.664173
711.087,687.1993,21.477823,36.664173
711.65436,687.76666,21.477823,36.664173
712.44867,689.46875,21.477823,36.664173
712.1083,691.39777,21.477823,36.664173
711.9948,693.3268,21.477823,36.664173
712.7891,690.94385,21.477823,36.664173
712.9047,687.3596,21.95302,37.47537
713.4846,687.01166,21.95302,37.47537
714.76044,687.1276,21.95302,37.47537
713.94855,687.9395,21.95302,37.47537
714.7887,688.8486,22.43873,38.304512
713.54254,691.1995,21.960218,37.487656
714.1226,688.76306,21.960218,37.487656
715.2038,686.06134,22.446089,38.31707
715.79675,685.4684,22.446089,38.31707
715.9175,685.65967,22.942709,39.164837
716.766,686.993,22.942709,39.164837
715.9175,688.3263,22.942709,39.164837
716.9799,690.02905,22.45345,38.329636
717.3358,686.8261,22.45345,38.329636
718.1662,687.182,22.45345,38.329636
718.75934,688.24963,22.45345,38.329636
720.0642,690.2663,22.45345,38.329636
718.2848,687.3006,22.45345,38.329636
719.3524,687.6565,22.45345,38.329636
720.6573,687.3006,22.45345,38.329636
720.53864,688.3682,22.45345,38.329636
719.9777,690.7207,21.974623,37.512245
721.0596,687.29443,22.460812,38.342205
720.04095,687.8176,21.981829,37.524548
721.3184,687.7015,21.981829,37.524548
722.1125,689.3329,21.51306,36.724327
721.5442,688.5373,21.51306,36.724327
722.79443,688.65094,21.51306,36.724327
721.5442,689.6739,21.51306,36.724327
722.79443,688.8783,21.51306,36.724327
722.4534,689.2193,21.51306,36.724327
723.249,690.69684,21.51306,36.724327
724.544,687.5784,21.989037,37.536854
723.96313,687.6946,21.989037,37.536854
725.4734,688.0431,21.989037,37.536854
726.05426,688.8563,21.989037,37.536854
726.4007,688.6967,21.520113,36.73637
726.5144,689.72,21.520113,36.73637
727.0829,688.9241,21.520113,36.73637
727.8788,689.49255,21.520113,36.73637
728.21985,687.1049,21.520113,36.73637
727.8788,689.26514,21.520113,36.73637
728.6747,688.01447,21.520113,36.73637
729.01575,689.94727,21.520113,36.73637
729.5842,688.924,21.520113,36.73637
730.8349,688.58295,21.520113,36.73637
729.81165,689.37885,21.520113,36.73637
731.2897,686.9912,21.520113,36.73637
731.85815,688.924,21.520113,36.73637
731.5171,689.0377,21.520113,36.73637
732.76776,690.061,21.520113,36.73637
732.8815,688.58295,21.520113,36.73637
733.22253,688.924,21.520113,36.73637
734.70056,689.2651,21.520113,36.73637
735.2588,691.5197,21.06119,35.952957
734.44855,688.2359,21.527168,36.748417
735.6996,688.5771,21.527168,36.748417
737.1781,688.6908,21.527168,36.748417
736.38196,689.032,21.527168,36.748417
737.4056,689.8281,21.527168,36.748417
737.5193,688.5771,21.527168,36.748417
737.633,688.9183,21.527168,36.748417
738.88403,688.3496,21.527168,36.748417
739.2252,688.4633,21.527168,36.748417
739.3389,689.48694,21.527168,36.748417
740.1166,692.18085,21.068094,35.964745
739.3374,688.95294,21.068094,35.964745
740.56177,689.28687,21.068094,35.964745
741.56354,689.6208,21.068094,35.964745
742.11005,690.3261,20.61881,35.197784
742.219,690.8708,20.61881,35.197784
742.75385,693.241,20.179108,34.44718
743.5001,690.36255,20.179108,34.44718
743.1803,690.8956,20.179108,34.44718
744.1398,690.14935,20.179108,34.44718
743.2246,691.4414,19.748781,33.712585
744.7897,691.7544,19.748781,33.712585
746.5087,692.8179,19.327633,32.993656
745.3855,692.1031,19.327633,32.993656
746.71295,693.839,19.327633,32.993656
747.8764,690.82544,19.755257,33.72364
746.5196,690.09485,19.755257,33.72364
747.8764,690.6167,19.755257,33.72364
747.1458,691.7648,19.755257,33.72364
748.5026,689.9905,19.755257,33.72364
749.6918,689.7257,20.19234,34.469776
750.02185,689.89777,20.639097,35.232418
748.6043,691.0972,20.639097,35.232418
750.2399,689.4616,20.639097,35.232418
751.00323,688.9164,20.639097,35.232418
750.458,689.6797,20.639097,35.232418
752.0936,690.443,20.639097,35.232418
752.2027,688.3712,20.639097,35.232418
751.687,690.53357,20.198963,34.481075
753.7146,690.0,20.198963,34.481075
754.0347,690.747,20.198963,34.481075
752.43396,692.13434,20.198963,34.481075
753.8713,688.9849,20.645864,35.24397
752.45325,688.87585,20.645864,35.24397
754.1487,688.5991,21.102654,36.023743
754.92914,688.4877,21.102654,36.023743
755.93256,689.26807,21.102654,36.023743
756.04407,690.0486,21.102654,36.023743
755.04065,688.1532,21.102654,36.023743
755.8211,688.4877,21.102654,36.023743
757.2705,689.4911,21.102654,36.023743
756.3135,689.12305,20.652634,35.255524
757.73193,689.66864,20.652634,35.255524
756.74994,690.21423,20.652634,35.255524
757.9502,691.1962,20.652634,35.255524
758.4958,689.1231,20.652634,35.255524
759.2596,689.6687,20.652634,35.255524
759.5869,688.6867,20.652634,35.255524
760.7872,689.2323,20.652634,35.255524
759.5869,690.65076,20.652634,35.255524
761.22363,692.5057,20.652634,35.255524
760.24164,689.12317,20.652634,35.255524
761.4419,689.66876,20.652634,35.255524
761.9875,688.68677,20.652634,35.255524
762.3148,689.0141,20.652634,35.255524
762.42395,689.7779,20.652634,35.255524
763.18774,690.7599,20.652634,35.255524
763.09247,692.7133,20.21221,34.50369
763.20123,689.11865,20.659405,35.267082
763.9653,689.4461,20.659405,35.267082
764.2927,688.9004,20.659405,35.267082
765.05676,689.4461,20.659405,35.267082
765.3842,689.9918,20.659405,35.267082
764.6202,690.9742,20.659405,35.267082
766.2574,689.337,20.659405,35.267082
765.275,689.4461,20.659405,35.267082
766.03906,689.337,20.659405,35.267082
766.5848,689.8827,20.659405,35.267082
767.7854,690.21014,20.659405,35.267082
766.80304,691.1925,20.659405,35.267082
768.27313,688.1978,21.116493,36.047367
767.04596,688.3094,21.116493,36.047367
768.05005,688.6441,21.116493,36.047367
768.831,688.0863,21.116493,36.047367
770.50446,689.3135,21.116493,36.047367
769.94666,690.7638,21.116493,36.047367
769.1343,686.77686,21.583696,36.844913
771.1434,686.7242,22.061235,37.660107
770.09436,687.54004,22.061235,37.660107
771.8427,687.8897,22.061235,37.660107
773.1248,688.4725,22.061235,37.660107
772.34894,690.3345,21.590773,36.856995
772.9193,687.4828,21.590773,36.856995
772.12085,687.5968,21.590773,36.856995
774.28815,687.9391,21.590773,36.856995
775.0866,688.28125,21.590773,36.856995
775.657,688.8517,21.590773,36.856995
775.9992,688.9657,21.590773,36.856995
776.1133,688.8517,21.590773,36.856995
776.22736,688.9657,21.590773,36.856995
778.1665,688.8517,21.590773,36.856995
777.36804,688.9657,21.590773,36.856995
778.39465,689.53613,21.590773,36.856995
779.1931,687.3688,21.590773,36.856995
779.53534,687.71106,21.590773,36.856995
780.3338,688.5095,21.590773,36.856995
780.9042,688.3954,21.590773,36.856995
780.1449,688.8983,21.130342,36.071007
781.81946,689.4565,21.130342,36.071007
782.8242,687.55865,21.130342,36.071007
783.60565,688.1168,21.130342,36.071007
783.94055,688.89825,21.130342,36.071007
783.3824,687.8935,21.130342,36.071007
784.6104,688.45166,21.130342,36.071007
785.1686,689.6797,21.130342,36.071007
785.2802,686.8888,21.130342,36.071007
785.6151,687.6702,21.130342,36.071007
786.6554,687.3871,21.59785,36.86908
787.45416,687.27295,21.59785,36.86908
788.0247,687.61523,21.59785,36.86908
786.99774,688.6422,21.59785,36.86908
788.0247,690.58203,21.59785,36.86908
788.37775,686.26746,22.075703,37.684807
788.72766,686.3841,22.075703,37.684807
789.8145,686.08826,22.564127,38.51858
790.1721,686.9227,22.564127,38.51858
791.0066,687.5188,22.564127,38.51858
789.5236,688.9636,22.082941,37.697163
790.7711,691.72705,21.612015,36.89326
791.11365,688.4158,21.612015,36.89326
791.6846,688.3016,21.612015,36.89326
792.2555,687.73065,21.612015,36.89326
792.598,688.0732,21.612015,36.89326
792.94055,689.1008,21.612015,36.89326
791.87225,685.9681,22.090181,37.709526
791.99115,685.4298,22.578926,38.54385
792.5876,685.5491,22.578926,38.54385
792.7091,684.9989,23.078485,39.396633
793.5626,685.6085,23.078485,39.396633
793.9284,686.7059,23.078485,39.396633
794.05035,688.5348,23.078485,39.396633
794.42755,684.4304,23.589096,40.268284
793.05664,684.8043,23.589096,40.268284
794.42755,685.1782,23.589096,40.268284
795.2999,685.30286,23.589096,40.268284
795.42456,686.17523,23.589096,40.268284
795.0755,688.1662,23.086052,39.40955
795.95905,684.81976,23.59683,40.281487
794.3384,684.69507,23.59683,40.281487
795.4604,685.0691,23.59683,40.281487
796.33307,685.4431,23.59683,40.281487
796.45776,686.06647,23.59683,40.281487
797.1021,687.3023,24.11891,41.172714
795.70044,683.60693,24.11891,41.172714
796.0827,683.7344,24.11891,41.172714
796.9747,684.3715,24.11891,41.172714
797.1021,684.2441,24.11891,41.172714
797.9941,685.3909,24.11891,41.172714
798.37634,687.0475,24.11891,41.172714
798.2489,683.8618,24.11891,41.172714
797.84985,683.803,24.65254,42.08366
796.9381,683.9332,24.65254,42.08366
798.3308,684.5075,24.126818,41.186214
799.2231,685.3998,24.126818,41.186214
800.11536,687.31177,24.126818,41.186214
798.6582,683.28546,24.660624,42.097458
799.0612,683.2253,25.20624,43.028866
799.1969,681.7821,25.763927,43.98088
798.2441,682.1904,25.763927,43.98088
798.9247,683.14325,25.763927,43.98088
800.1497,684.64056,25.763927,43.98088
799.44104,680.341,26.333954,44.953957
798.7454,680.4801,26.333954,44.953957
799.1628,680.6192,26.333954,44.953957
800.4149,681.3148,26.333954,44.953957
799.44104,681.7322,26.333954,44.953957
801.19696,683.68665,25.772375,43.9953
801.8655,686.91174,25.22277,43.057087
802.53174,683.5803,25.22277,43.057087
801.3324,683.4471,25.22277,43.057087
801.7446,682.55597,25.780825,44.009724
801.336,682.6922,25.780825,44.009724
802.017,684.1905,25.780825,44.009724
802.94836,686.36646,25.231041,43.0712
803.08167,683.03394,25.231041,43.0712
803.21497,683.43384,25.231041,43.0712
804.18054,683.9254,25.789278,44.02415
805.1675,684.4279,26.359865,44.998184
804.4711,680.9463,26.359865,44.998184
802.6607,680.807,26.359865,44.998184
803.35706,680.9463,26.359865,44.998184
802.9393,681.92114,26.359865,44.998184
804.1927,682.6175,26.359865,44.998184
805.1449,684.57385,25.797733,44.038586
804.4353,680.2687,26.368507,45.01294
804.5746,680.40796,26.368507,45.01294
804.71387,680.2687,26.368507,45.01294
805.689,680.9652,26.368507,45.01294
806.91016,683.1908,25.80619,44.053024
807.0539,685.89453,25.255865,43.11358
807.4667,681.67975,25.814651,44.067467
805.96643,682.0889,25.814651,44.067467
808.0122,682.7709,25.814651,44.067467
808.69415,683.99835,25.814651,44.067467
809.64886,686.58966,25.814651,44.067467
809.5298,689.55725,25.264147,43.127716
805.5113,680.9097,25.823116,44.081917
805.93335,680.2805,26.394453,45.057228
806.6306,680.69885,26.394453,45.057228
808.16455,682.2328,26.394453,45.057228
809.6985,684.6034,26.394453,45.057228
807.04895,681.1172,26.394453,45.057228
808.30396,681.5355,26.394453,45.057228
809.0012,682.51166,26.394453,45.057228
809.9547,683.933,25.831583,44.09637
810.6371,686.25305,25.831583,44.09637
808.04407,681.2035,25.831583,44.09637
809.27234,681.6129,25.831583,44.09637
809.4088,682.8412,25.831583,44.09637
810.6371,684.3424,25.831583,44.09637
811.31946,687.4813,25.831583,44.09637
808.72644,684.61536,25.831583,44.09637
809.1486,680.3045,26.403107,45.072002
809.84607,681.00195,26.403107,45.072002
811.1015,681.9784,26.403107,45.072002
810.44183,683.9379,25.840052,44.11083
808.9401,682.4362,25.840052,44.11083
810.44183,683.11884,25.840052,44.11083
811.71405,683.0558,26.411762,45.08678
812.1327,683.7535,26.411762,45.08678
810.0396,681.10223,26.411762,45.08678
811.0504,678.4319,26.996122,46.084324
811.7876,678.662,27.593412,47.10394
812.54114,678.8971,28.203917,48.146114
813.8822,679.9401,28.203917,48.146114
812.8903,681.17163,27.602459,47.119385
813.34143,677.17053,28.213163,48.1619
814.7304,677.41095,28.83738,49.22748
815.1875,678.1727,28.83738,49.22748
816.8634,679.54395,28.83738,49.22748
818.49255,681.97784,28.222414,48.177692
816.5542,678.5484,28.222414,48.177692
817.59796,679.29395,28.222414,48.177692
818.3435,680.0395,28.222414,48.177692
819.98364,680.4868,28.222414,48.177692
821.3731,676.3958,28.846834,49.243626
819.08704,676.853,28.846834,49.243626
819.54425,677.31024,28.846834,49.243626
820.9159,678.07227,28.846834,49.243626
821.9827,680.66315,28.846834,49.243626
821.1892,675.5329,29.485071,50.33314
821.65656,676.31177,29.485071,50.33314
822.4354,677.4022,29.485071,50.33314
823.2143,679.1158,29.485071,50.33314
823.37006,682.3871,29.485071,50.33314
820.6196,674.2342,30.137428,51.446762
821.773,674.16064,30.804218,52.585022
824.1407,675.8194,30.147308,51.46363
825.2556,677.25287,30.147308,51.46363
824.7778,677.7307,30.147308,51.46363
823.66284,675.66016,30.147308,51.46363
825.0963,676.138,30.147308,51.46363
828.12256,676.61584,30.147308,51.46363
830.5117,678.6864,30.147308,51.46363
824.064,673.3249,30.814318,52.602264
825.8548,673.4877,30.814318,52.602264
816.24963,674.3017,30.814318,52.602264
816.08685,676.09247,30.814318,52.602264
816.88617,679.3209,30.157192,51.480507
818.3201,675.3377,30.157192,51.480507
818.7981,675.8157,30.157192,51.480507
818.9574,676.93097,30.157192,51.480507
820.0468,679.7834,29.514082,50.38267
820.8265,683.0579,29.514082,50.38267
831.01544,674.5734,30.167082,51.497387
837.8688,674.7328,30.167082,51.497387
840.25946,675.84845,30.167082,51.497387
842.3314,676.6453,30.167082,51.497387
844.4034,675.84845,30.167082,51.497387
843.2877,675.0516,30.167082,51.497387
842.49084,675.5297,30.167082,51.497387
844.5628,677.2829,30.167082,51.497387
844.08466,673.9359,30.167082,51.497387
841.93207,673.5316,30.834528,52.63677
844.04987,674.0203,30.834528,52.63677
845.1902,675.8123,30.834528,52.63677
844.7015,673.0429,30.834528,52.63677
842.16315,671.95355,31.516743,53.801357
839.66547,671.45404,31.516743,53.801357
847.2237,675.0771,30.844639,52.654026
845.43115,675.8919,30.844639,52.654026
843.6386,672.79565,30.844639,52.654026
845.15717,673.05853,31.527077,53.818996
847.3225,673.89136,31.527077,53.818996
849.48785,675.39044,31.527077,53.818996
847.9888,673.2251,31.527077,53.818996
846.8228,672.3923,31.527077,53.818996
849.6544,673.5582,31.527077,53.818996
852.39874,676.5402,30.854752,52.67129
853.5133,677.8874,30.196764,51.54806
847.2914,674.8562,30.196764,51.54806
845.30676,675.55963,29.552809,50.448784
846.712,676.96484,29.552809,50.448784
849.054,678.6823,29.552809,50.448784
850.7715,675.71576,29.552809,50.448784
849.13025,676.10315,28.922586,49.372948
847.22943,677.95514,28.305803,48.320053
848.27625,680.19836,28.305803,48.320053
850.16364,683.4523,27.702173,47.28961
847.57947,678.2219,28.315084,48.335896
849.4674,678.59314,27.711256,47.30512
850.46844,680.64984,27.120306,46.29632
851.47144,682.22595,27.120306,46.29632
852.761,682.36926,27.120306,46.29632
854.2931,681.8961,26.541958,45.30904
852.47015,681.195,26.541958,45.30904
850.6472,682.45703,26.541958,45.30904
852.14667,684.69727,25.975943,44.34281
854.4797,681.54083,25.975943,44.34281
853.1956,680.3384,26.550661,45.323895
850.2499,681.3203,26.550661,45.323895
850.66815,683.02045,25.98446,44.35735
853.00195,680.96124,25.98446,44.35735
855.4207,680.0432,26.559366,45.338757
853.0353,681.02545,26.559366,45.338757
850.64984,682.0077,26.559366,45.338757
853.3159,682.7093,26.559366,45.338757
855.4207,680.88513,26.559366,45.338757
854.9813,678.78217,27.146992,46.341877
851.9694,680.073,27.146992,46.341877
852.7107,681.1972,27.74762,47.36719
854.61646,678.7051,27.74762,47.36719
857.31445,680.1992,27.155893,46.35707
856.2698,680.43066,27.756718,47.38272
857.29626,682.04376,27.756718,47.38272
856.6028,679.8634,27.164797,46.37227
855.8555,678.9037,27.765818,47.398254
854.8287,678.1703,27.765818,47.398254
852.0415,678.9037,27.765818,47.398254
853.36176,680.51733,27.765818,47.398254
856.1489,678.61035,27.765818,47.398254
856.2956,678.75696,27.765818,47.398254
857.90924,678.9037,27.765818,47.398254
856.8824,679.93054,27.765818,47.398254
855.56213,679.4905,27.765818,47.398254
855.7116,676.6832,28.380136,48.44694
857.06104,676.53326,28.380136,48.44694
858.41046,677.5828,28.380136,48.44694
857.96063,678.6324,28.380136,48.44694
856.3113,679.68195,28.380136,48.44694
857.36084,677.7327,28.380136,48.44694
856.61115,677.58276,28.380136,48.44694
859.08154,678.24384,27.774921,47.413795
858.34784,678.6841,27.774921,47.413795
856.8053,680.4626,27.182613,46.402683
858.0978,682.0423,27.182613,46.402683
857.95416,680.7498,27.182613,46.402683
858.67224,681.18066,27.182613,46.402683
859.3903,681.6115,27.182613,46.402683
858.09784,683.47845,27.182613,46.402683
856.2309,678.452,27.182613,46.402683
854.6512,678.59564,27.182613,46.402683
857.3798,679.3137,27.182613,46.402683
858.6723,680.6062,27.182613,46.402683
856.2309,682.1859,27.182613,46.402683
857.8106,680.6062,27.182613,46.402683
857.9542,680.4626,27.182613,46.402683
857.5234,680.319,27.182613,46.402683
859.3903,680.4626,27.182613,46.402683
828.8009,682.3295,27.182613,46.402683
828.95233,685.45435,26.602936,45.41313
830.49835,687.8437,26.602936,45.41313
830.6465,687.92145,26.03562,44.444683
830.78406,688.3341,26.03562,44.444683
829.82117,682.1442,26.03562,44.444683
830.78406,684.4826,26.03562,44.444683
832.84735,687.3712,26.03562,44.444683
831.6666,684.7958,25.480402,43.496887
832.60895,686.81506,25.480402,43.496887
832.7436,683.71875,25.480402,43.496887
833.14746,685.73804,25.480402,43.496887
833.2821,682.911,25.480402,43.496887
834.76294,684.66113,25.480402,43.496887
833.8668,686.81165,24.937025,42.5693
836.37006,689.3149,24.937025,42.5693
835.7113,687.3387,24.937025,42.5693
836.63354,685.88947,24.937025,42.5693
837.2923,688.3927,24.937025,42.5693
838.24664,686.14484,25.488756,43.511147
837.84265,683.0476,25.488756,43.511147
837.42096,683.2648,26.052694,44.47383
838.0968,685.19836,25.497112,43.525414
839.0725,681.5024,26.061235,44.488415
838.9348,680.5386,26.061235,44.488415
840.174,681.7778,26.061235,44.488415
840.8624,682.7416,26.061235,44.488415
842.1016,685.0823,26.061235,44.488415
841.4132,682.4662,26.061235,44.488415
843.5534,683.54535,26.63784,45.47272
842.8879,685.52234,26.06978,44.503002
841.92377,682.07904,26.06978,44.503002
842.6124,682.49225,26.06978,44.503002
843.3011,682.90546,26.06978,44.503002
845.36707,684.1451,26.06978,44.503002
846.3312,685.66016,26.06978,44.503002
847.32886,683.3102,26.646574,45.487633
848.0565,685.58215,27.23613,46.494045
847.3073,683.127,27.83873,47.522724
846.32825,680.94025,27.24506,46.50929
848.1995,681.66,27.24506,46.50929
849.2071,682.0918,27.24506,46.50929
850.19135,683.0039,26.664051,45.517464
850.61145,684.16815,26.095432,44.54679
851.57654,681.2729,26.095432,44.54679
853.14734,682.92566,26.672794,45.53239
854.1338,680.2482,26.672794,45.53239
854.27734,680.76794,27.26293,46.539795
855.57367,682.64044,27.26293,46.539795
856.2938,685.08905,27.26293,46.539795
857.59015,682.9285,27.26293,46.539795
856.87,680.19183,27.26293,46.539795
858.4544,682.06433,27.26293,46.539795
858.31036,679.6157,27.26293,46.539795
859.0305,679.1836,27.26293,46.539795
860.32684,679.90375,27.26293,46.539795
861.62317,680.912,27.26293,46.539795
862.60803,682.93536,26.68154,45.54732
861.9032,680.53894,26.68154,45.54732
862.6318,681.64386,27.271868,46.555058
863.9285,682.9406,27.271868,46.555058
864.3608,680.203,27.271868,46.555058
865.65753,682.6524,27.271868,46.555058
866.66614,685.9663,27.271868,46.555058
867.09576,683.5463,26.690287,45.562256
867.23676,681.9952,26.690287,45.562256
866.8137,681.0081,26.690287,45.562256
868.64685,679.175,26.690287,45.562256
869.6339,679.88007,26.690287,45.562256
871.4136,682.1328,26.121109,44.590626
872.93164,685.0309,26.121109,44.590626
874.14124,688.03357,25.564068,43.639717
874.8165,685.73755,25.564068,43.639717
875.74,688.6763,25.018906,42.709087
875.34344,687.751,25.018906,42.709087
876.5331,685.5039,25.018906,42.709087
877.4584,687.48663,25.018906,42.709087
878.6902,684.6828,25.572449,43.654026
878.8253,682.1158,25.572449,43.654026
878.1498,683.3317,25.572449,43.654026
879.63586,685.62854,25.572449,43.654026
881.6625,688.19556,25.572449,43.654026
881.51984,685.89044,26.138239,44.619873
880.55316,683.54285,26.138239,44.619873
882.6246,685.61426,26.138239,44.619873
881.9056,682.685,26.716547,45.607086
883.1759,685.08453,26.716547,45.607086
882.75244,682.4027,26.716547,45.607086
884.5874,683.67303,26.716547,45.607086
885.8246,682.9349,26.146809,44.634502
885.4377,681.67993,25.58922,43.68266
886.6227,680.9729,25.043522,42.751114
887.8135,682.42834,25.043522,42.751114
889.2689,682.296,25.043522,42.751114
890.7764,681.41125,25.59761,43.696983
892.53455,682.3579,25.59761,43.696983
893.7948,682.57605,26.163958,44.66378
896.1447,684.37305,26.163958,44.66378
897.6652,686.72296,26.163958,44.66378
898.3564,685.20245,26.163958,44.66378
899.35767,681.9835,26.742836,45.651966
899.2164,682.68994,26.742836,45.651966
900.2054,680.8532,26.742836,45.651966
900.9118,679.299,26.742836,45.651966
902.1834,679.4403,26.742836,45.651966
902.6073,680.9945,26.742836,45.651966
904.1615,682.2661,26.742836,45.651966
905.7157,684.10284,26.742836,45.651966
907.2265,686.6323,26.172537,44.678425
908.80194,684.56,26.751604,45.666935
909.22595,682.1573,26.751604,45.666935
909.9326,682.86395,26.751604,45.666935
911.24963,679.86597,27.343483,46.677315
913.4951,680.9983,27.948458,47.71005
913.64276,682.0319,27.948458,47.71005
914.08575,679.817,27.948458,47.71005
914.82404,680.85065,27.948458,47.71005
916.7436,682.17957,27.948458,47.71005
917.1866,680.5553,27.948458,47.71005
918.5155,682.17957,27.948458,47.71005
918.66315,679.3741,27.948458,47.71005
920.5827,681.29364,27.948458,47.71005
921.877,683.6525,27.352448,46.69262
922.8886,686.1092,27.352448,46.69262
924.1892,684.2306,27.352448,46.69262
925.2008,680.0398,27.352448,46.69262
926.5474,680.2729,27.95762,47.725693
927.8768,682.19305,27.95762,47.725693
928.9107,679.3866,27.95762,47.725693
930.53546,681.01135,27.95762,47.725693
931.8648,682.6361,27.95762,47.725693
933.785,684.26086,27.95762,47.725693
935.70514,685.2948,27.95762,47.725693
935.2914,684.2377,27.361416,46.707928
936.8371,686.2683,26.777925,45.71187
935.6227,684.16486,26.206879,44.73705
937.3701,682.64014,25.648008,43.783016
939.6737,683.5887,25.648008,43.783016
941.43524,684.26624,25.648008,43.783016
943.1968,684.9438,25.648008,43.783016
944.4163,682.3692,25.648008,43.783016
946.17786,682.7757,25.648008,43.783016
947.3974,684.26624,25.648008,43.783016
948.61694,685.2148,25.648008,43.783016
950.3785,682.9112,25.648008,43.783016
951.869,684.13074,25.648008,43.783016
953.35956,686.1633,25.648008,43.783016
954.34106,683.5702,26.215471,44.751717
956.3561,686.31683,25.656418,43.79737
957.30493,683.4703,25.656418,43.79737
957.97046,685.1131,25.109287,42.86338
960.22565,686.5723,25.109287,42.86338
962.1556,685.1114,24.573824,41.949306
963.8434,685.50085,24.573824,41.949306
965.2715,686.15,24.573824,41.949306
966.43994,685.2412,24.573824,41.949306
968.9067,686.6693,24.573824,41.949306
971.1138,684.4622,24.573824,41.949306
971.76294,684.8517,24.573824,41.949306
972.9314,685.50085,24.573824,41.949306
975.39813,686.92896,24.573824,41.949306
977.08594,684.72186,24.573824,41.949306
979.0334,685.8903,24.573824,41.949306
981.7598,687.3184,24.573824,41.949306
984.22656,684.8517,24.573824,41.949306
987.73193,686.2798,24.573824,41.949306
992.53564,688.22723,24.573824,41.949306
995.09247,685.4733,25.11752,42.877434
997.61383,686.66766,25.11752,42.877434
999.86975,684.94257,25.11752,42.877434
1004.51434,687.4639,25.11752,42.877434
1007.0357,684.4118,25.11752,42.877434
1010.3533,686.40234,25.11752,42.877434
1014.5861,689.28973,24.58188,41.96306
1016.794,687.86115,24.58188,41.96306
1020.82,685.39355,24.58188,41.96306
1023.80707,684.22473,24.58188,41.96306
1026.0952,682.8173,25.125755,42.89149
1028.8828,682.41907,25.125755,42.89149
1032.2014,683.8793,25.125755,42.89149
1037.3785,685.3395,25.125755,42.89149
1040.4316,687.0652,25.125755,42.89149
1042.2195,682.8722,25.681664,43.840466
1047.2397,684.3647,25.681664,43.840466
1050.0891,686.67126,25.681664,43.840466
1055.6521,683.5506,25.681664,43.840466
1060.9437,685.8572,25.681664,43.840466
1064.0645,688.7065,25.681664,43.840466
1068.6539,686.4276,25.133995,42.905556
1071.9736,686.5604,25.133995,42.905556
1077.9491,688.8178,25.133995,42.905556
1081.5344,686.5604,25.133995,42.905556
1085.1198,684.30304,25.133995,42.905556
1091.6265,686.0293,25.133995,42.905556
1093.4149,682.6615,25.690084,43.85484
1099.7941,684.6974,25.690084,43.85484
1105.0017,680.69183,26.258478,44.825127
1111.2445,682.21783,26.258478,44.825127
1116.3776,684.0213,26.258478,44.825127
1121.2332,686.3797,26.258478,44.825127
1126.921,683.74384,26.258478,44.825127
1129.5569,686.10223,26.258478,44.825127
1135.2448,684.29877,26.258478,44.825127
1137.6891,680.7803,26.839447,45.816883
1144.3065,681.8917,27.43327,46.83058
1151.1185,683.486,27.43327,46.83058
1157.0609,681.0221,27.43327,46.83058
1162.7135,682.90625,27.43327,46.83058
1168.6559,684.2107,27.43327,46.83058
1174.3085,681.74677,27.43327,46.83058
1181.1205,683.34106,27.43327,46.83058
1187.283,680.26666,28.04023,47.866707
1193.6531,682.48883,28.04023,47.866707
1199.4307,679.9704,28.04023,47.866707
1205.1147,680.5167,28.66062,48.92576
1212.1814,677.3048,29.294737,50.00824
1219.0831,678.83905,29.942883,51.114674
1224.9364,676.1497,29.942883,51.114674
1232.9756,677.7179,30.60537,52.245586
1239.6051,679.81995,30.60537,52.245586
1246.2346,676.74774,30.60537,52.245586
1252.2174,678.8498,30.60537,52.245586
1257.23,676.10095,30.60537,52.245586
1261.9192,674.96906,30.60537,52.245586
1264.668,672.867,30.60537,52.245586
1272.2677,674.32227,30.60537,52.245586
1274.6931,668.0161,30.60537,52.245586
1274.208,656.85913,30.60537,52.245586
1273.0762,645.3787,30.60537,52.245586
1271.621,633.8983,30.60537,52.245586
1263.3745,599.45715,30.60537,52.245586
1264.8297,592.18085,30.60537,52.245586
1262.5067,582.2959,29.952702,51.131435
1264.1989,575.0622,29.313951,50.041042
1270.3333,578.432,28.688822,48.973904
1273.707,573.2566,28.077024,47.92952
1275.6354,565.98804,28.077024,47.92952
1275.7917,560.3512,27.478273,46.90741
1276.2273,550.6245,27.478273,46.90741
1261.5647,511.86295,27.478273,46.90741
1263.7423,505.62045,27.478273,46.90741
1265.3392,498.50693,27.478273,46.90741
1271.001,500.97488,27.478273,46.90741
1273.3928,496.57758,26.89229,45.907097
1274.3873,488.76324,26.89229,45.907097
1273.4415,478.70813,26.318804,44.928116
1273.5806,469.11377,26.318804,44.928116
1274.554,461.7442,26.318804,44.928116
1272.1902,451.59366,26.318804,44.928116
1264.2954,423.79388,25.757547,43.97001
1266.6089,416.85364,25.757547,43.97001
1273.0048,422.9774,25.757547,43.97001
1274.5017,416.85364,25.757547,43.97001
1273.5491,406.91956,25.757547,43.97001
1275.3181,400.52365,25.757547,43.97001
1274.3655,388.6844,25.757547,43.97001
1274.2294,378.7503,25.757547,43.97001
1275.4222,373.57907,25.20826,43.032333
1274.7288,363.0162,25.765993,43.984425
1275.1499,351.37225,26.336065,44.95758
1275.8691,340.3368,26.91875,45.952267
1276.3091,328.1719,27.514328,46.96896
1277.6637,316.0395,28.123083,48.00815
1277.5151,301.32996,28.123083,48.00815
1278.8524,285.72894,28.123083,48.00815
1248.4814,308.78323,28.745306,49.070328
1250.7595,309.54257,28.745306,49.070328
1250.6077,309.08698,28.745306,49.070328
1251.9745,311.365,28.745306,49.070328
1249.6082,312.55533,29.381296,50.15601
1248.8,309.58475,30.031357,51.265713
1247.3154,307.86533,30.6958,52.399967
1245.125,306.10785,31.374945,53.559315
1242.8862,303.6236,32.069115,54.744316
1244.75,305.4873,32.069115,54.744316
1245.936,303.28473,32.069115,54.744316
1249.0542,306.97122,31.385231,53.576878
1250.5077,309.6202,30.71593,52.434334
1250.0209,311.40527,30.71593,52.434334
1251.1963,308.9732,31.395521,53.594444
1252.6891,310.1343,31.395521,53.594444
1247.8789,266.1787,31.395521,53.594444
1248.7083,269.662,31.395521,53.594444
1248.8741,269.82785,31.395521,53.594444
1248.0106,267.34195,32.09015,54.78022
1249.5365,262.76437,32.09015,54.78022
1251.0624,258.86496,32.09015,54.78022
1250.8928,259.37357,32.09015,54.78022
1252.4187,257.84772,32.09015,54.78022
1254.2316,257.61478,31.405817,53.612015
1256.3256,257.06693,30.736078,52.468723
1257.1229,256.8438,30.080622,51.34981
1221.4465,216.49254,29.439144,50.25476
1223.5414,217.06616,30.090485,51.366646
1225.608,217.22514,30.090485,51.366646
1253.4794,172.61874,30.756237,52.50313
1254.9037,172.39548,30.100351,51.383488
1258.3655,172.98198,30.766321,52.520348
1258.2236,174.32535,30.11022,51.400337
1260.928,174.16628,30.11022,51.400337
1238.4978,167.96217,30.11022,51.400337
1237.6696,165.24797,30.77641,52.53757
1239.8595,168.20941,31.457336,53.699966
1240.3737,165.0289,32.15333,54.888077
1242.9218,167.91675,32.15333,54.888077
1246.4891,171.14435,32.15333,54.888077
1245.2522,172.12335,32.864723,56.102474
1243.2673,168.80057,33.591854,57.343742
1240.1338,163.93124,34.335075,58.612473
1242.492,164.11264,34.335075,58.612473
1241.585,165.74524,34.335075,58.612473
1243.5803,163.38702,34.335075,58.612473
1245.1703,165.2359,33.60287,57.362545
1246.7681,166.47862,33.60287,57.362545
1244.4602,174.1125,33.60287,57.362545
1242.0623,179.5562,34.346336,58.63169
1244.4213,181.55226,34.346336,58.63169
1245.3286,183.54832,34.346336,58.63169
1245.873,192.43987,34.346336,58.63169
1247.5062,194.43593,34.346336,58.63169
1250.2281,196.43199,34.346336,58.63169
1252.9501,197.70221,34.346336,58.63169
1221.9204,193.52863,34.346336,58.63169
1220.6501,192.2584,34.346336,58.63169
1225.3534,193.30417,35.10625,59.928917
1232.5869,195.34439,35.10625,59.928917
1234.2562,195.90082,35.10625,59.928917
1238.1512,196.45724,35.10625,59.928917
1237.9552,194.44727,35.882977,61.254845
1242.3156,198.4284,35.882977,61.254845
1240.6882,194.14793,35.11776,59.948566
1240.8838,194.96599,34.368862,58.670147
1242.1548,195.14757,34.368862,58.670147
1244.4464,195.94817,33.635937,57.418987
1245.6903,196.12587,33.635937,57.418987
1247.2897,196.659,33.635937,57.418987
1246.0458,195.77046,33.635937,57.418987
1248.0006,196.30359,33.635937,57.418987
1248.5504,195.48401,34.38013,58.68938
