10000
8.856281
8.89487
8.842938
8.89877
8.876089
8.818939
8.897872
8.863468
8.824825
8.86615
9.019726
9.002569
9.009775
9.023306
9.070361
8.942194
8.8155985
8.837896
8.878986
8.887172
8.894978
8.973115
9.032074
9.05968
9.0978365
9.073431
9.134867
9.136382
9.157612
9.156315
9.135612
9.142934
9.054706
9.007785
8.94231
8.963854
8.935409
9.024097
9.00757
9.043836
9.060759
9.12797
9.135677
9.127366
9.068587
9.139866
9.132299
9.063346
9.007875
8.936052
8.905925
8.9024105
8.962914
9.055142
9.091403
9.189787
9.192384
9.193704
9.202185
9.152763
9.095245
9.040021
8.985408
8.969137
8.979044
9.048512
9.022399
9.05448
9.030031
9.042496
9.002643
9.062683
9.027667
9.062216
9.045828
8.999378
8.9940405
8.949248
8.96695
8.931824
8.785031
8.763354
8.770133
8.806128
8.79156
8.787543
8.860789
8.829516
8.874978
8.7893305
8.87796
8.873619
8.934876
8.881946
8.913196
8.911715
8.92099
8.942628
8.852023
8.838139
8.839295
8.810244
8.796256
8.819523
8.821891
8.810717
8.814189
8.868318
8.783538
8.867241
8.828096
8.93059
8.887392
8.870779
8.861061
8.851864
8.871764
8.858568
8.920283
8.942135
8.813594
8.876512
8.816197
8.840238
8.916027
8.827352
8.840646
8.835905
8.828878
8.900182
8.852374
8.940734
8.922737
8.918674
8.873657
8.8376
8.853287
8.810214
8.868916
8.892227
8.970987
8.925733
8.893999
8.827517
8.850516
8.750436
8.778046
8.734399
8.719781
8.709711
8.69879
8.760042
8.67024
8.800771
8.712915
8.770882
8.724259
8.68536
8.606534
8.547217
8.494001
8.411993
8.416389
8.420962
8.610692
8.56535
8.520949
8.507372
8.448662
8.350404
8.282514
8.24928
8.124111
8.149302
8.00151
8.026154
7.896678
7.8703628
7.757772
7.6593904
7.328812
7.1150765
6.784649
6.444085
6.031228
5.4216886
4.9190135
4.4072623
4.3598027
4.5122333
4.698096
5.1278834
5.3223853
5.571627
5.667643
5.8243012
6.2189894
6.4435515
6.64295
6.898505
6.9582405
7.143851
7.2927966
7.363091
7.5407715
7.544354
7.479409
7.482342
7.6233854
7.66743
7.8574715
8.070615
8.110307
8.038823
8.104681
8.140892
8.069677
8.074232
7.9276
8.003866
7.879102
7.908696
7.9263864
7.9382625
7.9115477
7.973733
7.982579
7.9958844
7.974418
8.027057
7.9567633
8.104706
7.947371
8.071353
8.001136
8.005522
7.976633
8.066686
8.088442
8.053683
8.025791
7.995488
8.107769
8.07232
8.101914
7.9983997
8.042288
7.978333
7.979686
7.995266
8.0032
8.015914
7.950271
8.071441
8.103085
8.092609
8.096867
8.109035
8.110224
8.108225
8.2458935
8.23784
8.238635
8.260488
8.2544155
8.265967
8.27253
8.261415
8.279702
8.251576
8.300917
8.355096
8.347189
8.350758
8.314278
8.350578
8.320144
8.353976
8.310317
8.325315
8.316907
8.317918
8.333894
8.342105
8.3324
8.362775
8.358639
8.396678
8.312153
8.379214
8.421815
8.466518
8.535329
8.483967
8.503625
8.426182
8.351336
8.282248
8.374506
8.38086
8.467299
8.454199
8.487383
8.476172
8.493548
8.50371
8.480582
8.474562
8.468418
8.452747
8.457904
8.483596
8.481514
8.449983
8.480094
8.473773
8.449392
8.438328
8.43356
8.395819
8.351015
8.297361
8.275909
8.277755
8.250858
8.3380575
8.309603
8.382864
8.316471
8.382838
8.334429
8.399921
8.423431
8.377679
8.453204
8.411948
8.4896965
8.389183
8.41569
8.3808365
8.375973
8.365916
8.380406
8.3752
8.408817
8.415191
8.397936
8.438053
8.345029
8.278276
8.398641
8.329544
8.330308
8.255881
8.274372
8.245528
8.266132
8.288714
8.276542
8.3054285
8.277285
8.257178
8.2727165
8.2538595
8.289684
8.28422
8.260458
8.232902
8.233167
8.373083
8.440345
8.514977
8.522059
8.478763
8.472839
8.505372
8.431817
8.46345
8.45296
8.459572
8.469603
8.41773
8.4617195
8.32789
8.386141
8.285495
8.27428
8.255976
8.259734
8.24101
8.246156
8.23563
8.221852
8.258992
8.20404
8.307682
8.186918
8.294953
8.1945095
8.259965
8.228263
8.255441
8.214242
8.263152
8.187061
8.305857
8.170212
8.320147
8.267155
8.400393
8.256233
8.348101
8.271415
8.296248
8.281359
8.312742
8.298138
8.424047
8.334833
8.376601
8.349496
8.488131
8.357352
8.491106
8.359046
8.41028
8.23951
8.235038
8.044843
8.193582
8.124167
8.314642
8.4069195
8.535478
8.445569
8.551708
8.4536085
8.556416
8.447991
8.552196
8.403576
8.3847685
8.146335
8.185231
8.086312
8.161885
8.119458
8.241127
8.171596
8.347766
8.210089
8.363617
8.1838255
8.221566
7.975583
8.038932
8.013858
8.100706
7.942853
8.028618
7.9476333
7.8507595
7.9681864
8.00956
7.918488
7.9240575
7.917308
7.970276
7.89292
8.012002
8.002353
8.04827
8.003589
8.012545
7.983911
8.13097
8.074834
8.167556
8.221019
8.201377
8.122158
8.079066
8.103377
8.123754
8.085572
8.036544
8.121831
8.159641
8.157737
8.121795
8.091684
8.179111
8.242725
8.156964
8.275023
7.913316
7.8610034
7.6439595
7.478309
7.5016637
7.360853
7.0941772
7.124127
7.098359
7.0294595
7.035171
7.001346
6.85055
6.656108
6.3303704
6.2624793
6.389859
6.2019124
6.0559344
5.7935076
5.513794
5.2180657
5.234135
5.05264
4.852438
5.1409564
4.6752095
4.612693
5.010563
5.2126174
5.7574024
5.4742575
5.2470694
5.056067
5.1441402
5.658846
5.5179586
5.4600554
5.0681877
4.5548058
4.924095
5.449786
5.4799194
5.1393285
5.4068403
4.764584
4.7259693
5.01872
5.0977726
5.0895314
4.734902
4.0608845
4.3250427
4.337364
4.135167
4.435735
5.3145866
5.3298607
6.274469
6.668752
6.8143196
7.4546022
7.3067765
6.7454357
6.267749
5.3366137
5.0927835
5.08302
6.2008195
6.8700104
8.035162
7.5009456
6.8043685
7.155222
5.8607726
6.476733
6.582404
7.3268366
7.3854966
6.8526306
7.156851
7.1138983
6.423381
6.5512185
7.017121
7.6391573
7.986967
7.7272863
7.5609217
7.737758
7.466916
6.15234
7.1690545
7.6590314
7.607546
7.652417
7.0759544
6.7778635
6.0397005
4.6825438
3.8105454
4.3845243
3.9361598
2.9381628
3.5182695
3.0937252
3.1693106
3.2575688
3.2646263
3.6289144
3.600942
3.630862
3.6836743
3.7101479
3.549393
3.5528998
3.7068741
3.930286
4.0659494
4.139473
3.9821107
3.990817
4.1079073
3.8581684
3.765001
3.5349007
3.3805766
3.31481
3.4117358
3.2869375
3.3241975
3.2242882
3.4222524
3.3723774
3.491076
3.6592767
3.674034
3.6244557
3.2621853
3.0578792
2.8324764
2.962254
2.9649868
2.8824627
2.7946289
2.759417
2.7411716
2.872009
3.11914
2.9687526
3.4287648
2.986307
2.324847
2.306715
2.6897306
2.6554687
2.870477
3.012332
3.412877
3.1468089
3.2004948
3.1617892
3.6923428
3.9174547
4.012909
4.0109124
3.788091
3.7387018
3.4743242
3.4066336
3.3038445
3.2634356
3.2819133
3.1367166
3.1142156
3.1423326
3.3202078
3.5035853
3.5132136
3.4258068
3.777636
3.703483
3.7529309
4.076245
3.985891
3.7877092
3.2791371
3.30634
3.3768876
3.2210217
3.133104
3.2455633
3.0748875
3.1809208
3.197278
3.1715055
3.1897244
3.1388037
3.1399949
3.1026304
3.2099998
3.0972388
3.1939926
3.1213148
3.0904179
3.1671953
3.1233463
3.2031817
3.230713
3.2002513
3.1597738
3.1987462
3.229031
3.0885034
3.0289247
2.9751072
2.9830694
2.955817
2.928203
3.0911846
2.940771
2.9591122
2.9880013
2.8189623
3.0239406
2.8131728
2.6734724
2.6359463
2.9099545
3.2157516
2.722661
2.5809531
2.4429975
2.8326528
2.926477
3.9616296
3.3267384
2.1813557
2.140046
2.430793
2.8217351
2.821592
3.045292
2.4708266
2.5477428
2.8774576
2.7138333
2.3962255
2.3521187
2.4803889
2.401806
2.8525224
2.9270644
3.164981
3.389429
3.2605574
3.0480394
2.6221542
2.3473964
2.161951
2.182264
2.1253417
2.2282934
2.243447
2.193728
2.1891258
2.2442265
2.0908415
2.0982063
2.1815085
2.1809273
2.1614716
2.2886572
2.2159202
2.2494156
2.1406336
1.9689877
1.9667099
1.8395451
1.8438904
1.9179391
1.9816021
1.9389515
2.0889318
1.9449658
2.0863216
2.0767746
2.0864856
2.0237744
2.1417572
2.0219576
2.1236684
2.302887
2.2702842
2.4046712
2.3293676
2.41658
2.2892997
2.3486376
2.3590884
2.485979
2.4190993
2.5135334
2.3067594
2.4448586
2.341886
2.415979
2.345147
2.3772752
2.4236505
2.2620807
2.3658097
2.3351078
2.3209012
2.2839286
2.2287362
2.3048582
2.1229398
2.2463484
2.2123318
2.256819
2.174406
2.0073042
2.0625446
2.0290074
2.1276326
2.0525846
2.1267636
2.0443676
1.9860241
2.0156145
1.8841767
1.9065361
1.8867021
1.916618
1.9490504
2.013483
2.0016303
2.0711539
2.011749
1.9562018
2.0849836
2.057432
2.1055555
2.048415
2.0413654
2.0397325
2.028873
1.99103
1.8847903
1.979161
1.9193125
1.9358925
1.9174181
1.9416395
1.9043814
1.9556822
1.8700536
1.9298788
1.95274
1.969861
1.9560877
2.017193
1.8719597
2.0019066
1.9100145
1.9369211
1.897149
1.889488
1.9770895
1.9065412
1.9719305
1.9658079
1.9003612
2.0150037
1.8911214
2.0337296
1.9657619
1.9057443
1.9981803
1.90417
1.9891416
1.9263214
2.0009923
1.9488871
1.9154595
1.9607773
2.013671
1.9036567
1.9917051
1.9361224
1.9039987
2.0530095
1.9524633
1.8978338
1.9908438
1.9195018
2.0000498
1.9428309
2.021897
1.9364104
1.9407296
1.9511464
2.038786
1.9932764
2.0804272
1.9434478
2.1016433
2.0260084
1.9116391
2.065977
1.993143
1.926506
2.0458982
1.9931307
2.0745118
2.026202
2.1227717
2.1334546
2.0273805
2.15906
2.1614637
2.0461755
2.1784558
2.1381583
2.1667323
2.2500978
2.5199912
2.708786
2.5658467
2.5375705
2.3584065
2.5187483
2.445217
2.4815567
2.2575622
2.2798762
2.339676
2.4942353
2.3582327
2.3226647
2.3735018
2.4146452
2.4003139
2.438843
2.4136899
2.261033
2.52364
2.4463093
2.513484
2.5765858
2.4769673
2.4942775
2.4411051
2.4103298
2.3871756
2.5230167
2.4075809
2.529746
2.5944176
2.6040046
2.676397
2.694303
2.7556012
2.748139
2.743103
2.9506207
3.072384
3.3609424
3.3396392
3.4684167
3.4075236
3.343718
3.4593952
3.4811318
3.4282422
3.5023508
3.4842744
3.5432432
3.3848238
3.352922
3.272512
3.2849302
3.235219
3.2606523
3.6380205
3.3743396
3.3621032
3.4174511
3.6198215
4.8729277
4.995658
5.350315
5.576124
5.3398027
5.3419046
5.144028
5.000033
4.891496
4.789452
4.969374
5.1267924
5.2987423
5.3999305
5.3215413
5.1106067
4.9522524
4.959414
4.762908
4.8152657
4.7459064
4.493942
4.498103
4.686633
4.677585
4.670901
4.7740865
4.980144
5.1953645
4.903624
5.0160003
5.004402
4.862798
4.5807285
4.357306
4.2773156
4.4147367
4.3165026
4.1202154
4.121237
3.9658587
3.6114607
3.5204942
3.3325038
3.215388
2.8735528
3.0561168
3.077462
4.6940136
4.96589
5.0377774
4.8772817
4.9388127
4.723054
4.7413793
4.6959443
4.858632
4.8882546
4.65734
4.6371484
4.6689467
4.718689
4.6523757
4.761081
4.6358414
4.6146016
4.5245013
4.5128536
4.529597
4.644951
4.7728934
4.874205
4.912831
5.1115794
5.115464
5.2964525
5.1355495
5.2975607
5.329656
5.3728075
5.265083
5.3338423
5.443955
5.2922525
5.288795
5.2706447
5.473727
5.4290996
5.4128995
5.2097697
5.200822
5.2370214
5.2259026
5.2873983
5.322654
5.209894
5.345578
5.3597484
5.308117
5.3359346
5.390562
5.2649856
5.3194227
5.291809
5.1893835
5.3074865
5.2921486
5.392322
5.198543
5.259922
5.2393355
5.234968
5.4441657
5.2153325
5.437763
5.1624436
5.3479013
5.1709366
5.294717
5.2441115
5.173066
5.124153
5.0066376
5.0587983
5.00411
4.9153976
4.84815
4.884236
5.0362267
4.9033136
5.0561385
4.985152
5.0193686
5.0418553
5.0819645
5.0810595
5.114704
5.0689716
5.166916
5.1707473
4.9579277
5.1419287
5.026206
5.1945744
5.12522
5.177528
4.982413
5.0478806
5.208435
4.9383106
5.0797014
4.950071
5.0102196
4.960823
4.8961205
4.9161506
4.9425015
4.957328
5.0652514
5.155426
5.2037425
5.126551
5.184933
4.9991937
4.999721
5.009427
5.011724
5.10147
5.042677
5.0486417
5.1065884
5.0111103
4.9883246
4.9409676
5.198927
5.1666937
5.0858855
5.257606
5.119527
5.2415657
5.120075
5.1565766
5.0619946
5.130092
5.108149
5.0573015
5.1591215
5.0674615
5.1937394
5.1502976
5.1345634
5.2163506
5.1114597
5.230617
5.2639294
5.226837
5.1521792
5.296766
5.2909307
5.1777244
5.392138
5.4080725
5.3721123
5.5324554
5.437945
5.530819
5.4457545
5.4558477
5.4063516
5.4552536
5.466349
5.506636
5.3936167
5.4927425
5.488891
5.4916625
5.4769945
5.5439324
5.4220743
5.5505967
5.420318
5.5200686
5.5963774
5.405278
5.5737753
5.3530827
5.499998
5.365603
5.592083
5.492292
5.574377
5.551675
5.488006
5.041413
5.04632
5.053083
4.9992437
5.1502542
4.998493
5.1814547
5.0857463
5.1394567
5.0689616
5.1562366
5.085077
5.1714296
5.190063
5.0769463
5.1361294
5.160697
5.2691107
5.3682103
5.534604
5.3807025
5.2808847
5.419274
5.371563
5.209049
5.2145386
4.7237535
4.4114614
4.1871967
4.318589
4.1396837
4.8127666
4.4850116
4.6674004
5.1445165
4.084053
5.3087015
5.475679
5.6821055
5.3842387
5.2742753
5.345219
5.3623466
5.6191845
5.7285457
5.758314
5.829189
5.8971467
6.0298796
6.203734
6.3558245
6.4124227
6.6061487
6.829462
6.786734
6.8318734
6.781493
6.713855
6.763175
6.73947
6.747556
6.9147253
6.8001313
6.7456875
6.686811
6.6923513
6.6636896
6.7673917
6.6959333
6.694894
6.6984406
6.7060614
6.676221
6.595959
6.529698
6.5071774
6.6217175
6.5891204
6.517753
6.4597397
6.448523
6.4113727
6.439241
6.4444375
6.597807
6.6751623
6.6467733
6.596568
6.584915
6.5648956
6.513178
6.4464893
6.394165
6.4276958
6.5983696
6.605011
6.620059
6.652467
6.687936
6.817736
6.9118004
7.0768557
6.706928
6.2846494
5.9492946
5.143741
3.688902
2.9334307
2.4428556
2.7580442
2.831281
2.4052413
2.5361037
3.0945756
3.713439
3.4578102
1.6680356
1.6449244
2.8982792
3.2299619
3.283058
4.0244436
3.878142
2.9052339
3.1365414
2.5384896
2.6601408
2.7879598
2.5336874
2.495223
2.6633384
4.466602
4.619218
4.645991
4.6644726
4.7232256
4.5966635
4.570099
4.446814
4.4310274
4.4785395
4.564593
4.6853976
4.7123647
4.731697
4.6722546
4.733724
4.7042446
4.7374535
4.7759194
4.735795
4.731281
4.7391863
4.73421
4.722525
4.732445
4.6593766
4.7537694
4.696667
4.704959
4.7557693
4.63836
4.716669
4.5877657
4.695442
4.6303225
4.672308
4.746032
4.665679
4.6756434
4.714661
4.700891
4.736749
4.7087283
4.6721096
4.7299185
4.755022
4.681754
4.6664915
4.7047057
4.688372
4.749183
4.784563
4.71912
4.7010202
4.7085695
4.7513146
4.781511
4.76541
4.7873535
4.812797
4.772157
4.7491646
4.719569
4.7572403
4.794628
4.8232245
4.7889075
4.738658
4.75809
4.828473
4.8026023
4.7668033
4.7738543
4.777197
4.8204083
4.7671714
4.840094
4.800481
4.860566
4.852582
4.8352575
4.8587127
4.9131875
5.0121593
4.94694
4.942557
4.905501
4.8894253
4.93827
4.910156
4.9219713
4.8628945
4.8574677
4.894418
4.976916
4.8192816
4.852166
4.874196
4.782115
4.7834797
4.7828445
4.8121758
4.8204203
4.86571
4.83621
4.893925
4.853667
4.8838263
4.9052978
4.927902
4.924421
4.8827095
4.895442
4.883407
4.865985
4.8070407
4.801324
4.8385334
4.820559
4.812141
4.8300533
4.797882
4.8249674
4.8163724
4.8155074
4.8159494
4.8313217
4.7883563
4.777175
4.721825
4.7926884
4.775401
4.7540183
4.73913
4.8322034
4.716877
4.770494
5.18489
5.2471747
5.2653046
5.31899
5.430036
5.3728094
5.4422307
5.4027495
5.427266
5.3513217
5.564496
5.4822335
5.552541
5.5227766
5.489541
5.4649673
5.539032
5.6190867
5.6895776
5.747019
5.7135715
5.736124
5.641419
5.689651
5.6591234
5.5315866
5.582595
5.5192003
5.5499363
5.5213575
5.5811787
5.5315256
5.593291
5.5587997
5.5279517
5.5089273
5.5530205
5.509201
5.545989
5.576601
5.553374
5.5959687
5.578044
5.5780354
5.583362
5.814762
5.79485
5.8251925
5.776749
5.8162346
5.686449
5.8194275
5.7071757
5.844179
5.91484
5.8617015
5.8314867
5.934123
5.7900896
5.945434
5.659745
5.9682183
5.801629
5.982112
5.7450466
5.9530253
5.753899
5.831892
5.7803845
5.745096
5.860242
5.7122593
5.7739215
5.8800592
5.6696224
5.734247
5.7267733
5.775193
5.82457
5.7563066
5.734593
5.6570554
5.7682257
5.710646
5.8195887
5.7818356
5.8038616
5.762246
5.816865
5.7759423
5.8092246
5.796431
5.8506107
5.8452864
5.8875394
5.8069825
5.8835907
5.8644733
5.8835535
5.8950133
5.811654
5.797919
5.800057
5.7315063
5.7107787
5.6442614
5.519206
5.5744696
5.405983
5.000404
5.0461774
5.610577
5.506211
4.4092684
2.675521
2.6771417
3.4628196
3.7288232
4.2127533
3.730603
2.4110012
2.831993
2.405769
2.3298275
2.39535
2.6603336
2.775954
3.272925
3.6864452
3.8272114
3.8487248
3.9216027
3.7231193
3.5280058
3.4699492
3.386101
3.3770595
3.3857636
3.3749995
3.4583335
3.5179932
3.598848
3.569248
3.6415982
3.4806488
3.3583224
3.1602826
2.835493
2.363995
2.258152
2.4950464
2.476111
2.6768312
4.667983
5.322293
5.828223
4.3304596
2.7735317
2.854082
3.2769363
3.823217
3.4728384
1.528027
1.0664062
1.2504404
2.1958537
2.0228853
2.076975
0.65028995
0.8127798
0.7882639
0.6609145
0.3908358
0.44525447
0.3145526
0.448584
0.5055407
