934.0,383.0,108.0,77.0
954.6849,385.54025,108.0,77.0
968.11194,385.90314,108.0,77.0
978.63586,385.54025,108.0,77.0
992.7887,388.0805,108.0,77.0
1008.39307,390.62076,108.0,77.0
1023.99744,395.33838,108.0,77.0
1038.8761,400.056,108.0,77.0
1051.5774,404.04782,108.0,77.0
1062.827,408.03964,108.0,77.0
1072.6251,411.30566,108.0,77.0
1080.9717,415.2975,108.0,77.0
1087.1409,418.5635,108.0,77.0
1092.5842,421.10376,108.0,77.0
1096.576,423.644,108.0,77.0
1099.842,426.18427,108.0,77.0
1100.9307,427.99872,108.0,77.0
1101.2936,430.53897,108.0,77.0
1100.9307,432.35342,108.0,77.0
1098.3904,433.4421,108.0,77.0
1095.8501,434.5308,108.0,77.0
1091.1324,436.34525,108.0,77.0
1087.1406,436.70813,108.0,77.0
1081.6973,438.52258,108.0,77.0
1076.2539,439.61127,108.0,77.0
1071.5363,439.97415,108.0,77.0
1065.3671,441.7886,108.0,77.0
1059.9237,442.8773,108.0,77.0
1053.0287,443.96597,108.0,77.0
1046.8595,445.78043,108.0,77.0
1039.9645,446.8691,108.0,77.0
1033.7953,447.9578,108.0,77.0
1026.9003,449.04648,108.0,77.0
1020.00525,449.40936,108.0,77.0
1013.1102,451.22382,108.0,77.0
1006.94104,453.03827,108.0,77.0
1000.046,454.85272,108.0,77.0
993.151,456.66718,108.0,77.0
986.256,458.48163,108.0,77.0
979.36096,460.29608,108.0,77.0
972.46594,461.38477,108.0,77.0
966.29675,463.19922,108.0,77.0
959.4018,465.01367,108.0,77.0
952.50684,466.10236,108.0,77.0
945.6119,467.9168,108.0,77.0
939.4427,470.45706,108.0,77.0
933.2735,472.2715,108.0,77.0
927.1043,474.08594,108.0,77.0
920.9351,476.62622,108.0,77.0
914.7659,479.16644,108.0,77.0
909.3225,480.9809,108.0,77.0
903.8791,483.52112,108.0,77.0
898.43567,485.33557,108.0,77.0
892.99225,487.15002,108.0,77.0
887.5488,488.96448,108.0,77.0
882.1054,491.5047,108.0,77.0
877.3878,493.31915,108.0,77.0
872.6702,495.1336,108.0,77.0
866.50104,496.94806,108.0,77.0
861.78345,499.48828,108.0,77.0
857.7916,500.57697,108.0,77.0
853.07404,502.39142,108.0,77.0
850.5338,503.4801,108.0,77.0
845.8162,505.29456,108.0,77.0
843.276,505.65747,108.0,77.0
840.7358,506.74615,108.0,77.0
837.4697,507.83484,108.0,77.0
836.38104,508.19775,108.0,77.0
835.29236,507.83484,108.0,77.0
834.92944,508.92352,108.0,77.0
834.5665,509.28644,108.0,77.0
834.92944,508.19775,108.0,77.0
836.7439,508.56067,108.0,77.0
837.8326,508.92358,108.0,77.0
840.3728,508.56067,108.0,77.0
842.913,507.472,108.0,77.0
844.7275,507.10907,108.0,77.0
846.54193,505.29462,108.0,77.0
847.6306,504.9317,108.0,77.0
849.44507,503.84302,108.0,77.0
851.2595,502.75433,108.0,77.0
852.3482,501.66565,108.0,77.0
853.4369,499.8512,108.0,77.0
853.7998,498.03674,108.0,77.0
852.7111,495.49652,108.0,77.0
853.07404,495.1336,108.0,77.0
852.7111,492.59338,108.0,77.0
851.62244,491.5047,108.0,77.0
850.53375,488.96448,108.0,77.0
849.44507,487.8758,108.0,77.0
849.08215,486.06134,108.0,77.0
847.2677,482.7953,108.0,77.0
846.9048,482.43237,108.0,77.0
844.36456,479.89215,108.0,77.0
843.2759,478.80347,108.0,77.0
841.4614,476.26324,108.0,77.0
839.647,473.723,108.0,77.0
837.8325,473.3601,108.0,77.0
836.01807,470.0941,108.0,77.0
834.9294,468.27963,108.0,77.0
833.8407,466.46518,108.0,77.0
832.752,464.65073,108.0,77.0
831.6633,462.83627,108.0,77.0
831.3004,461.7476,108.0,77.0
831.6633,459.20734,108.0,77.0
830.57465,456.66708,108.0,77.0
830.93756,454.85263,108.0,77.0
831.3005,453.03818,108.0,77.0
833.1149,450.49792,108.0,77.0
833.47784,448.68347,108.0,77.0
834.5665,446.86902,108.0,77.0
834.92944,444.32877,108.0,77.0
837.46967,441.7885,108.0,77.0
839.2841,439.97406,108.0,77.0
841.0986,437.4338,108.0,77.0
842.913,434.89355,108.0,77.0
844.7275,432.3533,108.0,77.0
846.54193,429.81305,108.0,77.0
847.6306,427.9986,108.0,77.0
849.44507,425.45834,108.0,77.0
851.9853,422.9181,108.0,77.0
852.3482,420.37784,108.0,77.0
853.4369,417.8376,108.0,77.0
854.5256,416.7489,108.0,77.0
853.4369,414.20865,108.0,77.0
855.25134,411.6684,108.0,77.0
854.8884,410.5797,108.0,77.0
854.5255,408.76526,108.0,77.0
854.1626,407.67657,108.0,77.0
854.5255,405.86212,108.0,77.0
853.4368,404.04767,108.0,77.0
853.79974,402.23322,108.0,77.0
852.71106,401.14453,108.0,77.0
851.6224,399.33008,108.0,77.0
850.5337,398.2414,108.0,77.0
850.1708,397.1527,108.0,77.0
849.80786,396.06403,108.0,77.0
848.7192,394.97534,108.0,77.0
848.35626,395.33823,108.0,77.0
847.99335,392.79797,108.0,77.0
847.63043,393.16086,108.0,77.0
845.816,390.6206,108.0,77.0
846.1789,391.7093,108.0,77.0
845.0902,389.89484,108.0,77.0
844.0015,389.53195,108.0,77.0
842.91284,387.7175,108.0,77.0
842.5499,387.3546,108.0,77.0
840.7355,386.26593,108.0,77.0
840.37256,385.17725,108.0,77.0
840.00964,384.08856,108.0,77.0
838.1952,382.99988,108.0,77.0
837.8323,383.36276,108.0,77.0
836.0178,380.8225,108.0,77.0
835.6549,380.45963,108.0,77.0
833.84045,378.64517,108.0,77.0
833.47754,377.5565,108.0,77.0
833.84045,376.4678,108.0,77.0
832.026,374.65335,108.0,77.0
832.3889,373.56467,108.0,77.0
832.75183,371.7502,108.0,77.0
832.3889,370.66153,108.0,77.0
833.4776,369.57285,108.0,77.0
833.8405,367.7584,108.0,77.0
834.2034,366.6697,108.0,77.0
834.1382,363.1824,110.3895,78.70363
835.251,361.3278,110.3895,78.70363
835.18427,360.0723,112.83187,80.44495
835.90283,357.21564,115.32828,82.22479
837.44135,356.70807,117.87991,84.044014
841.00616,353.93542,117.87991,84.044014
843.7788,354.3315,117.87991,84.044014
847.3436,353.14325,117.87991,84.044014
851.7006,352.74716,117.87991,84.044014
855.26544,351.5589,117.87991,84.044014
859.62244,350.37064,117.87991,84.044014
862.01685,349.85184,120.48801,85.90349
867.27997,349.447,120.48801,85.90349
872.2476,348.91675,123.1538,87.8041
880.11005,347.67532,123.1538,87.8041
888.62225,347.99197,125.87858,89.746765
897.32275,345.68265,128.66364,91.732414
908.907,342.42517,131.51031,93.76199
927.166,344.59717,134.41998,95.83648
946.7662,342.13116,137.39403,97.95686
967.75793,343.44238,140.43387,100.12416
989.2141,340.86603,143.54097,102.33941
1011.14514,337.23187,146.71681,104.60367
1012.07947,330.44852,149.96292,106.91802
1004.66974,320.37833,153.28085,109.283585
1023.8139,312.22275,156.6722,111.701485
1035.7351,313.71796,160.13857,114.17288
1036.7549,316.36273,163.68163,116.69896
1038.9385,319.06604,167.30309,119.28092
1101.8271,322.99567,171.00467,121.92001
1108.8776,328.2045,174.78815,124.61749
1101.46,334.74725,178.65533,127.37466
1092.6326,336.45224,182.60808,130.19283
1083.61,331.82898,186.64828,133.07335
1076.9904,336.21298,190.77788,136.0176
1070.2244,334.0432,194.99884,139.02698
1063.3086,337.26376,199.31319,142.10295
1054.8503,334.99695,203.72299,145.24698
1044.7843,336.94116,208.23036,148.46057
1034.4957,336.02475,212.83746,151.74525
1023.97943,338.05597,217.5465,155.10262
1011.7137,332.5482,222.35971,158.53426
1004.9893,337.77826,222.35971,158.53426
996.77057,335.5368,222.35971,158.53426
984.23346,336.10855,227.27942,162.04182
977.3603,335.34488,227.27942,162.04182
966.13043,334.3446,232.30798,165.627
956.27185,330.0828,237.4478,169.29149
950.6869,330.88065,237.4478,169.29149
945.1019,326.8914,237.4478,169.29149
939.51697,327.68924,237.4478,169.29149
933.932,326.8914,237.4478,169.29149
928.34705,322.90213,237.4478,169.29149
919.92584,320.2016,242.70134,173.03706
912.58624,317.7551,242.70134,173.03706
908.5087,320.2016,242.70134,173.03706
902.8002,316.12408,242.70134,173.03706
900.35364,313.67758,242.70134,173.03706
896.2761,314.49307,242.70134,173.03706
893.8296,312.04657,242.70134,173.03706
893.0141,309.60007,242.70134,173.03706
890.56757,308.78458,242.70134,173.03706
888.12103,306.33807,242.70134,173.03706
888.9365,303.89157,242.70134,173.03706
884.859,301.44507,242.70134,173.03706
885.6745,298.99857,242.70134,173.03706
881.597,294.92105,242.70134,173.03706
885.6745,294.10556,242.70134,173.03706
879.96594,288.39703,242.70134,173.03706
884.04346,287.58154,242.70134,173.03706
878.3349,283.50403,242.70134,173.03706
879.1504,279.4265,242.70134,173.03706
876.70386,276.98,242.70134,173.03706
879.1504,274.5335,242.70134,173.03706
873.44183,268.82498,242.70134,173.03706
880.7814,268.0095,242.70134,173.03706
875.0728,263.93198,242.70134,173.03706
879.1503,261.48547,242.70134,173.03706
875.6194,257.03296,248.0711,176.86551
874.78577,254.53233,248.0711,176.86551
877.2865,252.0317,248.0711,176.86551
876.4529,251.19814,248.0711,176.86551
877.2865,247.03038,248.0711,176.86551
878.12,247.86394,248.0711,176.86551
875.6194,243.69618,248.0711,176.86551
879.7871,244.52974,248.0711,176.86551
875.6194,240.36198,248.0711,176.86551
881.4542,239.52843,248.0711,176.86551
878.9535,238.69487,248.0711,176.86551
878.80365,234.14388,253.55968,180.77866
879.65564,234.99586,253.55968,180.77866
878.80365,232.4399,253.55968,180.77866
879.65564,231.5879,253.55968,180.77866
880.5076,230.73592,253.55968,180.77866
881.3596,229.88393,253.55968,180.77866
880.5076,229.03194,253.55968,180.77866
880.35443,227.91602,259.16968,184.77838
879.4836,225.3035,259.16968,184.77838
882.0961,226.17435,259.16968,184.77838
879.4836,225.3035,259.16968,184.77838
882.0961,226.17435,259.16968,184.77838
881.2253,225.3035,259.16968,184.77838
882.0961,226.17435,259.16968,184.77838
882.967,225.3035,259.16968,184.77838
882.0961,226.17435,259.16968,184.77838
882.967,227.0452,259.16968,184.77838
883.8378,227.91605,259.16968,184.77838
886.4504,228.7869,259.16968,184.77838
883.8378,226.17438,259.16968,184.77838
886.4504,228.7869,259.16968,184.77838
887.3212,227.91605,259.16968,184.77838
886.4504,230.52856,259.16968,184.77838
887.3212,229.65771,259.16968,184.77838
888.1921,232.27023,259.16968,184.77838
887.3212,229.65771,259.16968,184.77838
889.9338,234.01193,259.16968,184.77838
885.5796,231.39941,259.16968,184.77838
889.9338,235.75363,259.16968,184.77838
887.3212,233.14111,259.16968,184.77838
889.9338,237.49533,259.16968,184.77838
887.3212,234.88281,259.16968,184.77838
889.9338,239.23703,259.16968,184.77838
887.3212,236.62451,259.16968,184.77838
891.6754,240.97873,259.16968,184.77838
889.06287,238.36621,259.16968,184.77838
889.9337,242.72043,259.16968,184.77838
887.32117,240.10791,259.16968,184.77838
889.9337,246.2038,259.16968,184.77838
885.5795,240.10791,259.16968,184.77838
888.1921,246.2038,259.16968,184.77838
885.5795,241.84958,259.16968,184.77838
888.1921,246.2038,259.16968,184.77838
885.5795,243.59128,259.16968,184.77838
886.4504,246.2038,259.16968,184.77838
883.8378,241.84958,259.16968,184.77838
886.4504,246.2038,259.16968,184.77838
882.0962,241.84958,259.16968,184.77838
884.70874,244.4621,259.16968,184.77838
882.0962,240.10788,259.16968,184.77838
882.96704,242.7204,259.16968,184.77838
880.3545,238.36618,259.16968,184.77838
881.22534,237.49533,259.16968,184.77838
878.6128,236.62448,259.16968,184.77838
879.48364,235.75363,259.16968,184.77838
878.6128,234.88278,259.16968,184.77838
877.74194,234.01193,259.16968,184.77838
876.8711,231.39941,259.16968,184.77838
877.74194,230.52856,259.16968,184.77838
875.1294,227.91605,259.16968,184.77838
874.25854,228.7869,259.16968,184.77838
873.3877,226.17438,259.16968,184.77838
872.51685,225.30353,259.16968,184.77838
873.3877,224.43268,259.16968,184.77838
870.77515,221.82016,259.16968,184.77838
871.646,224.43268,259.16968,184.77838
869.03345,220.07846,259.16968,184.77838
869.9043,224.43268,259.16968,184.77838
870.77515,220.07846,259.16968,184.77838
869.9043,220.94931,259.16968,184.77838
869.03345,220.07846,259.16968,184.77838
866.4209,219.20761,259.16968,184.77838
869.03345,220.07846,259.16968,184.77838
864.67926,219.20761,259.16968,184.77838
867.2918,221.82013,259.16968,184.77838
864.67926,219.20761,259.16968,184.77838
865.5501,223.56183,259.16968,184.77838
862.93756,220.94931,259.16968,184.77838
863.8084,227.0452,259.16968,184.77838
864.67926,226.17435,259.16968,184.77838
862.0667,227.0452,259.16968,184.77838
862.93756,231.39941,259.16968,184.77838
860.325,230.52856,259.16968,184.77838
862.93756,236.62445,259.16968,184.77838
858.5834,235.7536,259.16968,184.77838
861.1959,241.84949,259.16968,184.77838
858.5834,244.462,259.16968,184.77838
857.7125,248.81622,259.16968,184.77838
856.8417,253.17044,259.16968,184.77838
854.2291,255.78296,259.16968,184.77838
853.3583,261.87885,259.16968,184.77838
852.4874,267.97473,259.16968,184.77838
849.8749,272.32895,259.16968,184.77838
850.7457,278.42484,259.16968,184.77838
848.1332,282.77905,259.16968,184.77838
845.5206,290.6166,259.16968,184.77838
844.6498,296.7125,259.16968,184.77838
843.77893,302.80838,259.16968,184.77838
842.9081,310.64594,259.16968,184.77838
840.29553,316.74182,259.16968,184.77838
837.683,324.57938,259.16968,184.77838
838.55383,332.41693,259.16968,184.77838
835.9413,340.2545,259.16968,184.77838
833.32874,346.35037,259.16968,184.77838
832.4579,354.18793,259.16968,184.77838
828.1037,360.2838,259.16968,184.77838
825.49115,366.3797,259.16968,184.77838
821.13696,372.4756,259.16968,184.77838
818.5244,378.57147,259.16968,184.77838
814.1702,382.9257,259.16968,184.77838
811.5577,389.02158,259.16968,184.77838
807.2035,391.6341,259.16968,184.77838
802.8493,395.9883,259.16968,184.77838
798.4951,400.34253,259.16968,184.77838
794.1409,404.69675,259.16968,184.77838
789.78674,407.30927,259.16968,184.77838
785.43256,409.92178,259.16968,184.77838
781.07837,414.276,259.16968,184.77838
773.2408,416.88852,259.16968,184.77838
768.8866,419.50104,259.16968,184.77838
764.5324,420.37192,259.16968,184.77838
760.1782,422.9844,259.16968,184.77838
755.82404,425.59695,259.16968,184.77838
753.2115,424.7261,259.16968,184.77838
748.8573,427.33865,259.16968,184.77838
746.24475,428.2095,259.16968,184.77838
741.89056,429.08035,259.16968,184.77838
739.278,431.6929,259.16968,184.77838
734.9238,427.3387,259.16968,184.77838
734.053,431.6929,259.16968,184.77838
729.6988,429.08035,259.16968,184.77838
728.82794,431.6929,259.16968,184.77838
726.2154,429.08035,259.16968,184.77838
723.60284,429.9512,259.16968,184.77838
720.9903,429.08035,259.16968,184.77838
718.37775,429.9512,259.16968,184.77838
717.5069,429.08035,259.16968,184.77838
714.89435,428.2095,259.16968,184.77838
714.0235,427.33865,259.16968,184.77838
711.41095,426.4678,259.16968,184.77838
710.5401,427.33865,259.16968,184.77838
707.92755,424.7261,259.16968,184.77838
707.0567,427.33865,259.16968,184.77838
706.18585,422.98447,259.16968,184.77838
705.315,425.59702,259.16968,184.77838
702.70245,422.98447,259.16968,184.77838
703.5733,423.85532,259.16968,184.77838
700.96075,421.24277,259.16968,184.77838
700.0899,422.11362,259.16968,184.77838
699.21906,419.5011,259.16968,184.77838
698.3482,422.11362,259.16968,184.77838
697.47736,417.7594,259.16968,184.77838
698.3482,422.11362,259.16968,184.77838
695.73566,416.01773,259.16968,184.77838
693.7721,418.49115,264.9038,188.86661
692.88196,414.0406,264.9038,188.86661
691.9918,418.49115,264.9038,188.86661
691.1017,412.26038,264.9038,188.86661
690.21155,416.71088,264.9038,188.86661
687.5412,412.26038,264.9038,188.86661
686.65106,414.93066,264.9038,188.86661
685.7609,412.26038,264.9038,188.86661
684.8708,413.15045,264.9038,188.86661
683.98065,408.69995,264.9038,188.86661
683.0905,413.15045,264.9038,188.86661
680.42017,406.91974,264.9038,188.86661
679.53,411.37024,264.9038,188.86661
676.8597,406.91974,264.9038,188.86661
675.96954,411.37024,264.9038,188.86661
675.0794,405.13953,264.9038,188.86661
672.40906,409.59003,264.9038,188.86661
671.5189,403.3593,264.9038,188.86661
670.6288,407.8098,264.9038,188.86661
669.73865,403.3593,264.9038,188.86661
668.8485,406.0296,264.9038,188.86661
667.9584,401.5791,264.9038,188.86661
668.8485,404.2494,264.9038,188.86661
664.39795,398.01868,264.9038,188.86661
663.5078,402.46918,264.9038,188.86661
660.83746,398.01868,264.9038,188.86661
658.1671,402.46918,264.9038,188.86661
655.49677,396.23846,264.9038,188.86661
654.6066,400.68896,264.9038,188.86661
651.9363,394.45825,264.9038,188.86661
651.04614,398.90875,264.9038,188.86661
650.156,394.45825,264.9038,188.86661
647.48566,397.12854,264.9038,188.86661
648.3758,390.89783,264.9038,188.86661
647.48566,395.34833,264.9038,188.86661
646.5955,389.1176,264.9038,188.86661
645.7054,393.5681,264.9038,188.86661
643.03503,387.3374,264.9038,188.86661
642.1449,391.7879,264.9038,188.86661
639.47455,387.3374,264.9038,188.86661
638.5844,390.0077,264.9038,188.86661
635.91406,385.5572,264.9038,188.86661
635.0239,388.22748,264.9038,188.86661
634.1338,383.77698,264.9038,188.86661
631.46344,388.22748,264.9038,188.86661
628.7931,380.2165,264.9038,188.86661
627.90295,386.44727,264.9038,188.86661
627.0128,380.2165,264.9038,188.86661
624.34247,384.66705,264.9038,188.86661
621.6721,378.43628,264.9038,188.86661
617.22156,381.10663,264.9038,188.86661
614.5512,374.87585,264.9038,188.86661
610.10065,379.32642,264.9038,188.86661
605.6501,371.31543,264.9038,188.86661
601.1995,375.76593,264.9038,188.86661
594.96875,371.31543,264.9038,188.86661
590.5182,373.98572,264.9038,188.86661
586.0676,369.53522,264.9038,188.86661
578.05664,372.2055,264.9038,188.86661
571.82587,365.9748,264.9038,188.86661
565.5951,370.4253,264.9038,188.86661
559.3643,364.19458,264.9038,188.86661
549.5731,365.08466,264.9038,188.86661
541.56213,362.41437,264.9038,188.86661
531.77094,363.30444,264.9038,188.86661
523.75995,360.63416,264.9038,188.86661
513.96875,361.52423,264.9038,188.86661
505.95776,358.85394,264.9038,188.86661
492.8689,359.53503,270.7648,193.04529
486.5003,353.1664,270.7648,193.04529
478.31207,355.8958,270.7648,193.04529
470.12384,354.98602,270.7648,193.04529
463.75525,352.25662,270.7648,193.04529
457.38666,354.98602,270.7648,193.04529
452.83765,348.6174,270.7648,193.04529
446.46906,353.1664,270.7648,193.04529
440.10046,346.7978,270.7648,193.04529
435.55145,351.3468,270.7648,193.04529
431.00244,344.97818,270.7648,193.04529
426.45343,347.70758,270.7648,193.04529
421.90442,344.97818,270.7648,193.04529
419.175,345.88797,270.7648,193.04529
416.44556,344.97818,270.7648,193.04529
415.53577,344.0684,270.7648,193.04529
412.80634,344.97818,270.7648,193.04529
410.0769,342.24878,270.7648,193.04529
405.5279,344.97818,270.7648,193.04529
404.6181,342.24878,270.7648,193.04529
403.7083,346.7978,270.7648,193.04529
402.79852,342.24878,270.7648,193.04529
401.88873,343.15857,270.7648,193.04529
404.61816,340.42917,270.7648,193.04529
398.24957,344.97818,270.7648,193.04529
400.979,342.24878,270.7648,193.04529
392.79077,344.97818,270.7648,193.04529
393.70056,347.70758,270.7648,193.04529
385.51233,344.97818,270.7648,193.04529
382.7829,345.88797,270.7648,193.04529
379.53152,345.3156,264.99066,188.92854
376.34952,348.1883,259.33966,184.89958
371.99246,343.83124,259.33966,184.89958
367.6354,342.95984,259.33966,184.89958
363.27835,340.3456,259.33966,184.89958
364.14975,341.217,259.33966,184.89958
347.59293,342.0884,259.33966,184.89958
348.46432,339.47418,259.33966,184.89958
333.65033,343.83124,259.33966,184.89958
339.7502,346.44547,259.33966,184.89958
321.45056,350.80252,259.33966,184.89958
341.49304,356.9024,259.33966,184.89958
337.136,357.7738,259.33966,184.89958
327.55045,358.6452,259.33966,184.89958
314.47928,357.7738,259.33966,184.89958
273.52292,349.9311,259.33966,184.89958
265.6802,347.31686,259.33966,184.89958
270.03726,342.9598,259.33966,184.89958
255.22327,347.31686,259.33966,184.89958
275.62674,340.04932,253.80916,180.95654
257.78293,346.0888,248.3966,177.0976
248.60187,338.57703,248.3966,177.0976
247.76721,344.41953,248.3966,177.0976
255.27899,341.9156,248.3966,177.0976
253.90518,347.8263,243.09947,173.32094
252.5607,336.28992,237.9153,169.62482
245.36588,340.28705,237.9153,169.62482
244.56644,334.69107,237.9153,169.62482
259.7555,327.49625,237.9153,169.62482
268.54916,329.89453,237.9153,169.62482
276.47968,332.47372,232.84169,166.00752
291.782,328.96512,227.87627,162.46736
302.32996,324.0553,223.01674,159.0027
312.0717,327.80212,223.01674,159.0027
326.30957,322.55658,223.01674,159.0027
334.55255,314.3136,223.01674,159.0027
350.28915,300.0757,223.01674,159.0027
364.52704,293.33145,223.01674,159.0027
377.2662,303.07318,223.01674,159.0027
394.50156,309.81744,223.01674,159.0027
409.1582,315.1242,218.26083,155.61192
423.09247,320.25787,218.26083,155.61192
431.15967,315.1242,218.26083,155.61192
433.3598,308.52377,218.26083,155.61192
448.7608,310.7239,218.26083,155.61192
447.5537,317.33127,213.60635,152.29346
456.0575,327.94855,209.05113,149.04575
463.7843,317.412,209.05113,149.04575
474.32086,309.68518,209.05113,149.04575
501.6007,318.7219,204.59305,145.8673
517.41223,323.5341,204.59305,145.8673
524.97424,324.22156,204.59305,145.8673
535.76965,329.08994,200.23004,142.75664
560.6014,323.47882,195.96008,139.71231
588.7115,323.06458,191.78117,136.73291
599.66644,332.73068,191.78117,136.73291
611.91016,339.81915,191.78117,136.73291
607.3993,330.15305,191.78117,136.73291
615.7766,317.9093,191.78117,136.73291
628.0203,321.13135,191.78117,136.73291
640.26404,329.50864,191.78117,136.73291
648.64136,337.88593,191.78117,136.73291
655.72986,333.37506,191.78117,136.73291
660.2407,328.8642,191.78117,136.73291
667.3292,338.5303,191.78117,136.73291
661.52954,331.44183,191.78117,136.73291
688.1566,333.2721,196.02434,139.75813
693.5051,333.77612,200.36137,142.85028
704.9502,341.18173,200.36137,142.85028
715.04877,339.16202,200.36137,142.85028
722.4544,334.44934,200.36137,142.85028
731.2065,333.7761,200.36137,142.85028
738.6121,341.1817,200.36137,142.85028
755.44305,344.54788,200.36137,142.85028
759.51294,335.28427,204.79437,146.01085
767.0824,338.72495,204.79437,146.01085
774.65186,343.54187,204.79437,146.01085
783.59753,342.85373,204.79437,146.01085
791.167,339.41306,204.79437,146.01085
798.73645,342.85373,204.79437,146.01085
789.7908,350.4232,204.79437,146.01085
793.23145,359.36893,204.79437,146.01085
795.96344,367.03488,209.32545,149.24133
792.44666,367.73825,209.32545,149.24133
800.1836,365.62817,209.32545,149.24133
798.07355,355.0778,209.32545,149.24133
801.59033,361.40802,209.32545,149.24133
788.2265,359.29794,209.32545,149.24133
800.1836,358.59457,209.32545,149.24133
831.8347,353.67105,209.32545,149.24133
859.2657,355.78113,209.32545,149.24133
874.0362,367.73822,209.32545,149.24133
744.0707,359.1605,204.86153,146.05872
782.7464,354.74655,200.4928,142.94397
789.6147,384.61768,204.9287,146.1066
820.601,411.47247,204.9287,146.1066
846.19586,414.857,209.46274,149.3392
875.27783,415.3956,214.0971,152.64333
904.77295,417.55377,214.0971,152.64333
938.25836,424.03506,209.53142,149.38817
962.9001,421.9229,209.53142,149.38817
988.9499,425.44318,209.53142,149.38817
1014.9997,428.96344,209.53142,149.38817
1038.2333,426.8513,209.53142,149.38817
1050.2021,428.96344,209.53142,149.38817
1076.252,433.89178,209.53142,149.38817
1009.36725,621.8732,209.53142,149.38817
1038.2333,616.9449,209.53142,149.38817
1053.361,615.1448,205.0631,146.20242
1063.6965,626.8584,205.0631,146.20242
1074.0321,624.79126,205.0631,146.20242
1087.1238,626.8584,205.0631,146.20242
1096.0813,627.5474,205.0631,146.20242
1102.2826,625.4803,205.0631,146.20242
1105.7278,631.68164,205.0631,146.20242
1112.5632,627.26337,200.69006,143.08461
1113.2375,634.68115,200.69006,143.08461
1114.7273,634.2569,196.4103,140.0333
1112.7474,640.19653,196.4103,140.0333
1113.4073,636.8967,196.4103,140.0333
1122.4989,635.20935,192.22179,137.04704
1117.9777,639.7306,192.22179,137.04704
1116.04,641.6683,192.22179,137.04704
1123.6925,637.5266,188.1226,134.12447
1119.2677,643.21564,188.1226,134.12447
1124.32,642.818,184.11084,131.26422
1119.9895,644.6738,184.11084,131.26422
1125.5573,649.0043,184.11084,131.26422
1130.5017,653.3853,180.18462,128.46497
1120.2092,657.6234,180.18462,128.46497
1107.495,654.5962,180.18462,128.46497
1087.8246,660.05084,176.34212,125.72541
1060.578,663.10474,172.58157,123.04428
1022.7338,662.7399,168.90121,120.42033
1002.1072,664.5709,165.29935,117.852325
979.3347,666.2372,165.29935,117.852325
974.13763,670.17053,161.77429,115.33909
958.2489,675.0982,165.35355,117.89097
957.69324,671.2089,165.35355,117.89097
1106.0404,595.0907,165.35355,117.89097
1122.1531,594.5351,165.35355,117.89097
1143.8218,592.8683,165.35355,117.89097
1173.2689,613.4258,165.35355,117.89097
1171.602,591.7571,165.35355,117.89097
1143.9113,586.05225,161.82733,115.37691
1155.3302,588.77106,161.82733,115.37691
1162.399,588.2273,161.82733,115.37691
1165.1178,594.2086,161.82733,115.37691
1019.9342,449.025,161.82733,115.37691
1039.0176,449.44107,165.40776,117.92962
1060.8296,449.86636,169.06741,120.53881
1073.694,451.4799,172.80803,123.205734
1088.4089,458.9499,169.12285,120.57834
1098.4281,461.87878,165.51625,118.006966
1110.1073,467.99646,165.51625,118.006966
1120.6742,470.77722,165.51625,118.006966
1130.4799,473.64365,161.98657,115.49043
1136.9286,477.49817,158.53217,113.027565
1142.7881,479.09625,158.53217,113.027565
1147.5823,481.7597,158.53217,113.027565
1149.1803,485.48853,158.53217,113.027565
1148.6476,488.15198,158.53217,113.027565
1153.932,488.84375,155.15141,110.61722
1156.5387,491.45038,155.15141,110.61722
1158.1027,494.057,155.15141,110.61722
1161.2644,494.73395,151.84276,108.25827
1163.3752,491.46237,148.60466,105.94963
1163.8746,494.95767,148.60466,105.94963
1161.3779,490.4637,148.60466,105.94963
1159.8799,496.955,148.60466,105.94963
1156.3845,493.4597,148.60466,105.94963
1157.8826,498.9523,148.60466,105.94963
1156.0981,492.86276,145.43562,103.69022
1151.7001,496.28354,145.43562,103.69022
1146.1854,489.38184,142.33417,101.479
1138.055,497.51227,142.33417,101.479
1128.0116,491.29492,142.33417,101.479
1114.1421,485.07758,142.33417,101.479
1099.1703,496.3598,145.4833,103.72422
1075.217,498.80402,145.4833,103.72422
1056.1522,500.27057,145.4833,103.72422
1034.1544,494.8933,145.4833,103.72422
1015.08966,495.38214,145.4833,103.72422
993.09186,489.02722,145.4833,103.72422
974.02704,491.47144,145.4833,103.72422
952.4908,484.56747,142.38083,101.51227
931.5578,486.91898,145.531,103.758224
910.53076,481.53995,145.531,103.758224
888.9875,478.40436,142.42752,101.54555
866.0615,474.7984,145.57874,103.792244
845.0276,471.37427,145.57874,103.792244
823.6244,468.70355,148.79967,106.088646
802.5611,463.56982,145.62646,103.82627
782.16626,462.92896,148.84845,106.12343
761.096,456.82947,145.67421,103.86031
738.58795,452.7472,142.56766,101.64546
716.6335,450.1317,145.72197,103.89437
696.00586,444.16034,142.61441,101.678795
674.0441,443.53265,145.76976,103.92844
652.4656,437.55933,142.66118,101.71213
630.42303,429.8652,139.61888,99.54308
611.1885,433.14917,139.61888,99.54308
588.2008,427.98868,139.61888,99.54308
566.1514,424.7047,139.61888,99.54308
543.16376,420.48248,139.61888,99.54308
517.76953,416.94763,142.70795,101.745476
491.09802,411.09973,139.66466,99.57572
465.69543,408.53754,142.75475,101.77883
437.1658,402.68774,139.71046,99.60837
411.3464,400.3405,139.71046,99.60837
377.07703,394.23773,139.71046,99.60837
349.1558,390.3226,136.7311,97.48419
318.3738,385.26883,136.7311,97.48419
285.7541,380.21506,136.7311,97.48419
251.29663,376.99902,136.7311,97.48419
215.11429,358.99692,133.81526,95.40531
176.8953,352.25238,133.81526,95.40531
141.36075,361.9264,136.77592,97.51615
103.132706,365.13898,139.8021,99.6737
58.210457,357.70056,142.89522,101.87898
11.636414,352.41898,142.89522,101.87898
-6.7399178,360.44714,139.84793,99.70638
18.527,410.5345,142.94206,101.912384
1.716423,401.40875,142.94206,101.912384
-9.332832,375.86398,146.10466,104.1672
-41.000095,352.81006,149.33722,106.4719
-18.183575,262.6083,152.64131,108.82759
-35.83584,251.40984,149.38618,106.50681
-55.41209,240.86879,149.38618,106.50681
-69.78504,226.03864,146.20049,104.23552
12.253845,286.4625,146.20049,104.23552
4.885086,290.88376,146.20049,104.23552
4.0764923,290.5747,143.08272,102.012665
-6.0197754,285.2862,143.08272,102.012665
-21.885342,286.72852,143.08272,102.012665
-0.024414062,280.11316,146.24843,104.26969
-7.2505264,260.0956,149.48418,106.57666
-16.721,236.50844,152.79152,108.93467
-17.56604,230.24736,149.53319,106.6116
-12.44347,230.63184,152.84161,108.97038
-10.4045105,233.15613,156.22324,111.381355
-14.855797,237.91472,159.67967,113.845665
-8.272308,245.00525,163.21259,116.3645
-17.474579,247.70082,166.82367,118.939064
-11.308563,254.98793,166.82367,118.939064
-19.71677,258.91174,166.82367,118.939064
-15.165016,262.83008,170.51465,121.57059
-23.759254,264.54895,170.51465,121.57059
-26.624,267.4137,170.51465,121.57059
-22.613358,258.81946,170.51465,121.57059
-16.772026,248.55803,174.2873,124.26034
-11.501396,244.45866,174.2873,124.26034
-18.10991,241.83241,170.57056,121.61045
-14.097946,244.6981,170.57056,121.61045
-11.822479,246.32593,174.34444,124.30108
-11.927811,243.12749,178.20181,127.05124
-18.684753,243.90504,174.40161,124.341835
-12.238647,248.00713,174.40161,124.341835
-18.423866,248.45554,178.26025,127.092896
-11.074318,250.15674,182.20427,129.90483
-20.343414,247.41116,178.31871,127.134575
-12.554184,249.20868,178.31871,127.134575
-17.635033,253.397,182.264,129.94743
-12.123177,251.55972,182.264,129.94743
-21.3096,250.9473,182.264,129.94743
-15.797745,256.45914,182.264,129.94743
-19.720222,262.01096,186.2966,132.82253
-23.163986,259.2037,182.32378,129.99005
-19.460526,266.02853,186.3577,132.86607
-16.329605,271.66418,186.3577,132.86607
-23.21762,271.038,186.3577,132.86607
-16.833557,275.41516,190.48087,135.80574
-14.292473,278.5611,194.69525,138.81044
-19.839943,280.41913,199.00288,141.88162
-13.821884,283.7625,199.00288,141.88162
-22.514633,279.0818,199.00288,141.88162
-12.484543,283.7625,199.00288,141.88162
-20.030205,285.91983,194.7591,138.85596
-12.831657,287.88306,194.7591,138.85596
-18.38095,288.38382,199.06815,141.92815
-13.698708,291.72827,199.06815,141.92815
-15.206924,289.46423,203.47253,145.06831
-16.748512,289.9874,207.97437,148.27795
-12.524017,290.52216,212.5758,151.55861
-20.381088,282.66507,212.5758,151.55861
-12.524017,286.23648,212.5758,151.55861
-20.58432,284.41016,208.04256,148.32657
-11.496704,283.71112,208.04256,148.32657
-18.037567,283.27136,203.60599,145.16347
-12.482208,283.79486,208.11076,148.37521
-21.5728,278.89996,208.11076,148.37521
-12.992538,280.88605,212.71521,151.65802
-20.854767,277.31232,212.71521,151.65802
-15.851532,280.88605,212.71521,151.65802
-22.539307,276.3029,208.179,148.42387
-12.046722,274.20438,208.179,148.42387
-15.894981,273.76428,203.73952,145.2587
-16.018066,277.1292,208.24725,148.47255
-14.691925,274.76074,212.85472,151.7575
-21.384087,270.1746,208.31554,148.52124
-13.684479,270.87454,208.31554,148.52124
-18.16761,268.5053,212.92451,151.80727
-12.358002,267.5682,217.63547,155.166
-17.790764,264.28876,212.99432,151.85704
-11.979248,264.83643,217.70682,155.21687
-20.02597,258.25275,217.70682,155.21687
-17.831413,260.4473,217.70682,155.21687
-13.409225,264.04285,222.52357,158.65105
-24.624802,255.81808,222.52357,158.65105
-14.904633,253.57498,222.52357,158.65105
-27.615616,252.82727,222.52357,158.65105
-19.992615,248.74496,227.44691,162.1612
-16.95839,254.08722,232.47917,165.74901
-18.719742,246.58047,237.62277,169.4162
-18.863297,242.22116,242.88017,173.16454
-20.703445,244.5391,248.25389,176.9958
-15.660767,238.25386,253.7465,180.91183
-25.282158,234.43027,248.33528,177.05383
-19.441109,235.26471,248.33528,177.05383
-16.128227,234.17178,253.8297,180.97115
-27.39692,225.41449,248.4167,177.11188
-18.215118,221.24094,248.4167,177.11188
-29.066338,213.72855,248.4167,177.11188
-19.884537,207.88559,248.4167,177.11188
-21.766632,210.25635,253.91292,181.03047
-20.149681,207.36853,259.53073,185.03577
-33.35253,196.73349,253.99615,181.08983
-23.964508,192.46622,253.99615,181.08983
-26.52488,189.90585,253.99615,181.08983
-20.550682,189.0524,253.99615,181.08983
-20.704124,189.70547,259.6158,185.09644
-28.555183,181.85443,259.6158,185.09644
-17.214767,175.74805,259.6158,185.09644
-27.058708,171.83601,254.07942,181.1492
-17.667603,165.85986,254.07942,181.1492
-28.94738,160.38548,248.6611,177.28613
-23.879997,158.24918,243.35832,173.50545
-18.156013,162.33774,243.35832,173.50545
-30.4217,154.97833,243.35832,173.50545
-18.156013,150.88977,243.35832,173.50545
-23.393295,156.60574,248.74263,177.34425
-19.214272,152.42673,248.74263,177.34425
-28.645935,147.06735,243.43813,173.56233
-18.609146,152.7852,248.82419,177.4024
-28.043907,145.81235,243.51794,173.61925
-18.00383,151.53207,248.90578,177.46057
-30.549118,147.35031,248.90578,177.46057
-18.00383,148.18666,248.90578,177.46057
-25.829437,142.82375,243.5978,173.67618
-15.188713,146.91634,243.5978,173.67618
-24.4253,141.66779,238.403,169.97249
-16.258316,145.6052,243.67767,173.73312
-25.497925,138.77655,238.48117,170.02821
-16.683357,142.78317,238.48117,170.02821
-25.725937,137.64488,233.3955,166.40231
-17.099342,139.99759,233.3955,166.40231
-23.749504,145.47955,238.55937,170.08397
-18.13839,139.86844,238.55937,170.08397
-21.6091,145.47171,243.8375,173.84708
-30.854774,138.63858,238.63759,170.13974
-18.827019,141.04413,238.63759,170.13974
-15.643517,146.64923,243.91745,173.90408
-24.89222,139.81387,238.71584,170.19553
-16.714516,145.4208,243.99742,173.9611
-27.5467,140.16367,238.7941,170.25133
-18.720566,144.17557,238.7941,170.25133
-27.775002,139.03052,233.70174,166.62067
-19.137085,142.95685,233.70174,166.62067
-16.019424,146.81659,238.87239,170.30714
-25.076836,144.76439,233.77837,166.6753
-14.865044,145.54991,233.77837,166.6753
-25.076836,147.90648,233.77837,166.6753
-14.865044,145.54991,233.77837,166.6753
-23.729301,146.56998,228.79297,163.1209
-19.885445,148.87631,228.79297,163.1209
-18.428467,154.25018,233.85501,166.72995
-15.308762,156.48196,239.02905,170.41885
-24.372108,152.88013,233.93169,166.78462
-17.989319,158.37471,239.10742,170.47473
-27.055634,154.7717,234.00838,166.83931
-18.40638,158.70316,234.00838,166.83931
-20.179314,164.19955,239.1858,170.53062
-29.248604,159.04607,234.0851,166.89401
-19.023407,162.97884,234.0851,166.89401
-17.53273,168.477,239.26424,170.58655
-26.604996,164.87161,234.16185,166.94875
-17.950073,168.80566,234.16185,166.94875
-26.254707,174.30565,239.34268,170.64249
-15.799858,175.10988,239.34268,170.64249
-26.254707,175.91411,239.34268,170.64249
-15.799858,178.32677,239.34268,170.64249
-22.619476,183.94843,244.63814,174.41795
-17.650238,189.69447,250.05075,178.27695
-27.1315,184.30688,244.71834,174.47514
-16.441833,191.70743,244.71834,174.47514
-25.72091,189.60501,239.49965,170.75441
-18.478188,196.84775,239.49965,170.75441
-27.55938,193.2388,234.39224,167.11302
-18.895943,198.75189,234.39224,167.11302
-17.403305,205.89153,239.57817,170.8104
-26.48748,203.83324,234.4691,167.16782
-17.821198,210.92384,234.4691,167.16782
-17.962845,218.06583,239.65672,170.86641
-27.049995,216.00688,234.54597,167.22263
-16.804672,221.5236,234.54597,167.22263
-25.122925,228.66791,239.7353,170.92242
-19.484154,232.69559,239.7353,170.92242
-16.285995,239.99796,245.03944,174.70409
-27.164444,239.47998,239.8139,170.97847
-16.68901,245.1206,239.8139,170.97847
-27.335472,243.06029,234.6998,167.3323
-18.660667,251.73509,234.6998,167.3323
-17.166077,260.52048,239.89253,171.03453
-25.67395,266.15506,245.20015,174.81866
-21.554443,270.27457,245.20015,174.81866
-18.283386,279.453,250.6252,178.68652
-30.66674,281.84485,256.1703,182.63997
-23.67717,289.64783,261.83804,186.68088
-23.83535,295.79785,267.6312,190.81119
-31.928802,298.49567,267.6312,190.81119
-22.760529,302.9158,273.55252,195.03288
-31.03305,307.51166,273.55252,195.03288
-17.245522,312.1075,273.55252,195.03288
-32.87139,311.18835,273.55252,195.03288
-21.981087,315.92578,267.71893,190.87375
-28.278053,320.42358,267.71893,190.87375
-20.181946,321.32318,267.71893,190.87375
-31.543297,325.74475,273.6422,195.09683
-20.261208,332.17203,279.69653,199.41335
-28.230637,336.7914,285.88483,203.82536
-29.811775,334.33533,279.78824,199.47873
-19.470436,339.03595,279.78824,199.47873
-35.4525,336.21558,279.78824,199.47873
-21.350677,342.7964,279.78824,199.47873
-37.33274,341.85626,279.78824,199.47873
-25.11116,346.5569,279.78824,199.47873
-39.34455,342.34088,273.82166,195.2248
-29.223747,346.94125,273.82166,195.2248
-19.102943,349.70148,273.82166,195.2248
-36.584335,346.94125,273.82166,195.2248
-24.623383,349.70148,273.82166,195.2248
-31.063896,350.62155,273.82166,195.2248
-17.262802,349.70148,273.82166,195.2248
-34.744194,345.1011,273.82166,195.2248
-20.9431,347.86133,273.82166,195.2248
-36.584343,343.26096,273.82166,195.2248
-26.46354,344.18103,273.82166,195.2248
-20.023026,345.1011,273.82166,195.2248
-35.66427,340.50073,273.82166,195.2248
-30.10225,343.11395,279.87997,199.54414
-17.876663,342.17352,279.87997,199.54414
-31.983109,337.47137,279.87997,199.54414
-17.876663,340.29266,279.87997,199.54414
-31.983109,335.5905,279.87997,199.54414
-17.876663,334.6501,279.87997,199.54414
-30.10225,331.8288,279.87997,199.54414
-14.114944,329.0075,279.87997,199.54414
-31.846558,333.6299,286.07233,203.95906
-15.505531,328.82373,286.07233,203.95906
-29.92408,327.8625,286.07233,203.95906
-17.428001,328.82373,286.07233,203.95906
-29.92408,318.25012,286.07233,203.95906
-19.35048,323.0563,286.07233,203.95906
-17.528748,323.79187,292.40167,208.47165
-28.336288,314.94934,292.40167,208.47165
-15.563736,315.93182,292.40167,208.47165
-26.371284,311.01935,292.40167,208.47165
-18.393158,315.84854,298.87106,213.08409
-31.448303,308.81885,298.87106,213.08409
-18.393158,309.8231,298.87106,213.08409
-35.46527,304.80188,298.87106,213.08409
-16.384674,303.79764,298.87106,213.08409
-31.448303,300.7849,298.87106,213.08409
-22.410126,303.79764,298.87106,213.08409
-37.1773,304.5661,305.48358,217.79858
-34.097916,297.3809,305.48358,217.79858
-47.061905,300.29626,312.2424,222.61737
-71.19787,303.27612,319.15076,227.54279
-82.51667,299.64633,326.21198,232.57716
-78.16489,291.3874,333.4294,237.72293
-29.54654,292.2447,340.80655,242.98254
-12.369293,291.09955,340.80655,242.98254
-14.254196,283.75653,333.53876,237.80087
-13.938446,280.89105,326.42593,232.72969
-19.422592,281.98788,326.42593,232.72969
-20.519424,278.6974,326.42593,232.72969
-10.6479645,279.79422,326.42593,232.72969
-13.938446,280.89105,326.42593,232.72969
-19.422592,277.60056,326.42593,232.72969
-22.713074,280.89105,326.42593,232.72969
-19.422592,277.60056,326.42593,232.72969
-2.9701538,272.1164,326.42593,232.72969
-6.2606354,273.21323,326.42593,232.72969
1.4171753,267.72906,326.42593,232.72969
0.32034302,257.8576,326.42593,232.72969
12.385468,252.37344,326.42593,232.72969
30.39563,250.93683,333.6481,237.87883
51.696472,252.05792,333.6481,237.87883
81.966095,255.4212,333.6481,237.87883
105.50914,256.5423,333.6481,237.87883
142.50533,246.45242,333.6481,237.87883
168.29054,247.57352,333.6481,237.87883
194.07576,239.72583,333.6481,237.87883
233.31416,240.84692,333.6481,237.87883
252.37282,239.72583,333.6481,237.87883
271.43146,240.84692,333.6481,237.87883
287.51385,239.37854,341.03006,243.14189
332.20398,242.81625,341.03006,243.14189
351.01996,231.80438,348.57535,248.52141
367.82184,239.9917,356.28757,254.01994
371.41333,236.4002,356.28757,254.01994
377.39917,230.41437,356.28757,254.01994
388.1737,236.4002,356.28757,254.01994
394.15955,237.59738,356.28757,254.01994
407.32837,241.18887,356.28757,254.01994
430.0746,247.17471,356.28757,254.01994
440.84912,248.37189,356.28757,254.01994
442.04626,239.9917,356.28757,254.01994
452.8208,245.97754,356.28757,254.01994
458.80664,251.96338,356.28757,254.01994
469.58118,253.16055,356.28757,254.01994
477.96136,259.1464,356.28757,254.01994
492.65088,265.03073,364.17044,259.64014
508.5584,271.14902,364.17044,259.64014
497.54553,277.2673,364.17044,259.64014
520.795,280.93826,364.17044,259.64014
532.93396,284.88614,356.4044,254.10323
551.73975,291.05838,348.80396,248.6844
565.62585,297.099,341.3656,243.38113
259.36917,346.4212,341.3656,243.38113
230.60194,344.91885,348.9183,248.76595
234.11916,343.74646,348.9183,248.76595
245.74977,349.78906,341.4775,243.46094
246.89717,355.5261,341.4775,243.46094
246.69087,356.4041,349.03268,248.8475
254.9004,352.88574,349.03268,248.8475
268.79565,361.1911,341.58945,243.54076
269.94342,366.93,341.58945,243.54076
277.97784,365.78223,341.58945,243.54076
281.4212,373.81668,341.58945,243.54076
289.45563,370.37335,341.58945,243.54076
290.6034,378.4078,341.58945,243.54076
300.9334,370.37335,341.58945,243.54076
302.08118,378.4078,341.58945,243.54076
312.4112,372.6689,341.58945,243.54076
313.55896,380.70337,341.58945,243.54076
322.8792,372.0551,349.14713,248.9291
312.32062,366.18924,349.14713,248.9291
320.53284,374.40146,349.14713,248.9291
308.15018,360.69315,356.872,254.43665
318.94235,369.08707,356.872,254.43665
329.73453,358.2949,356.872,254.43665
341.63025,369.0984,349.2616,249.01071
342.80383,360.88348,349.2616,249.01071
348.67163,364.40417,349.2616,249.01071
354.53943,356.1892,349.2616,249.01071
358.06012,362.057,349.2616,249.01071
371.96448,356.79413,341.81348,243.70049
377.70715,357.94266,341.81348,243.70049
385.7469,352.19998,341.81348,243.70049
393.78662,355.64557,341.81348,243.70049
404.1234,349.9029,341.81348,243.70049
415.5172,344.75226,334.5242,238.5035
425.6336,345.8763,334.5242,238.5035
431.25378,342.50418,334.5242,238.5035
436.87396,339.13205,334.5242,238.5035
436.67188,332.99503,341.92554,243.78038
442.41644,327.2505,341.92554,243.78038
450.4588,326.1016,341.92554,243.78038
456.20337,320.35706,341.92554,243.78038
461.94794,321.50595,341.92554,243.78038
465.39465,313.4636,341.92554,243.78038
466.54358,319.20813,341.92554,243.78038
472.28815,311.16577,341.92554,243.78038
478.0327,310.01688,341.92554,243.78038
483.77728,306.57016,341.92554,243.78038
492.96002,305.84735,334.63388,238.5817
491.83563,306.9718,334.63388,238.5817
495.20886,305.84735,334.63388,238.5817
491.83563,306.9718,334.63388,238.5817
497.4577,303.59857,334.63388,238.5817
494.08447,304.72296,334.63388,238.5817
495.20886,303.59857,334.63388,238.5817
496.33325,302.47412,334.63388,238.5817
495.20886,303.59857,334.63388,238.5817
496.33325,300.22534,334.63388,238.5817
500.9851,308.1881,327.4977,233.49387
495.48297,300.4851,327.4977,233.49387
492.1817,308.1881,327.4977,233.49387
488.88043,302.6859,327.4977,233.49387
487.78003,308.1881,327.4977,233.49387
484.47876,304.88678,327.4977,233.49387
486.91006,310.55844,320.51373,228.51454
483.67917,313.78934,320.51373,228.51454
484.75613,310.55844,320.51373,228.51454
479.3713,318.0972,320.51373,228.51454
482.6022,314.8663,320.51373,228.51454
475.06345,322.40506,320.51373,228.51454
478.29434,321.3281,320.51373,228.51454
475.06345,326.71292,320.51373,228.51454
478.29434,325.63596,320.51373,228.51454
472.90952,331.02078,320.51373,228.51454
467.5247,334.25168,320.51373,228.51454
477.21738,333.1747,320.51373,228.51454
473.98648,336.4056,320.51373,228.51454
470.75558,339.6365,320.51373,228.51454
465.37076,345.02133,320.51373,228.51454
464.2938,348.25223,320.51373,228.51454
459.63074,346.8416,327.6051,233.57042
454.12677,354.54715,327.6051,233.57042
456.55893,364.46466,320.61884,228.58946
457.63626,367.69662,320.61884,228.58946
456.55893,373.08322,320.61884,228.58946
457.63626,376.3152,320.61884,228.58946
454.40433,383.8564,320.61884,228.58946
445.26892,384.6808,327.71252,233.647
448.5724,385.78198,327.71252,233.647
445.26892,391.28772,327.71252,233.647
448.5724,394.5912,327.71252,233.647
447.47125,395.69238,327.71252,233.647
444.1678,403.40045,327.71252,233.647
439.40002,401.9582,334.96317,238.81644
440.5255,405.33472,334.96317,238.81644
443.90204,404.20923,334.96317,238.81644
445.02753,407.58575,334.96317,238.81644
446.153,408.71124,334.96317,238.81644
447.2785,412.08777,334.96317,238.81644
450.65503,413.21326,334.96317,238.81644
454.03156,412.08777,334.96317,238.81644
455.15704,417.71533,334.96317,238.81644
458.53357,412.08777,334.96317,238.81644
461.9101,419.96637,334.96317,238.81644
465.28662,414.3388,334.96317,238.81644
466.4121,417.71533,334.96317,238.81644
472.03967,416.58984,334.96317,238.81644
475.4162,415.46436,334.96317,238.81644
478.79272,416.58984,334.96317,238.81644
482.16925,415.46436,334.96317,238.81644
485.54578,416.58984,334.96317,238.81644
488.9223,415.46436,334.96317,238.81644
492.29883,416.58984,334.96317,238.81644
497.9264,415.46436,334.96317,238.81644
508.05603,421.09192,334.96317,238.81644
502.42847,422.2174,334.96317,238.81644
488.21338,420.74323,342.37424,244.10025
498.56714,421.89362,342.37424,244.10025
488.21338,418.44238,342.37424,244.10025
503.16882,419.59277,342.37424,244.10025
501.27527,421.08667,335.073,238.89474
511.4082,424.4643,335.073,238.89474
505.21423,417.24484,327.92746,233.80025
521.7424,420.55045,327.92746,233.80025
516.233,419.44858,327.92746,233.80025
517.33484,416.14297,327.92746,233.80025
522.84424,415.0411,327.92746,233.80025
506.3161,418.3467,327.92746,233.80025
491.9917,406.2261,327.92746,233.80025
501.90857,407.32797,327.92746,233.80025
483.41937,408.1711,335.18286,238.97308
493.55566,402.53983,335.18286,238.97308
478.91437,401.41354,335.18286,238.97308
489.05066,404.79233,335.18286,238.97308
478.91437,396.90854,335.18286,238.97308
493.55566,402.53983,335.18286,238.97308
483.41937,392.40353,335.18286,238.97308
498.06067,398.03482,335.18286,238.97308
509.23343,386.47083,328.03497,233.8769
505.29437,398.52612,321.03952,228.8894
497.7433,390.975,321.03952,228.8894
485.87726,396.36865,321.03952,228.8894
509.05548,383.21313,314.19327,224.00827
499.55396,390.6032,314.19327,224.00827
492.16388,393.7704,314.19327,224.00827
504.67206,378.86023,307.493,219.23123
495.37317,388.15918,307.493,219.23123
490.2071,380.9267,307.493,219.23123
506.43207,374.30145,300.93564,214.55606
499.35382,381.3797,300.93564,214.55606
496.3203,384.41327,300.93564,214.55606
507.4433,371.26794,300.93564,214.55606
505.77893,376.47955,294.5181,209.98059
515.5962,368.2262,288.2374,205.50269
515.869,375.08493,282.09064,201.12029
527.0993,367.1798,276.07498,196.83133
520.6058,371.81805,276.07498,196.83133
533.3847,365.86975,270.1876,192.63383
527.02966,370.40906,270.1876,192.63383
535.20044,364.05402,270.1876,192.63383
528.8454,368.59332,270.1876,192.63383
541.35187,362.77188,264.42575,188.52586
535.1323,365.43738,264.42575,188.52586
541.35187,360.99487,264.42575,188.52586
533.35535,363.66037,264.42575,188.52586
545.5951,359.67584,258.7868,184.5055
539.5083,358.80627,258.7868,184.5055
538.6387,354.4585,258.7868,184.5055
537.76917,358.80627,258.7868,184.5055
548.07166,353.23047,253.2681,180.57086
542.11456,355.7835,253.2681,180.57086
553.8378,358.5291,247.86708,176.72014
549.6735,352.69907,247.86708,176.72014
545.5092,355.19766,247.86708,176.72014
549.6735,356.03052,247.86708,176.72014
548.84064,351.8662,247.86708,176.72014
551.33923,354.3648,247.86708,176.72014
553.8378,350.2005,247.86708,176.72014
546.34204,354.3648,247.86708,176.72014
550.50635,346.86905,247.86708,176.72014
544.67633,352.6991,247.86708,176.72014
543.84344,345.20334,247.86708,176.72014
538.0134,349.36765,247.86708,176.72014
533.8491,346.86905,247.86708,176.72014
545.3224,354.37268,242.58124,172.95152
541.2468,347.03677,242.58124,172.95152
535.54114,352.7425,242.58124,172.95152
539.6167,355.1878,242.58124,172.95152
538.8015,349.4821,242.58124,172.95152
533.0958,355.1878,242.58124,172.95152
535.54114,349.4821,242.58124,172.95152
531.4657,355.1878,242.58124,172.95152
532.28076,352.7425,242.58124,172.95152
531.4657,355.1878,242.58124,172.95152
532.28076,352.7425,242.58124,172.95152
528.2053,358.4482,242.58124,172.95152
530.65063,354.3727,242.58124,172.95152
528.2053,360.07843,242.58124,172.95152
525.76,360.89352,242.58124,172.95152
523.3147,361.70862,242.58124,172.95152
524.12976,357.63312,242.58124,172.95152
523.3147,364.96902,242.58124,172.95152
525.1156,370.74133,237.40813,169.26328
522.7224,373.13452,237.40813,169.26328
526.711,367.55048,237.40813,169.26328
522.7224,374.72992,237.40813,169.26328
520.3292,378.7185,237.40813,169.26328
522.7224,369.9436,237.40813,169.26328
520.3292,375.52765,237.40813,169.26328
514.7452,381.1117,237.40813,169.26328
521.121,380.60983,232.34532,165.65369
515.656,389.19763,232.34532,165.65369
524.9058,385.6965,227.39049,162.12108
522.1753,392.58023,222.54132,158.6638
524.4186,381.36374,222.54132,158.6638
514.69763,388.09363,222.54132,158.6638
504.9767,393.32797,222.54132,158.6638
506.62885,402.94788,217.79556,155.28024
504.01355,409.54114,213.151,151.96884
508.3573,414.61316,208.6055,148.72806
516.662,422.27942,204.15692,145.55638
524.7896,416.5583,199.8032,142.45235
512.0368,413.54755,195.54234,139.4145
522.3547,420.73373,191.37234,136.44145
517.5775,424.04794,187.29128,133.5318
527.45996,430.9309,183.29723,130.68419
509.8243,428.16888,179.38835,127.89731
508.83215,424.30377,175.56284,125.16986
506.72403,425.06982,171.81891,122.50057
500.37338,419.87384,171.81891,122.50057
508.32654,420.62354,168.15482,119.888214
506.3073,419.1789,164.56886,117.33156
505.39713,420.96295,161.05939,114.82943
507.63605,418.53598,157.62474,112.38066
505.74326,418.20276,154.26335,109.98411
505.88928,416.87744,150.97363,107.638664
505.38202,413.32642,150.97363,107.638664
504.87476,409.7754,150.97363,107.638664
504.03976,409.45624,147.75407,105.34324
501.5574,408.95978,147.75407,105.34324
499.07504,406.47742,147.75407,105.34324
494.60678,405.98096,147.75407,105.34324
490.13852,402.50565,147.75407,105.34324
484.67734,402.0092,147.75407,105.34324
479.21616,398.53387,147.75407,105.34324
474.7479,396.0515,147.75407,105.34324
469.2867,394.5621,147.75407,105.34324
462.8326,391.0868,147.75407,105.34324
455.38553,386.61856,147.75407,105.34324
446.94553,383.14325,147.75407,105.34324
436.51962,378.67502,147.75407,105.34324
427.08667,376.19266,147.75407,105.34324
416.66077,370.73148,147.75407,105.34324
404.249,367.25616,147.75407,105.34324
393.8231,361.79498,147.75407,105.34324
381.41132,358.31967,147.75407,105.34324
369.9925,353.85144,147.75407,105.34324
358.57367,349.3832,147.75407,105.34324
346.1619,344.91498,147.75407,105.34324
333.75012,340.44675,147.75407,105.34324
322.3313,336.97144,147.75407,105.34324
310.91248,333.49612,147.75407,105.34324
297.50775,330.0208,147.75407,105.34324
283.11008,324.55963,147.75407,105.34324
271.69125,322.07727,147.75407,105.34324
258.28653,318.60196,147.75407,105.34324
248.85358,316.1196,147.75407,105.34324
233.46298,313.63724,147.75407,105.34324
225.02298,312.14783,147.75407,105.34324
208.63943,308.67252,147.75407,105.34324
199.20648,309.16898,147.75407,105.34324
188.78058,305.69366,147.75407,105.34324
173.38998,308.17603,147.75407,105.34324
163.95703,301.7219,147.75407,105.34324
149.55936,305.1972,147.75407,105.34324
141.11935,298.74307,147.75407,105.34324
127.71462,302.21838,147.75407,105.34324
116.295784,297.75015,147.75407,105.34324
104.876945,299.23956,147.75407,105.34324
91.47222,297.75015,147.75407,105.34324
79.06045,300.2325,147.75407,105.34324
68.634544,295.76428,147.75407,105.34324
53.243935,299.2396,147.75407,105.34324
42.81804,296.75723,147.75407,105.34324
26.434486,300.23254,147.75407,105.34324
15.015648,298.74313,147.75407,105.34324
1.6109238,301.2255,147.75407,105.34324
-7.822029,299.73608,147.75407,105.34324
-18.209743,302.29492,144.60318,103.09676
-28.413303,300.83728,144.60318,103.09676
-38.616863,303.2667,144.60318,103.09676
-48.820423,300.83728,144.60318,103.09676
-45.873604,292.1018,141.51947,100.89819
-54.90633,287.2193,138.50153,98.746506
-15.348896,276.51553,138.50153,98.746506
-20.260902,272.04333,141.56587,100.931274
-16.459011,267.15924,138.54694,98.778885
-7.613861,258.3141,138.54694,98.778885
-16.459011,253.1932,138.54694,98.778885
-15.062408,256.45193,138.54694,98.778885
-19.252216,260.64175,138.54694,98.778885
-37.96678,263.93854,135.59238,96.67239
-22.922562,259.56024,138.59236,98.81127
-18.73138,270.27103,138.59236,98.81127
108.736496,398.179,141.65872,100.997475
74.94119,389.13516,141.65872,100.997475
36.385994,384.85126,141.65872,100.997475
-11.689007,388.1832,141.65872,100.997475
-27.396679,371.52353,141.65872,100.997475
-31.680592,352.00793,141.65872,100.997475
-28.34866,314.40472,141.65872,100.997475
-20.256828,292.98517,141.65872,100.997475
-24.540741,278.22946,141.65872,100.997475
-28.824654,276.80148,141.65872,100.997475
-36.916485,295.3651,141.65872,100.997475
-30.728615,290.1292,141.65872,100.997475
63.993423,163.03987,141.65872,100.997475
172.04318,206.35497,141.65872,100.997475
154.43155,206.83095,141.65872,100.997475
133.012,204.451,141.65872,100.997475
110.64046,202.07106,141.65872,100.997475
90.17288,198.73914,141.65872,100.997475
81.129074,199.21512,141.65872,100.997475
74.94121,194.93121,141.65872,100.997475
66.954185,191.34473,144.79292,103.23204
65.215515,187.28717,141.70517,101.03059
63.513916,184.234,138.68326,98.876076
60.950302,180.34763,135.7258,96.76752
61.95793,177.4233,132.8314,94.70392
59.726288,175.19165,132.8314,94.70392
63.743248,172.96,132.8314,94.70392
61.28781,169.23764,129.99873,92.684326
67.83997,167.9272,129.99873,92.684326
72.17326,165.9683,127.22647,90.7078
76.02072,165.54082,127.22647,90.7078
79.86818,162.54834,127.22647,90.7078
84.57063,159.55586,127.22647,90.7078
89.27309,157.41838,127.22647,90.7078
93.120544,155.2809,127.22647,90.7078
98.67799,153.99841,127.22647,90.7078
103.38045,152.71593,127.22647,90.7078
108.0829,150.57845,127.22647,90.7078
113.64035,150.15096,127.22647,90.7078
119.1978,148.86847,127.22647,90.7078
123.04526,146.73099,127.22647,90.7078
128.6027,148.86847,127.22647,90.7078
134.16016,145.87599,127.22647,90.7078
138.00761,147.15848,127.22647,90.7078
141.85507,144.166,127.22647,90.7078
146.55753,146.30348,127.22647,90.7078
148.695,144.166,127.22647,90.7078
153.39746,147.15848,127.22647,90.7078
151.25998,144.166,127.22647,90.7078
157.67242,148.01346,127.22647,90.7078
159.8099,146.73097,127.22647,90.7078
163.65736,149.72345,127.22647,90.7078
160.66489,146.73097,127.22647,90.7078
167.07733,151.43343,127.22647,90.7078
164.08485,148.44095,127.22647,90.7078
168.78731,152.2884,127.22647,90.7078
165.79483,150.15092,127.22647,90.7078
172.20728,154.85338,127.22647,90.7078
170.0698,156.99086,127.22647,90.7078
168.78731,158.27335,127.22647,90.7078
173.48976,160.41083,127.22647,90.7078
170.49728,161.69331,127.22647,90.7078
175.19974,165.54077,127.22647,90.7078
171.35228,165.96826,127.22647,90.7078
173.48976,169.81572,127.22647,90.7078
171.35228,171.9532,127.22647,90.7078
175.19974,174.94568,127.22647,90.7078
172.20726,177.93816,127.22647,90.7078
170.92477,180.07564,127.22647,90.7078
170.49728,183.9231,127.22647,90.7078
171.77977,187.77055,127.22647,90.7078
170.49728,190.76303,127.22647,90.7078
168.3598,193.75551,127.22647,90.7078
167.07732,196.74799,127.22647,90.7078
165.79483,199.74046,127.22647,90.7078
164.51234,201.87794,127.22647,90.7078
163.22986,204.87042,127.22647,90.7078
161.09238,207.8629,127.22647,90.7078
158.9549,210.00038,127.22647,90.7078
156.81741,212.13786,127.22647,90.7078
155.53493,214.27534,127.22647,90.7078
151.68747,212.13786,127.22647,90.7078
149.54999,216.84032,127.22647,90.7078
153.39745,220.68779,127.22647,90.7078
148.69499,218.55031,127.22647,90.7078
146.55751,221.54277,127.22647,90.7078
143.56503,221.11528,127.22647,90.7078
145.70251,224.96275,127.22647,90.7078
143.35068,223.04562,124.51333,88.77343
141.25877,225.13751,124.51333,88.77343
145.02419,227.2294,124.51333,88.77343
140.42201,223.46399,124.51333,88.77343
145.02419,227.2294,124.51333,88.77343
141.25877,224.30075,124.51333,88.77343
146.69771,228.06616,124.51333,88.77343
143.76906,223.46399,124.51333,88.77343
149.208,226.39264,124.51333,88.77343
147.11609,222.62723,124.51333,88.77343
153.39178,223.88235,124.51333,88.77343
157.1572,221.79047,124.51333,88.77343
161.75937,223.88235,124.51333,88.77343
159.66747,219.28018,124.51333,88.77343
166.77992,221.37207,124.51333,88.77343
163.85127,216.7699,124.51333,88.77343
170.12697,218.02502,124.51333,88.77343
168.03506,214.25961,124.51333,88.77343
173.474,216.3515,124.51333,88.77343
170.54535,211.74933,124.51333,88.77343
174.31076,210.49419,124.51333,88.77343
170.54535,209.23904,124.51333,88.77343
168.45345,205.47363,124.51333,88.77343
170.54535,207.56554,124.51333,88.77343
165.94318,202.96336,124.51333,88.77343
162.17776,201.70822,124.51333,88.77343
158.41235,197.94281,124.51333,88.77343
155.4837,198.36119,124.51333,88.77343
151.71829,195.43254,124.51333,88.77343
147.11612,195.01416,124.51333,88.77343
141.67719,192.08551,124.51333,88.77343
137.07501,191.66713,124.51333,88.77343
132.47284,187.90172,124.51333,88.77343
127.87067,185.80981,124.51333,88.77343
123.26849,183.71791,124.51333,88.77343
119.50308,182.46277,124.51333,88.77343
116.57443,182.88115,124.51333,88.77343
113.64578,179.11574,124.51333,88.77343
111.55388,181.20764,124.51333,88.77343
108.62523,177.44223,124.51333,88.77343
108.20685,180.37088,124.51333,88.77343
106.114944,176.60547,124.51333,88.77343
109.043594,180.37088,124.51333,88.77343
105.27818,176.60547,124.51333,88.77343
109.043594,179.53412,124.51333,88.77343
105.27818,175.7687,124.51333,88.77343
109.880356,178.69736,124.51333,88.77343
106.114944,174.93195,124.51333,88.77343
112.39064,179.53412,124.51333,88.77343
109.46199,176.60547,124.51333,88.77343
115.737686,181.20764,124.51333,88.77343
112.80904,177.44223,124.51333,88.77343
119.08473,182.0444,124.51333,88.77343
116.15608,178.27899,124.51333,88.77343
122.43178,181.20764,124.51333,88.77343
121.176636,177.44223,124.51333,88.77343
127.45233,181.20764,124.51333,88.77343
125.36043,178.27899,124.51333,88.77343
132.47289,182.0444,124.51333,88.77343
134.56479,178.27899,124.51333,88.77343
140.84048,181.20764,124.51333,88.77343
137.91183,177.44223,124.51333,88.77343
252.43079,112.652054,127.26819,90.73754
251.46655,108.54256,130.084,92.74511
254.52625,110.72804,130.084,92.74511
255.35464,105.62065,132.96211,94.7971
258.48203,108.74803,132.96211,94.7971
262.50293,105.62065,132.96211,94.7971
266.52383,108.74803,132.96211,94.7971
270.54474,104.72711,132.96211,94.7971
275.4592,107.85449,132.96211,94.7971
279.08704,103.561134,135.9039,96.894485
284.11023,105.8444,135.9039,96.894485
289.13342,102.64782,135.9039,96.894485
294.15662,103.10447,135.9039,96.894485
299.1798,99.90789,135.9039,96.894485
304.203,100.36454,135.9039,96.894485
309.80624,101.66153,138.91077,99.03828
313.59644,97.1761,141.98416,101.2295
318.4604,99.52106,145.12556,103.4692
322.84915,93.18175,145.12556,103.4692
328.2132,96.595215,145.12556,103.4692
331.62668,91.231186,145.12556,103.4692
336.99072,94.64465,145.12556,103.4692
340.4042,89.280624,145.12556,103.4692
344.79297,88.792984,145.12556,103.4692
350.157,91.231186,145.12556,103.4692
352.5952,86.84244,145.12556,103.4692
356.98398,89.28064,145.12556,103.4692
360.39746,83.91661,145.12556,103.4692
363.81094,86.35481,145.12556,103.4692
366.24915,80.99078,145.12556,103.4692
370.6379,85.37953,145.12556,103.4692
372.10083,79.04022,145.12556,103.4692
376.4896,83.42897,145.12556,103.4692
377.9525,78.06494,145.12556,103.4692
381.366,80.50314,145.12556,103.4692
382.82892,76.114395,145.12556,103.4692
386.2424,79.52786,145.12556,103.4692
387.70532,75.139114,145.12556,103.4692
390.14352,77.5773,145.12556,103.4692
391.60645,73.18855,145.12556,103.4692
394.04465,75.62674,145.12556,103.4692
396.48285,73.18855,145.12556,103.4692
398.92105,76.60202,145.12556,103.4692
400.38397,72.21327,145.12556,103.4692
403.33185,75.62196,148.33647,105.75845
404.82712,71.136116,148.33647,105.75845
407.31924,75.62196,148.33647,105.75845
406.82083,70.13926,148.33647,105.75845
408.3161,74.625114,148.33647,105.75845
405.82397,70.13926,148.33647,105.75845
409.87134,73.62338,151.61842,108.09836
404.26733,69.03828,151.61842,108.09836
408.40424,72.59948,154.97298,110.490036
413.0908,72.07875,154.97298,110.490036
407.3628,67.392204,154.97298,110.490036
412.67172,73.19322,158.40175,112.93463
405.7525,68.402985,158.40175,112.93463
411.1789,73.227936,161.90639,115.43331
405.1946,68.33171,161.90639,115.43331
411.1789,73.227936,161.90639,115.43331
404.10657,69.41977,161.90639,115.43331
410.09085,75.40404,161.90639,115.43331
404.10657,70.50781,161.90639,115.43331
410.09085,76.49208,161.90639,115.43331
401.93048,73.77196,161.90639,115.43331
407.91476,78.66818,161.90639,115.43331
400.84244,74.860016,161.90639,115.43331
405.73865,79.75624,161.90639,115.43331
398.66632,77.03612,161.90639,115.43331
393.576,80.888756,158.45369,112.971664
398.3678,83.550865,158.45369,112.971664
391.4463,81.95359,158.45369,112.971664
384.52478,80.356316,158.45369,112.971664
388.25174,87.277824,158.45369,112.971664
378.213,82.16135,161.95947,115.47116
371.13837,87.05917,161.95947,115.47116
366.24054,83.249756,161.95947,115.47116
361.14853,90.250854,158.50563,113.008705
364.8767,90.78345,158.50563,113.008705
355.82254,87.05527,158.50563,113.008705
349.96396,93.979034,158.50563,113.008705
343.0402,90.250854,158.50563,113.008705
336.11642,96.109436,158.50563,113.008705
329.19266,93.44644,158.50563,113.008705
322.2689,98.23982,158.50563,113.008705
315.34512,94.51164,158.50563,113.008705
309.48654,98.23982,158.50563,113.008705
302.56277,95.57683,158.50563,113.008705
296.7042,100.37021,158.50563,113.008705
289.78043,97.707214,158.50563,113.008705
283.92184,102.500595,158.50563,113.008705
276.99808,98.772415,158.50563,113.008705
271.1395,103.565796,158.50563,113.008705
265.2809,99.837616,158.50563,113.008705
261.55273,104.631,158.50563,113.008705
254.62897,99.837616,158.50563,113.008705
248.77039,105.6962,158.50563,113.008705
242.9118,101.96802,158.50563,113.008705
247.70517,107.8266,158.50563,113.008705
237.66315,102.708435,162.01257,115.509026
228.40866,102.16405,162.01257,115.509026
219.15417,100.5309,162.01257,115.509026
208.81091,97.80899,162.01257,115.509026
197.3789,97.2646,162.01257,115.509026
184.85553,90.903625,165.5971,118.06466
158.7035,84.78294,165.5971,118.06466
149.24426,87.56508,165.5971,118.06466
123.09224,80.33154,165.5971,118.06466
93.60167,71.98515,165.5971,118.06466
84.26496,65.483444,169.26094,120.67684
58.199867,55.297485,173.00584,123.34682
5.0208206,41.26745,176.8336,126.07587
-26.470818,28.789627,176.8336,126.07587
-41.325363,15.123444,176.8336,126.07587
-56.17991,3.833992,176.8336,126.07587
-29.162338,-0.6430397,180.74605,128.8653
88.08407,9.511658,176.89159,126.1172
65.3358,1.1172142,173.11932,123.42772
19.381386,-7.608307,173.11932,123.42772
-20.82341,-12.459675,169.4275,120.795586
-28.345093,-23.792221,165.8144,118.21958
-24.966019,100.445404,162.27837,115.69852
-24.8124,96.948975,158.81773,113.23121
-20.547192,101.75682,155.4309,110.81652
-15.366165,102.435036,152.11629,108.45332
-20.148705,106.0547,148.87236,106.140526
-21.93637,103.81142,145.69762,103.877045
-19.910984,105.390884,142.59058,101.661835
-19.431862,104.91176,142.59058,101.661835
-17.036255,105.390884,142.59058,101.661835
-13.682407,104.91176,142.59058,101.661835
-12.245045,105.390884,142.59058,101.661835
-11.765923,104.91176,142.59058,101.661835
-12.245045,107.30736,142.59058,101.661835
-11.765923,103.95351,142.59058,101.661835
-9.370316,108.265594,142.59058,101.661835
-14.640648,102.995255,142.59058,101.661835
-9.370316,108.265594,142.59058,101.661835
-14.640648,103.95351,142.59058,101.661835
-11.2868,107.30736,142.59058,101.661835
-14.846245,103.31151,139.54979,99.493866
-12.501724,105.65602,139.54979,99.493866
-18.696999,102.64929,136.57385,97.37213
-17.683079,103.24522,133.66138,95.29564
-21.019627,102.09689,130.811,93.26343
-21.743103,102.66766,128.02142,91.27456
-22.451149,104.88475,125.29133,89.3281
-20.34618,108.67369,125.29133,89.3281
-17.792912,111.655045,122.61945,87.42316
-15.29409,113.77858,120.004555,85.55883
-19.067036,114.302216,117.44542,83.73426
-16.304623,117.06464,117.44542,83.73426
-13.919003,119.00432,120.0439,85.58688
91.16586,32.44088,117.483925,83.76172
48.926556,33.62516,117.483925,83.76172
-3.5765038,30.86184,117.483925,83.76172
-30.860672,29.091526,114.978546,81.97547
6.6144524,85.88373,114.978546,81.97547
3.1373787,94.76958,114.978546,81.97547
2.2662582,97.470184,117.522446,83.78918
-4.4468613,121.558426,117.522446,83.78918
-27.172579,135.7734,115.01624,82.00235
-30.043694,142.98026,112.563484,80.253624
-8.7929,126.70185,110.16303,78.54219
16.007877,113.0059,110.16303,78.54219
67.48869,91.366135,107.813774,76.867256
20.756252,88.10573,107.813774,76.867256
-28.874329,-8.61957,107.813774,76.867256
-1.7043037,27.969402,107.813774,76.867256
38.90183,52.183605,105.51461,75.228035
47.76537,26.30207,105.51461,75.228035
5.032547,17.745285,107.84912,76.892456
73.3949,-57.924416,110.23528,78.593704
61.91238,-75.33339,110.23528,78.593704
73.44122,-69.14014,107.88448,76.91767
89.172195,-80.1457,110.27143,78.61948
97.1335,-77.52174,107.91986,76.942894
