563.0,311.0,103.0,123.0
568.7778,311.44446,103.0,123.0
571.8889,313.6667,103.0,123.0
567.0,316.7778,103.0,123.0
560.3333,318.11115,103.0,123.0
553.6666,320.33337,103.0,123.0
546.99994,321.66672,103.0,123.0
542.111,322.11118,103.0,123.0
535.44434,324.3334,103.0,123.0
534.9999,327.44452,103.0,123.0
538.9999,328.77786,103.0,123.0
541.2221,327.44452,103.0,123.0
541.466,327.46716,105.27888,125.721375
543.7374,327.01288,105.27888,125.721375
547.8259,330.19284,105.27888,125.721375
551.9144,331.55566,105.27888,125.721375
556.9115,332.9185,105.27888,125.721375
553.73157,335.18988,105.27888,125.721375
555.0944,334.7356,105.27888,125.721375
554.64014,336.09842,105.27888,125.721375
556.91156,334.7356,105.27888,125.721375
562.8172,334.2813,105.27888,125.721375
565.8944,331.47656,107.60817,128.50296
566.35876,331.94092,107.60817,128.50296
570.5377,331.47656,107.60817,128.50296
571.9307,329.1549,107.60817,128.50296
573.3237,330.5479,107.60817,128.50296
578.43134,331.01227,107.60817,128.50296
578.8957,330.5479,107.60817,128.50296
577.5027,331.01227,107.60817,128.50296
576.1097,330.5479,107.60817,128.50296
573.788,325.4403,107.60817,128.50296
570.5377,323.11865,107.60817,128.50296
570.07336,322.6543,107.60817,128.50296
572.395,317.5467,107.60817,128.50296
568.21606,315.22504,107.60817,128.50296
569.6091,316.61804,107.60817,128.50296
570.0734,317.08234,107.60817,128.50296
566.8231,314.76068,107.60817,128.50296
567.2875,314.2964,107.60817,128.50296
575.1811,313.83203,107.60817,128.50296
579.36005,315.22504,107.60817,128.50296
582.61035,315.6894,107.60817,128.50296
584.932,316.1537,107.60817,128.50296
583.539,316.61804,107.60817,128.50296
582.146,315.22504,107.60817,128.50296
585.3963,314.76068,107.60817,128.50296
585.86066,316.1537,107.60817,128.50296
583.539,316.61804,107.60817,128.50296
583.07465,315.22504,107.60817,128.50296
582.6103,316.61804,107.60817,128.50296
581.2173,318.01105,107.60817,128.50296
583.53894,315.6894,107.60817,128.50296
585.8606,317.0824,107.60817,128.50296
590.03955,316.61804,107.60817,128.50296
591.43256,315.22504,107.60817,128.50296
592.82556,317.5467,107.60817,128.50296
589.57526,317.0824,107.60817,128.50296
590.0396,319.40405,107.60817,128.50296
584.0033,321.7257,107.60817,128.50296
581.3676,322.71286,109.989,131.34608
580.893,324.13666,109.989,131.34608
578.51996,325.56046,109.989,131.34608
576.1469,326.98425,109.989,131.34608
577.57074,326.50964,109.989,131.34608
570.93756,328.50342,112.42251,134.25212
571.42267,328.98853,112.42251,134.25212
571.9078,329.47363,112.42251,134.25212
570.45245,330.92896,112.42251,134.25212
572.878,331.41406,112.42251,134.25212
570.45245,332.8694,112.42251,134.25212
567.0567,334.3247,112.42251,134.25212
567.5418,333.8396,112.42251,134.25212
565.1163,336.26514,112.42251,134.25212
561.7205,334.8098,112.42251,134.25212
559.295,336.26514,112.42251,134.25212
556.86945,336.75024,112.42251,134.25212
553.4737,339.17578,112.42251,134.25212
553.9588,337.72046,112.42251,134.25212
551.53326,341.11618,112.42251,134.25212
549.1077,339.66086,112.42251,134.25212
548.6226,342.0864,112.42251,134.25212
551.04816,339.66086,112.42251,134.25212
547.6524,338.20554,112.42251,134.25212
552.0184,337.72043,112.42251,134.25212
558.3247,337.23532,112.42251,134.25212
562.6907,335.78,112.42251,134.25212
568.997,335.2949,112.42251,134.25212
575.30334,333.83957,112.42251,134.25212
576.75867,335.2949,112.42251,134.25212
579.1842,334.80978,112.42251,134.25212
582.57996,334.32468,112.42251,134.25212
585.0055,333.83957,112.42251,134.25212
583.5502,335.2949,112.42251,134.25212
586.9459,332.86935,112.42251,134.25212
582.57996,337.2353,112.42251,134.25212
585.9757,334.80975,112.42251,134.25212
584.5204,332.38422,112.42251,134.25212
584.0353,334.80975,112.42251,134.25212
581.60974,331.41403,112.42251,134.25212
585.0055,327.0481,112.42251,134.25212
583.5502,322.68216,112.42251,134.25212
586.9459,318.31622,112.42251,134.25212
589.37146,313.9503,112.42251,134.25212
588.88635,311.52475,112.42251,134.25212
593.2523,310.06943,112.42251,134.25212
597.6183,306.6737,112.42251,134.25212
597.1332,309.09924,112.42251,134.25212
603.4395,307.64392,112.42251,134.25212
606.83527,310.06946,112.42251,134.25212
603.4395,309.58435,112.42251,134.25212
607.8055,312.0099,112.42251,134.25212
608.2906,311.52478,112.42251,134.25212
610.7161,316.86093,112.42251,134.25212
606.35016,319.28647,112.42251,134.25212
612.6565,317.83115,112.42251,134.25212
612.1714,323.1673,112.42251,134.25212
608.77563,323.6524,112.42251,134.25212
616.0522,326.07794,112.42251,134.25212
610.71606,325.59283,112.42251,134.25212
608.2905,329.95877,112.42251,134.25212
612.6565,325.59283,112.42251,134.25212
614.1118,328.98856,112.42251,134.25212
611.6863,324.62262,112.42251,134.25212
617.9926,328.98856,112.42251,134.25212
614.59686,325.59283,112.42251,134.25212
618.9628,328.01837,112.42251,134.25212
615.5671,324.62265,112.42251,134.25212
617.9926,327.0482,112.42251,134.25212
617.78864,325.2067,110.02506,131.38916
622.06146,327.5805,110.02506,131.38916
619.6877,326.15622,110.02506,131.38916
618.2634,328.53003,110.02506,131.38916
615.88965,327.10574,110.02506,131.38916
609.7178,329.47955,110.02506,131.38916
598.7983,329.0048,110.02506,131.38916
594.02264,329.03296,107.67874,128.58725
588.4532,335.33026,105.38246,125.845085
583.4512,333.05664,105.38246,125.845085
583.25995,339.2197,103.13515,123.1614
579.2547,337.8846,103.13515,123.1614
581.47986,343.66998,103.13515,123.1614
580.1448,341.44482,103.13515,123.1614
578.8097,345.4501,103.13515,123.1614
582.912,344.6186,100.93576,120.53494
585.08966,346.79633,100.93576,120.53494
581.1698,344.6186,100.93576,120.53494
585.08966,345.05414,100.93576,120.53494
581.1698,343.74756,100.93576,120.53494
584.21857,346.79633,100.93576,120.53494
579.4276,344.6186,100.93576,120.53494
587.6404,343.80487,98.78327,117.9645
583.80414,345.93613,98.78327,117.9645
590.1979,348.06738,98.78327,117.9645
586.36163,344.2311,98.78327,117.9645
584.2304,348.91986,98.78327,117.9645
588.9813,353.0536,96.67669,115.448875
585.22687,350.96777,96.67669,115.448875
585.8556,358.23,94.61503,112.98689
588.045,362.1893,92.597336,110.577415
592.49835,361.44275,90.62267,108.21932
588.979,366.52625,90.62267,108.21932
594.8451,370.31848,88.69012,105.911514
599.11053,369.60345,86.798775,103.652916
597.23785,372.9743,86.798775,103.652916
600.6087,371.10162,86.798775,103.652916
603.23047,371.47617,86.798775,103.652916
602.351,372.94235,84.94776,101.44249
604.1838,376.2413,84.94776,101.44249
605.28345,372.94235,84.94776,101.44249
605.12933,375.79053,83.13622,99.2792
605.48804,375.4318,83.13622,99.2792
607.99915,375.79053,83.13622,99.2792
607.8483,377.19485,81.36332,97.16204
606.0929,379.65244,81.36332,97.16204
609.3292,381.7036,79.62822,95.090034
608.29846,381.36002,79.62822,95.090034
609.3292,381.01642,79.62822,95.090034
608.98566,381.36002,79.62822,95.090034
606.5805,383.7652,79.62822,95.090034
608.98566,383.4216,79.62822,95.090034
608.6421,384.4524,79.62822,95.090034
609.67285,385.4832,79.62822,95.090034
614.1396,383.7652,79.62822,95.090034
617.23193,382.7344,79.62822,95.090034
617.74976,384.74185,77.93012,93.06221
618.25665,388.65115,76.26824,91.07763
622.5349,387.00568,76.26824,91.07763
622.3965,387.6596,74.6418,89.13537
627.22766,385.40506,74.6418,89.13537
626.4714,388.52856,73.05004,87.23453
625.1236,390.9778,71.492226,85.37422
631.60187,390.6693,71.492226,85.37422
630.2828,394.85034,69.967636,83.55359
628.9918,398.94223,68.475555,81.77178
614.6279,404.08603,67.0153,80.02798
611.447,402.06183,67.0153,80.02798
612.8929,404.08603,67.0153,80.02798
613.7604,402.64017,67.0153,80.02798
615.3111,400.985,65.586174,78.32136
609.934,404.09805,65.586174,78.32136
610.783,402.683,65.586174,78.32136
611.06604,405.79608,65.586174,78.32136
607.38696,403.24902,65.586174,78.32136
611.6324,401.62915,64.18753,76.65113
610.24756,405.22977,64.18753,76.65113
612.2667,400.97482,62.81871,75.016525
614.24286,398.90076,61.479084,73.41678
616.1769,399.9393,60.168022,71.85114
614.06573,396.95178,58.884922,70.31889
616.89777,393.53818,57.629185,68.81932
637.5374,389.3108,57.629185,68.81932
639.27814,388.06744,57.629185,68.81932
640.61163,388.56155,56.400227,67.35173
642.38586,387.16858,55.197475,65.915436
642.624,386.45404,55.197475,65.915436
644.76764,389.07397,55.197475,65.915436
643.5767,386.93042,55.197475,65.915436
642.8622,385.7395,55.197475,65.915436
582.1558,422.48468,54.020374,64.509766
576.2163,420.25177,52.868374,63.134075
576.3415,421.68347,54.038086,64.530914
577.92096,422.66302,55.233677,65.958664
578.05176,421.6861,56.455723,67.418
578.6909,422.20398,57.704807,68.90962
577.7942,422.21664,58.981525,70.43425
574.76526,420.11722,60.28649,71.99261
571.6693,420.13046,61.62033,73.58544
570.1601,422.35092,62.98368,75.21352
566.3617,417.8533,64.3772,76.87762
562.47925,418.44388,65.801544,78.57854
483.09793,413.74506,67.2574,80.317085
471.77948,417.51788,67.2574,80.317085
465.31454,419.33926,68.74547,82.0941
462.6448,423.78882,68.74547,82.0941
458.7885,427.05182,68.74547,82.0941
454.93222,430.9081,68.74547,82.0941
461.16162,428.83163,68.74547,82.0941
465.61118,424.97534,68.74547,82.0941
467.09436,421.11905,68.74547,82.0941
470.95065,417.26276,68.74547,82.0941
467.68765,414.59302,68.74547,82.0941
471.54395,410.73672,68.74547,82.0941
470.06076,413.99973,68.74547,82.0941
469.17084,411.92325,68.74547,82.0941
454.04233,406.8804,68.74547,82.0941
438.91382,401.83755,68.74547,82.0941
416.07272,403.32074,68.74547,82.0941
392.63837,406.58374,68.74547,82.0941
370.98383,417.55933,68.74547,82.0941
349.92258,422.00888,68.74547,82.0941
336.57388,424.67862,68.74547,82.0941
332.12433,427.94162,68.74547,82.0941
328.26804,431.7979,68.74547,82.0941
323.81848,435.0609,68.74547,82.0941
322.3353,439.51047,68.74547,82.0941
327.9714,441.58694,68.74547,82.0941
340.13354,437.1374,68.74547,82.0941
342.75842,430.38177,70.266464,83.91043
341.24243,418.55695,70.266464,83.91043
337.90723,411.5833,70.266464,83.91043
335.78482,405.21613,70.266464,83.91043
345.18405,393.99768,70.266464,83.91043
349.12567,391.26892,70.266464,83.91043
354.2801,387.93372,70.266464,83.91043
352.98364,393.7965,68.76801,82.12102
357.43466,389.3455,68.76801,82.12102
361.9076,385.6663,70.289505,83.93794
367.0637,383.54318,70.289505,83.93794
380.7122,380.81348,70.289505,83.93794
394.0949,377.05286,71.84466,85.79507
406.18533,373.64273,71.84466,85.79507
409.59546,367.1325,71.84466,85.79507
406.80536,361.2423,71.84466,85.79507
405.0457,347.1061,73.43422,87.69328
400.29263,341.0856,73.43422,87.69328
394.90585,336.33255,73.43422,87.69328
370.5069,320.1722,73.43422,87.69328
338.50308,318.58786,73.43422,87.69328
322.34274,326.50958,73.43422,87.69328
314.42102,335.6988,73.43422,87.69328
310.64987,344.2625,75.05895,89.6335
327.81552,358.18936,75.05895,89.6335
354.0498,372.1162,75.05895,89.6335
388.705,375.03113,75.05895,89.6335
422.7124,378.5938,75.05895,89.6335
441.17358,376.32666,75.05895,89.6335
455.7482,372.76398,75.05895,89.6335
467.73178,366.61026,75.05895,89.6335
463.8772,368.6429,76.719635,91.61664
435.07623,375.59488,76.719635,91.61664
342.52362,392.78476,78.41705,93.643654
247.92328,413.86557,80.15203,95.71552
155.57948,439.11313,80.15203,95.71552
113.730804,454.6767,80.15203,95.71552
85.7164,473.0071,80.15203,95.71552
68.0777,479.5784,80.15203,95.71552
80.874405,483.38284,80.15203,95.71552
118.5728,501.7133,80.15203,95.71552
157.65463,507.59286,80.15203,95.71552
184.97733,503.78842,80.15203,95.71552
193.62375,495.142,80.15203,95.71552
197.42818,467.8193,80.15203,95.71552
193.62375,452.25574,80.15203,95.71552
192.58618,438.7673,80.15203,95.71552
186.01491,432.88773,80.15203,95.71552
171.83478,429.0833,80.15203,95.71552
159.03807,425.9706,80.15203,95.71552
151.77507,422.1662,80.15203,95.71552
147.27893,416.97833,80.15203,95.71552
153.8502,412.48218,80.15203,95.71552
172.87233,410.7529,80.15203,95.71552
209.1873,399.33963,80.15203,95.71552
224.05914,387.23465,80.15203,95.71552
230.63043,371.67108,80.15203,95.71552
239.96857,354.7241,80.15203,95.71552
261.75754,338.4688,80.15203,95.71552
277.3211,332.58923,80.15203,95.71552
281.81726,328.78482,80.15203,95.71552
287.00513,324.28867,80.15203,95.71552
260.37415,312.1837,80.15203,95.71552
212.30003,338.12296,80.15203,95.71552
119.95624,412.48218,80.15203,95.71552
101.625824,416.97833,80.15203,95.71552
87.445694,428.3916,80.15203,95.71552
81.56613,430.12088,80.15203,95.71552
97.821396,446.37616,80.15203,95.71552
169.41377,451.56403,80.15203,95.71552
194.66133,449.14304,80.15203,95.71552
198.46576,445.33862,80.15203,95.71552
195.35304,441.5342,80.15203,95.71552
188.09004,437.03806,80.15203,95.71552
182.90219,433.23364,80.15203,95.71552
175.63919,426.66235,80.15203,95.71552
169.06792,431.1585,80.15203,95.71552
166.25565,436.5127,78.442764,93.67436
190.96478,439.55902,78.442764,93.67436
218.38177,437.8666,78.442764,93.67436
240.38306,433.46634,78.442764,93.67436
267.12308,429.74304,78.442764,93.67436
293.8631,424.66583,78.442764,93.67436
315.86438,410.7881,78.442764,93.67436
337.86566,405.71088,78.442764,93.67436
344.2968,402.66455,78.442764,93.67436
350.72797,400.29517,78.442764,93.67436
355.12823,404.69543,78.442764,93.67436
358.85153,400.29517,78.442764,93.67436
355.8052,406.04935,78.442764,93.67436
353.43582,411.12656,78.442764,93.67436
369.34445,408.75717,78.442764,93.67436
383.2222,413.15744,78.442764,93.67436
430.27112,410.78806,78.442764,93.67436
476.1095,405.8889,80.178314,95.74691
523.50745,404.15903,80.178314,95.74691
539.0761,389.28232,80.178314,95.74691
544.2657,382.01694,80.178314,95.74691
552.223,379.59515,80.178314,95.74691
560.18036,361.95068,80.178314,95.74691
548.0714,358.14502,80.178314,95.74691
502.05737,357.10712,80.178314,95.74691
485.10486,364.3725,80.178314,95.74691
470.9201,372.3298,80.178314,95.74691
455.35144,382.36295,80.178314,95.74691
448.778,388.24445,80.178314,95.74691
451.19977,390.66623,80.178314,95.74691
452.23767,392.3961,80.178314,95.74691
454.6595,393.434,80.178314,95.74691
450.85382,396.54773,80.178314,95.74691
456.04333,391.3582,80.178314,95.74691
441.16663,388.24445,80.178314,95.74691
417.29468,389.9743,80.178314,95.74691
389.27112,389.62833,80.178314,95.74691
369.55078,388.59042,80.178314,95.74691
353.98212,393.08804,80.178314,95.74691
348.7926,395.50983,80.178314,95.74691
347.06274,397.9316,80.178314,95.74691
355.71198,404.50504,80.178314,95.74691
371.9726,411.07846,80.178314,95.74691
397.2284,403.81308,80.178314,95.74691
445.3183,390.32025,80.178314,95.74691
481.64514,374.05966,80.178314,95.74691
495.138,356.4152,80.178314,95.74691
494.79205,349.84177,80.178314,95.74691
495.138,346.0361,80.178314,95.74691
472.64996,329.08356,80.178314,95.74691
422.48425,325.96982,80.178314,95.74691
369.55038,343.93466,81.95226,97.86531
328.8835,373.99277,81.95226,97.86531
303.0689,410.41614,81.95226,97.86531
289.27753,430.57275,81.95226,97.86531
282.55865,443.65686,81.95226,97.86531
287.1558,459.56998,81.95226,97.86531
349.7474,466.28885,81.95226,97.86531
321.81104,462.399,81.95226,97.86531
295.99643,440.82788,81.95226,97.86531
299.93787,425.17004,80.204605,95.778305
317.80536,412.51474,78.49422,93.7358
341.16812,405.35266,76.820305,91.736855
355.0867,401.53836,75.18209,89.78054
348.27405,397.96985,75.18209,89.78054
381.0396,385.9666,75.18209,89.78054
367.0814,383.29053,76.8455,91.76694
347.99805,388.81177,78.5457,93.79728
322.86633,394.4552,80.28352,95.87254
310.8363,397.34818,82.0598,97.99372
311.89856,394.86957,82.0598,97.99372
312.96082,395.93182,82.0598,97.99372
317.56396,394.16138,82.0598,97.99372
320.75076,391.68277,82.0598,97.99372
321.81302,384.95508,82.0598,97.99372
319.3344,378.2274,82.0598,97.99372
319.8681,374.1529,80.30985,95.90398
300.6435,369.1371,82.08671,98.02585
372.54712,363.82404,82.08671,98.02585
348.8154,359.21936,82.08671,98.02585
327.6955,353.3576,83.90288,100.19467
315.02405,359.51233,83.90288,100.19467
311.0416,363.49475,83.90288,100.19467
314.29996,359.51233,83.90288,100.19467
320.45468,356.25397,83.90288,100.19467
326.6094,353.71967,83.90288,100.19467
329.1437,349.01312,83.90288,100.19467
320.81674,342.8584,83.90288,100.19467
346.5575,345.88177,85.75923,102.411476
372.0911,337.37057,85.75923,102.411476
416.1273,356.24323,85.75923,102.411476
431.2994,371.41534,85.75923,102.411476
496.77228,355.74353,83.93039,100.22752
472.5075,385.07852,83.93039,100.22752
463.4535,403.5487,83.93039,100.22752
467.49005,411.24973,82.14055,98.09014
526.1007,417.42,80.38888,95.99834
531.3039,394.8729,80.38888,95.99834
543.86304,399.57428,78.67456,93.95114
556.8087,377.99847,76.9968,91.9476
643.13196,329.3427,75.35482,89.98679
699.3841,283.4956,75.35482,89.98679
723.69293,257.81577,73.747856,88.067795
729.73914,229.49393,73.747856,88.067795
732.60315,218.35614,73.747856,88.067795
686.4609,214.21924,73.747856,88.067795
621.91565,213.62468,72.17516,86.18972
597.17,220.24713,70.63601,84.3517
594.4268,227.25742,70.63601,84.3517
602.0467,231.21976,70.63601,84.3517
683.427,224.20947,70.63601,84.3517
667.783,201.4568,72.19883,86.21798
631.333,269.0607,72.19883,86.21798
647.41705,256.4675,70.659164,84.37936
658.6982,250.06468,70.659164,84.37936
650.0083,242.48833,72.222496,86.24625
642.8406,237.19044,72.222496,86.24625
621.96063,240.61848,72.222496,86.24625
644.05743,239.43547,70.68233,84.40702
727.76294,154.01428,72.24617,86.27453
693.78296,146.8442,72.24617,86.27453
676.0136,144.66199,72.24617,86.27453
668.8435,146.8442,72.24617,86.27453
667.2848,152.14383,72.24617,86.27453
668.22003,167.41924,72.24617,86.27453
673.51965,191.42345,72.24617,86.27453
677.5723,223.53299,72.24617,86.27453
682.2485,263.74783,72.24617,86.27453
686.9246,293.9869,72.24617,86.27453
689.0363,328.28674,73.84462,88.18335
691.90405,352.18475,73.84462,88.18335
696.0464,366.52356,73.84462,88.18335
700.826,371.94043,73.84462,88.18335
703.6937,376.08276,73.84462,88.18335
709.1106,371.30316,73.84462,88.18335
713.2529,346.76785,73.84462,88.18335
716.758,325.41895,73.84462,88.18335
722.17487,318.0902,73.84462,88.18335
725.67993,314.58517,73.84462,88.18335
731.7341,317.45294,73.84462,88.18335
736.5137,320.3207,73.84462,88.18335
736.195,321.9139,73.84462,88.18335
737.15094,324.14438,73.84462,88.18335
737.3258,325.48297,75.47843,90.13441
739.5319,327.52698,77.14839,92.12863
726.54895,326.52832,77.14839,92.12863
719.5581,330.85596,77.14839,92.12863
717.22784,335.1836,77.14839,92.12863
720.22394,332.1875,77.14839,92.12863
725.8832,336.51514,77.14839,92.12863
728.8793,339.51123,77.14839,92.12863
733.2069,336.51514,77.14839,92.12863
737.53455,340.84277,77.14839,92.12863
742.528,343.17303,77.14839,92.12863
748.18726,342.84015,77.14839,92.12863
754.51227,347.1678,77.14839,92.12863
758.8399,351.49542,77.14839,92.12863
763.8334,361.1494,77.14839,92.12863
758.17413,373.4666,77.14839,92.12863
746.52277,377.79425,77.14839,92.12863
740.19775,380.79028,77.14839,92.12863
724.55164,379.1258,77.14839,92.12863
708.23975,382.1219,77.14839,92.12863
692.5936,377.12842,77.14839,92.12863
680.2765,374.79816,77.14839,92.12863
674.61725,368.47314,77.14839,92.12863
668.29224,346.8349,77.14839,92.12863
666.62775,338.5125,77.14839,92.12863
668.29224,326.86115,77.14839,92.12863
663.9646,323.19928,77.14839,92.12863
666.29486,326.1953,77.14839,92.12863
663.9646,321.86768,77.14839,92.12863
662.3001,320.2032,77.14839,92.12863
660.6356,323.86505,77.14839,92.12863
656.308,324.19794,77.14839,92.12863
651.3145,327.19403,77.14839,92.12863
648.3184,326.1953,77.14839,92.12863
647.98553,330.52295,77.14839,92.12863
646.9868,330.85583,77.14839,92.12863
647.98553,333.85193,77.14839,92.12863
646.9868,334.8506,77.14839,92.12863
647.3197,337.18085,77.14839,92.12863
650.3158,340.17694,77.14839,92.12863
648.6513,342.5072,77.14839,92.12863
652.3132,346.16907,77.14839,92.12863
649.9829,350.4967,77.14839,92.12863
652.3132,354.15857,77.14839,92.12863
649.9829,356.48883,77.14839,92.12863
652.3132,356.15594,77.14839,92.12863
653.3119,359.8178,77.14839,92.12863
651.6474,362.14807,77.14839,92.12863
656.64087,362.48096,77.14839,92.12863
659.63696,360.81647,77.14839,92.12863
663.9646,363.14673,77.14839,92.12863
670.95544,363.4796,77.14839,92.12863
684.6042,361.81512,77.14839,92.12863
698.2529,364.1454,77.14839,92.12863
712.9416,360.70853,78.8553,94.16698
717.3646,362.13797,80.599976,96.25042
721.88586,364.5725,80.599976,96.25042
724.9634,360.26025,82.38325,98.37996
721.76404,357.06088,82.38325,98.37996
727.0963,353.8615,82.38325,98.37996
721.0531,349.2402,82.38325,98.37996
714.60956,350.73355,84.20598,100.55662
697.468,349.99814,86.06904,102.78143
678.40607,348.4758,87.97331,105.05547
654.98395,349.28284,89.91972,107.37983
643.92535,348.4975,91.909195,109.75561
637.9765,352.0668,91.909195,109.75561
634.4072,354.84293,91.909195,109.75561
634.0106,353.65317,91.909195,109.75561
630.9365,351.20462,93.94269,112.18395
633.77405,350.79926,93.94269,112.18395
636.6116,348.77243,93.94269,112.18395
646.7457,351.61,93.94269,112.18395
669.04065,345.52954,93.94269,112.18395
671.8782,337.0169,93.94269,112.18395
678.7694,330.12573,93.94269,112.18395
685.6605,324.85602,93.94269,112.18395
689.30884,324.45065,93.94269,112.18395
688.90344,324.85602,93.94269,112.18395
691.74097,322.8292,93.94269,112.18395
687.282,324.0453,93.94269,112.18395
679.5801,322.01846,93.94269,112.18395
670.2567,324.85602,93.94269,112.18395
661.74414,326.0721,93.94269,112.18395
658.0958,324.85602,93.94269,112.18395
653.63684,329.31503,93.94269,112.18395
652.4208,329.7204,93.94269,112.18395
655.2583,331.74722,93.94269,112.18395
652.4208,329.7204,93.94269,112.18395
655.2583,332.55795,93.94269,112.18395
654.04224,330.53113,93.94269,112.18395
656.0691,333.36868,93.94269,112.18395
652.4208,334.58478,93.94269,112.18395
653.63684,333.36868,93.94269,112.18395
646.7457,333.77405,93.94269,112.18395
640.6653,336.6116,93.94269,112.18395
626.47754,334.58478,93.94269,112.18395
620.05566,338.51593,91.93933,109.791595
614.10486,336.53235,91.93933,109.791595
611.3278,339.3094,91.93933,109.791595
609.34424,341.29297,91.93933,109.791595
608.9475,341.6897,91.93933,109.791595
608.5508,344.46674,91.93933,109.791595
605.77374,346.45032,91.93933,109.791595
604.58356,344.46674,91.93933,109.791595
604.9803,348.03723,91.93933,109.791595
600.6164,350.81427,91.93933,109.791595
597.83936,349.62408,91.93933,109.791595
596.6492,352.40112,91.93933,109.791595
592.2853,351.211,91.93933,109.791595
590.3017,350.81427,91.93933,109.791595
589.1115,353.5913,91.93933,109.791595
586.3345,353.98804,91.93933,109.791595
585.93774,355.97162,91.93933,109.791595
584.74756,353.98804,91.93933,109.791595
581.9705,357.55847,91.93933,109.791595
583.1607,356.36835,91.93933,109.791595
582.764,355.17816,91.93933,109.791595
579.1935,356.36835,91.93933,109.791595
580.38367,356.76508,91.93933,109.791595
578.4001,354.7815,91.93933,109.791595
581.9706,355.97162,91.93933,109.791595
579.987,355.5749,91.93933,109.791595
577.20996,352.79785,91.93933,109.791595
572.84607,355.5749,91.93933,109.791595
572.44934,354.38477,91.93933,109.791595
573.6395,356.36835,91.93933,109.791595
571.65594,354.38477,91.93933,109.791595
572.0527,352.40118,91.93933,109.791595
571.65594,352.00446,91.93933,109.791595
570.46576,353.19458,91.93933,109.791595
571.65594,352.00446,91.93933,109.791595
568.8789,355.5749,91.93933,109.791595
575.6231,354.38477,91.93933,109.791595
579.987,354.7815,91.93933,109.791595
595.45905,353.5913,91.93933,109.791595
601.40985,352.40118,91.93933,109.791595
606.5672,354.38477,91.93933,109.791595
611.72455,351.60773,91.93933,109.791595
611.3278,354.38477,91.93933,109.791595
609.34424,350.81427,91.93933,109.791595
608.15405,349.62415,91.93933,109.791595
602.20325,347.64056,91.93933,109.791595
597.83936,346.45038,91.93933,109.791595
591.88855,345.26025,91.93933,109.791595
585.93774,346.45038,91.93933,109.791595
582.36725,345.26025,91.93933,109.791595
581.43567,350.6371,89.9787,107.45026
576.3883,350.24884,89.9787,107.45026
583.76514,352.96664,89.9787,107.45026
596.57776,350.24884,89.9787,107.45026
613.2728,354.51968,89.9787,107.45026
618.3202,356.46097,89.9787,107.45026
616.3789,352.96664,89.9787,107.45026
614.4376,351.02536,89.9787,107.45026
616.3789,353.74316,89.9787,107.45026
619.8733,355.68445,89.9787,107.45026
618.7085,354.51968,89.9787,107.45026
628.4149,358.79053,89.9787,107.45026
634.2389,357.62576,89.9787,107.45026
638.50977,360.34357,89.9787,107.45026
646.6632,361.50833,89.9787,107.45026
654.81665,360.34357,89.9787,107.45026
664.5231,359.1788,89.9787,107.45026
672.6765,360.34357,89.9787,107.45026
681.60645,357.62576,89.9787,107.45026
679.66516,356.461,89.9787,107.45026
679.277,354.5197,89.9787,107.45026
678.1122,358.79056,89.9787,107.45026
671.5117,355.29623,89.9787,107.45026
660.2522,357.23752,89.9787,107.45026
649.7693,356.07275,89.9787,107.45026
639.1277,355.34735,88.059875,105.158844
630.3882,351.16754,88.059875,105.158844
625.44836,355.34735,88.059875,105.158844
622.02856,358.76715,88.059875,105.158844
618.60876,365.98676,88.059875,105.158844
617.4689,371.6864,88.059875,105.158844
611.00916,402.46472,88.059875,105.158844
603.02966,417.28394,88.059875,105.158844
604.16956,422.98358,88.059875,105.158844
607.58936,429.44324,88.059875,105.158844
611.00916,435.9029,88.059875,105.158844
618.9888,435.52295,88.059875,105.158844
630.0082,439.7027,88.059875,105.158844
649.3871,437.04285,88.059875,105.158844
678.6455,435.90295,88.059875,105.158844
707.14404,439.32275,88.059875,105.158844
737.16235,437.42285,88.059875,105.158844
761.8611,440.84265,88.059875,105.158844
782.7599,439.7027,88.059875,105.158844
802.1389,443.1225,88.059875,105.158844
821.5178,439.7027,88.059875,105.158844
838.61694,437.04285,88.059875,105.158844
846.59644,440.46265,88.059875,105.158844
855.33594,443.88245,88.059875,105.158844
867.87524,440.46265,88.059875,105.158844
881.17456,435.52295,88.059875,105.158844
887.63416,441.2226,88.059875,105.158844
894.85376,443.88245,88.059875,105.158844
902.8334,448.06226,88.059875,105.158844
915.3727,443.1225,88.059875,105.158844
922.5923,448.8222,88.059875,105.158844
930.5718,454.52185,88.059875,105.158844
943.8711,449.58215,88.059875,105.158844
949.5708,456.0418,88.059875,105.158844
953.7216,460.00348,90.0082,107.48548
957.9939,464.27576,90.0082,107.48548
963.0429,460.78027,90.0082,107.48548
962.65454,465.82928,90.0082,107.48548
968.48035,463.1106,90.0082,107.48548
971.9758,468.1596,90.0082,107.48548
979.35516,464.66412,90.0082,107.48548
984.40424,469.71313,90.0082,107.48548
992.56036,466.21765,90.0082,107.48548
1001.4932,463.49896,90.0082,107.48548
1008.8726,467.77124,90.0082,107.48548
1019.3591,464.27576,90.0082,107.48548
1034.5061,460.00348,90.0082,107.48548
1049.6532,456.508,90.0082,107.48548
1064.0234,461.557,90.0082,107.48548
1079.9473,458.06152,90.0082,107.48548
1094.3175,453.0125,90.0082,107.48548
1102.4736,458.83832,90.0082,107.48548
1116.0671,455.34283,90.0082,107.48548
1124.2233,460.39185,90.0082,107.48548
1135.4865,457.67313,90.0082,107.48548
1145.1962,462.72217,90.0082,107.48548
1159.5664,459.22668,90.0082,107.48548
1175.4902,457.28476,90.0082,107.48548
1185.9767,463.88733,90.0082,107.48548
1194.7977,468.40256,88.08875,105.19332
1191.0627,468.42188,90.03772,107.52072
1196.1135,463.37122,90.03772,107.52072
1191.8398,462.98273,90.03772,107.52072
1193.7825,468.0334,90.03772,107.52072
1194.948,475.41516,90.03772,107.52072
1198.4446,480.46582,90.03772,107.52072
1199.779,484.23358,88.11764,105.227806
1204.017,485.72205,86.2385,102.983795
1206.0126,486.46146,84.39944,100.787636
1199.8214,484.64053,84.39944,100.787636
1196.5437,482.8196,84.39944,100.787636
1195.4512,486.09726,84.39944,100.787636
1194.3586,485.73306,84.39944,100.787636
1199.093,485.36887,84.39944,100.787636
1198.0005,490.83163,84.39944,100.787636
1197.6364,489.0107,84.39944,100.787636
1202.3975,492.54254,82.599594,98.638306
1201.5605,492.56372,80.838135,96.53481
1196.6854,489.68628,82.62668,98.67065
1192.7635,489.32977,82.62668,98.67065
1195.9724,486.12097,82.62668,98.67065
1198.4681,489.32977,82.62668,98.67065
1199.5377,485.4079,82.62668,98.67065
1204.1727,480.77295,82.62668,98.67065
1203.3354,484.91788,80.86464,96.56647
1207.1737,478.28818,80.86464,96.56647
1204.0333,473.75204,80.86464,96.56647
1207.8716,468.5181,80.86464,96.56647
1209.6162,464.67984,80.86464,96.56647
1214.8502,461.53946,80.86464,96.56647
1214.5013,460.49268,80.86464,96.56647
1213.4546,460.14374,80.86464,96.56647
1212.4078,460.49268,80.86464,96.56647
1209.9653,461.53946,80.86464,96.56647
1207.8008,466.94125,79.140175,94.50716
1209.6321,470.9113,77.452484,92.49176
1207.5587,474.15237,75.80079,90.51935
1212.4653,477.32434,74.18431,88.589
1215.4161,474.875,72.60231,86.69981
1216.356,472.05548,72.60231,86.69981
1218.6399,473.2819,71.05405,84.85091
1221.3993,470.5225,71.05405,84.85091
1224.1587,467.7631,71.05405,84.85091
1226.9181,464.3905,71.05405,84.85091
1224.1587,468.37628,71.05405,84.85091
1226.9181,466.8433,71.05405,84.85091
1228.3586,443.956,72.626114,86.72823
1214.8832,449.2835,72.626114,86.72823
1211.1267,479.5076,71.07734,84.87873
1125.3809,563.5282,72.649925,86.756676
1129.4562,565.09564,72.649925,86.756676
1126.0078,569.17096,72.649925,86.756676
1141.3685,562.58777,72.649925,86.756676
1148.5787,559.7664,72.649925,86.756676
1143.2495,565.09564,72.649925,86.756676
1157.3563,559.7664,72.649925,86.756676
1163.3125,557.572,72.649925,86.756676
1159.2372,562.2743,72.649925,86.756676
1162.6855,562.58777,72.649925,86.756676
1166.1339,561.0203,72.649925,86.756676
1168.9553,562.58777,72.649925,86.756676
1171.7767,561.64734,72.649925,86.756676
1174.5981,563.2148,72.649925,86.756676
1188.078,559.13947,72.649925,86.756676
1192.7803,563.84174,72.649925,86.756676
1198.1095,565.4092,72.649925,86.756676
1202.8118,566.3496,72.649925,86.756676
1206.2601,566.6631,72.649925,86.756676
1210.9624,566.3496,72.649925,86.756676
1215.6647,567.29004,72.649925,86.756676
1214.7242,575.1272,72.649925,86.756676
1215.0377,581.08344,72.649925,86.756676
1214.7242,582.6509,72.649925,86.756676
1216.2916,580.4565,72.649925,86.756676
1213.4702,580.76996,72.649925,86.756676
1210.6488,576.69464,72.649925,86.756676
1178.9868,569.4845,72.649925,86.756676
1157.9833,574.18677,72.649925,86.756676
1158.9237,573.8733,72.649925,86.756676
1160.4911,572.93286,72.649925,86.756676
1157.4106,573.59937,74.2573,88.67617
1158.372,575.2015,74.2573,88.67617
1160.6149,574.88104,74.2573,88.67617
1162.1205,572.23785,75.900246,90.63813
1165.7231,573.2204,75.900246,90.63813
1190.9414,568.30774,75.900246,90.63813
1197.8191,567.9802,75.900246,90.63813
1202.1007,570.5251,74.28165,88.705246
1205.6265,572.76874,74.28165,88.705246
1209.1522,567.9609,74.28165,88.705246
1203.7032,572.76874,74.28165,88.705246
1204.6648,576.2945,74.28165,88.705246
1207.5496,577.25604,74.28165,88.705246
1206.588,578.2176,74.28165,88.705246
1211.3964,579.47235,72.69757,86.81358
1214.8927,583.1192,71.14727,84.96226
1219.498,583.13745,69.630035,83.15041
1218.2133,588.368,68.14516,81.377205
1222.0575,587.2517,66.69194,79.641815
1225.2649,590.04254,65.269714,77.94343
1229.4897,590.6022,63.87782,76.28126
1232.0306,593.8066,62.515606,74.65453
1222.5892,597.3134,62.515606,74.65453
1214.9009,633.1507,63.898766,76.30627
1221.6946,641.1398,62.536106,74.679016
1227.3613,636.5525,62.536106,74.679016
1230.8892,637.0887,61.202503,73.086464
1190.483,582.3036,62.55661,74.7035
1193.9922,580.9539,62.55661,74.7035
1210.3835,581.5278,63.940674,76.356316
1217.2811,584.56274,63.940674,76.356316
1222.5233,585.39044,63.940674,76.356316
1219.8121,583.1145,65.35536,78.0457
1224.0426,586.93665,63.96164,76.381355
1226.5868,591.20935,62.597637,74.7525
1230.6388,596.953,61.262722,73.15839
1233.0756,601.04535,59.956276,71.59826
1167.1355,571.1374,58.67769,70.0714
1171.4398,571.897,58.67769,70.0714
1173.7738,573.3762,57.42637,68.57711
1175.5084,573.624,57.42637,68.57711
1180.2166,573.8718,57.42637,68.57711
1184.9247,572.6329,57.42637,68.57711
1191.9856,573.12524,56.201733,67.114685
1201.7009,572.20465,55.003212,65.68344
1206.685,571.01794,55.003212,65.68344
1215.4667,568.8819,55.003212,65.68344
1220.9255,568.64453,55.003212,65.68344
1224.9603,568.8819,55.003212,65.68344
1228.9951,570.0686,55.003212,65.68344
1231.1312,572.20465,55.003212,65.68344
1230.4192,570.0686,55.003212,65.68344
1233.522,574.6579,53.830254,64.28272
1232.8252,573.4965,53.830254,64.28272
1232.2798,575.30133,52.68231,62.911873
1232.9618,575.9833,52.68231,62.911873
1234.5531,578.0292,52.68231,62.911873
1234.7804,576.4379,52.68231,62.911873
1233.4901,578.3363,53.847904,64.303795
1235.1166,576.70984,53.847904,64.303795
1236.2084,573.82886,55.039288,65.72652
1234.5459,576.9163,55.039288,65.72652
1186.8093,538.2046,55.039288,65.72652
1190.3717,537.9671,55.039288,65.72652
1193.9344,539.8125,53.86556,64.32488
1198.3506,539.5801,53.86556,64.32488
1203.6965,541.2071,53.86556,64.32488
1214.1559,541.4395,53.86556,64.32488
1220.8964,541.2071,53.86556,64.32488
1225.7773,542.8341,53.86556,64.32488
1229.2638,545.39087,53.86556,64.32488
1224.8477,549.80707,53.86556,64.32488
1225.9397,550.3012,55.057335,65.74807
1229.5033,554.33997,55.057335,65.74807
1231.1663,556.47815,55.057335,65.74807
1230.9287,560.99207,55.057335,65.74807
1226.4148,570.2574,55.057335,65.74807
1224.7518,580.9482,55.057335,65.74807
1228.333,584.904,56.27548,67.20274
1225.1763,570.09143,56.27548,67.20274
1226.8212,566.5767,57.520573,68.689606
1198.6313,634.57184,58.793217,70.209366
1211.5697,634.3181,58.793217,70.209366
1222.4785,632.03485,58.793217,70.209366
1219.4375,630.0937,57.539433,68.71213
1224.1549,629.3488,57.539433,68.71213
1231.2297,632.2353,56.312386,67.24682
1226.8253,629.7267,57.558296,68.73466
1227.9923,631.2854,58.83177,70.25541
1229.7693,633.5701,58.83177,70.25541
1229.1732,650.7131,57.577168,68.757195
1165.8496,660.30646,56.349316,67.290924
1174.3597,660.5496,56.349316,67.290924
1180.3508,661.50146,55.147648,65.85593
1189.6313,661.2635,55.147648,65.85593
1197.9601,661.97736,55.147648,65.85593
1202.9573,663.1672,55.147648,65.85593
1213.6656,661.97736,55.147648,65.85593
1223.1987,663.3677,53.971607,64.45153
1230.2839,664.2794,52.82065,63.077084
1235.8998,666.05035,51.694233,61.731945
1238.816,666.06354,50.59184,60.415493
1180.5288,653.6202,50.59184,60.415493
1188.1694,657.76794,50.59184,60.415493
1198.8663,659.73267,50.59184,60.415493
1221.3517,657.3313,50.59184,60.415493
1231.1754,660.60583,50.59184,60.415493
1235.7598,662.57056,50.59184,60.415493
1236.8513,664.5353,50.59184,60.415493
1240.1261,668.3357,49.51295,59.127113
1185.6716,634.1645,48.457073,57.86621
1189.2262,636.0463,48.457073,57.86621
1191.9445,637.0918,48.457073,57.86621
1195.499,637.71906,48.457073,57.86621
1200.3081,637.92816,48.457073,57.86621
1209.2991,636.46454,48.457073,57.86621
1224.1447,635.8373,48.457073,57.86621
1232.2993,638.1373,48.457073,57.86621
1234.6298,639.35895,47.42371,56.6322
1239.672,642.52686,46.412384,55.4245
1241.0739,643.5282,46.412384,55.4245
1238.8708,646.1317,46.412384,55.4245
1230.254,650.29755,47.43926,56.65077
1226.1188,653.28125,48.488853,57.904167
1167.6229,641.5698,49.56167,59.185295
1174.6803,643.9223,49.56167,59.185295
1184.7317,640.2867,49.56167,59.185295
1195.6385,637.50653,49.56167,59.185295
1205.443,639.1683,48.50475,57.92315
1222.8148,634.35443,48.50475,57.92315
1230.5588,635.40094,48.50475,57.92315
1234.117,637.70325,48.50475,57.92315
1237.2565,647.1217,48.50475,57.92315
1239.5587,650.6798,48.50475,57.92315
1181.0438,631.5815,49.577915,59.2047
1177.8348,634.36255,49.577915,59.2047
1184.8945,636.71576,49.577915,59.2047
1195.3771,639.069,49.577915,59.2047
1204.1482,636.2879,49.577915,59.2047
1211.6357,638.21326,49.577915,59.2047
1222.6803,639.46313,48.520653,57.942142
1227.4957,638.4163,48.520653,57.942142
1231.4738,639.8819,48.520653,57.942142
1233.7767,637.1601,48.520653,57.942142
1235.2423,640.71936,48.520653,57.942142
1233.6195,646.3777,49.594173,59.224113
1229.2965,655.2696,50.691444,60.534447
1234.2644,659.49915,49.610435,59.24353
1240.4724,658.0007,49.610435,59.24353
1199.5851,600.8441,49.610435,59.24353
1207.0775,600.63007,49.610435,59.24353
1216.7107,601.2723,49.610435,59.24353
1226.3439,598.91754,49.610435,59.24353
1233.8363,597.41907,49.610435,59.24353
1236.6193,594.63617,49.610435,59.24353
1235.549,617.11346,49.610435,59.24353
1235.8716,614.6502,48.55248,57.980145
1237.8029,602.1428,47.517082,56.743702
1236.5309,596.2262,46.503765,55.533627
1237.5342,594.01886,46.503765,55.533627
1240.5444,592.48346,45.51206,54.349354
1231.3143,564.79315,45.51206,54.349354
1240.5444,564.59674,45.51206,54.349354
1236.0276,580.11115,45.51206,54.349354
1238.1879,583.4497,45.51206,54.349354
1237.2059,585.21716,45.51206,54.349354
1227.5337,586.8572,46.519012,55.551834
1232.552,587.86084,46.519012,55.551834
1236.3658,586.8572,46.519012,55.551834
1240.9248,587.643,45.52698,54.367176
1234.0256,595.22864,44.556107,53.20778
1233.4489,596.57446,44.556107,53.20778
1235.1792,594.0751,44.556107,53.20778
1235.756,588.88403,44.556107,53.20778
1239.752,588.89545,43.605934,52.07311
1241.8217,588.331,43.605934,52.07311
1245.3967,584.0033,43.605934,52.07311
1234.6716,586.07306,43.605934,52.07311
1240.8809,590.0244,43.605934,52.07311
1244.4979,592.3766,44.570717,53.225227
1193.1477,581.7988,44.570717,53.225227
1196.7744,584.7762,43.62023,52.090183
1204.1151,587.97595,43.62023,52.090183
1216.3495,590.79926,43.62023,52.090183
1230.8425,590.9875,43.62023,52.090183
1240.4419,593.0579,43.62023,52.090183
1243.9911,594.1576,42.690018,50.979343
1247.1227,586.23663,42.690018,50.979343
1197.9392,606.6837,42.690018,50.979343
1198.1234,604.289,42.690018,50.979343
1186.1499,601.8943,42.690018,50.979343
1185.8688,593.87683,43.634533,52.10726
1187.5634,591.8057,43.634533,52.10726
1188.0574,592.9874,44.599945,53.260136
1197.1025,591.2554,44.599945,53.260136
1205.7627,589.5233,44.599945,53.260136
1213.6531,592.41003,44.599945,53.260136
1226.9366,593.61786,45.58672,54.438515
1236.5753,597.3553,45.58672,54.438515
1240.7062,590.4705,45.58672,54.438515
1244.0363,591.61975,44.61457,53.277596
1203.8011,580.64655,44.61457,53.277596
1212.0792,578.52893,44.61457,53.277596
1221.772,564.158,45.60167,54.456364
1236.5299,562.78064,45.60167,54.456364
1207.998,577.5385,45.60167,54.456364
1227.872,577.34174,45.60167,54.456364
1238.6943,574.39014,45.60167,54.456364
1236.9233,567.10956,45.60167,54.456364
1220.5913,544.8743,45.60167,54.456364
1231.0203,543.1034,45.60167,54.456364
1241.8427,544.8743,45.60167,54.456364
1247.0703,544.88605,44.6292,53.295067
1195.6527,511.5705,44.6292,53.295067
1204.3186,512.5334,44.6292,53.295067
1219.458,513.65845,43.677467,52.158535
1230.5776,511.5853,43.677467,52.158535
1234.8582,514.13965,42.746033,51.046238
1238.7316,514.693,42.746033,51.046238
1236.7026,508.23724,42.746033,51.046238
1240.2072,506.2083,42.746033,51.046238
1244.3964,505.50812,41.83446,49.95766
1241.8845,507.25876,40.94233,48.8923
1239.9412,507.7888,40.94233,48.8923
1244.2942,514.26996,40.06922,47.849655
1245.5045,515.4802,40.06922,47.849655
1244.0986,515.4905,39.214733,46.829247
1242.7228,515.1743,38.378468,45.830597
1241.5636,505.73492,38.378468,45.830597
1243.7162,504.36884,39.227592,46.8446
1240.9993,503.67502,40.095505,47.88104
1203.2389,534.36896,39.240456,46.859962
1206.7947,532.84503,39.240456,46.859962
1214.7528,530.9825,39.240456,46.859962
1224.0656,528.104,39.240456,46.859962
1238.1194,530.64386,39.240456,46.859962
1246.5348,528.69543,38.40364,45.86066
1246.0376,534.49536,38.40364,45.86066
1249.4817,558.46356,37.58467,44.882668
1246.4003,555.3822,37.58467,44.882668
1239.4266,556.1931,37.58467,44.882668
1243.8054,560.24756,37.58467,44.882668
1247.5355,566.5725,37.58467,44.882668
1204.2339,529.75806,37.58467,44.882668
1213.478,530.569,37.58467,44.882668
1235.6964,530.4068,37.58467,44.882668
1244.6162,535.75867,37.58467,44.882668
1242.3596,542.64624,36.783165,43.92553
1246.9625,548.2014,36.783165,43.92553
1240.1376,546.4555,36.783165,43.92553
1245.0579,548.2014,36.783165,43.92553
1251.7224,551.5765,35.998753,42.988804
1253.1205,553.28516,35.998753,42.988804
1226.2476,555.92584,35.998753,42.988804
1236.9657,556.39185,35.998753,42.988804
1245.1985,555.92584,35.998753,42.988804
1251.8779,552.35315,35.998753,42.988804
1244.2665,577.9834,35.998753,42.988804
1248.1499,579.3814,35.998753,42.988804
1250.48,580.7794,35.998753,42.988804
1215.219,539.305,35.998753,42.988804
1217.2499,540.2125,35.231068,42.072056
1224.5885,540.85114,36.010555,43.0029
1233.1348,541.62805,36.010555,43.0029
1240.4379,540.54034,36.010555,43.0029
1244.0697,540.8707,36.80729,43.954338
1246.1343,542.197,37.62165,44.926826
1244.2021,547.9318,38.45403,45.920834
1247.7362,555.5149,39.304825,46.936832
1244.662,601.62524,40.174442,47.97531
1246.9155,604.91895,40.174442,47.97531
1248.8224,607.5192,40.174442,47.97531
1241.3977,563.7526,39.31771,46.952225
1249.1755,567.3602,38.479248,45.950954
1244.6925,554.57526,38.479248,45.950954
1246.851,553.41296,38.479248,45.950954
1246.253,598.55475,39.3306,46.96762
1247.4027,593.9854,40.20079,48.00678
1249.336,625.7631,39.3435,46.98302
1228.4546,660.905,39.3435,46.98302
1238.1313,662.0934,39.3435,46.98302
1241.0427,666.6815,40.213974,48.022522
1240.9697,665.01935,39.3564,46.99843
1239.4413,661.45306,39.3564,46.99843
1238.9318,662.3022,39.3564,46.99843
1246.9135,659.41516,39.3564,46.99843
1251.0979,656.8062,38.517113,45.996174
1244.2836,679.57587,38.517113,45.996174
1248.1062,676.08563,38.517113,45.996174
1248.8871,681.61206,39.369305,47.01384
1215.0812,678.7241,39.369305,47.01384
1192.4873,676.17596,39.369305,47.01384
1200.1318,677.3651,39.369305,47.01384
1217.6294,676.17596,39.369305,47.01384
1236.8257,674.9868,39.369305,47.01384
1242.7715,677.535,39.369305,47.01384
1245.3197,678.38434,39.369305,47.01384
1250.1604,686.9088,38.529743,46.011257
1251.052,689.8031,37.708084,45.030052
1246.6588,683.4574,37.708084,45.030052
1201.1687,680.76465,38.542374,46.02634
1205.3264,683.25934,38.542374,46.02634
1212.4778,682.09515,38.542374,46.02634
1218.9639,681.5962,38.542374,46.02634
1220.7933,680.76465,38.542374,46.02634
1220.6271,681.5962,38.542374,46.02634
1227.1132,680.76465,38.542374,46.02634
1230.6057,682.59406,38.542374,46.02634
1233.1003,683.093,38.542374,46.02634
1239.9191,684.9224,38.542374,46.02634
1242.7463,682.42773,38.542374,46.02634
1247.5693,685.58765,38.542374,46.02634
1248.7335,689.4128,38.542374,46.02634
1246.2389,680.2657,38.542374,46.02634
1244.8866,679.95496,37.720448,45.044815
1246.677,666.44556,37.720448,45.044815
1246.1887,663.6786,37.720448,45.044815
1248.3047,664.49243,37.720448,45.044815
1252.6289,623.39923,36.916046,44.08422
1252.4696,599.66455,36.916046,44.08422
1226.5049,588.67334,36.916046,44.08422
1239.089,589.7884,36.916046,44.08422
1250.3988,592.81494,36.916046,44.08422
1253.4025,595.588,36.1288,43.14411
1209.8176,582.6566,36.92815,44.098675
1216.6694,585.3655,36.92815,44.098675
1224.4774,587.43695,36.92815,44.098675
1237.3844,589.5084,36.92815,44.098675
1246.7858,590.62384,36.92815,44.098675
1250.4507,592.6953,36.92815,44.098675
1229.2577,590.3051,36.92815,44.098675
1234.5161,592.6953,36.92815,44.098675
1235.9502,596.04156,36.92815,44.098675
1238.3403,598.7504,36.92815,44.098675
1236.5875,601.1406,36.92815,44.098675
1233.5599,603.2121,36.92815,44.098675
1224.7959,605.28357,36.92815,44.098675
1216.9879,608.9485,36.92815,44.098675
1208.8613,611.3387,36.92815,44.098675
1202.9581,614.1127,36.140648,43.158257
1196.2524,616.4519,36.140648,43.158257
1189.2726,618.5655,35.369938,42.237892
1186.5604,621.2225,34.61566,41.33716
1183.7224,622.5668,34.61566,41.33716
1178.7648,625.16705,33.877472,40.45563
1179.4517,628.5111,34.62701,41.35071
1180.4976,631.64886,34.62701,41.35071
1179.7505,634.7866,34.62701,41.35071
1179.1116,638.25183,33.88858,40.468895
1176.9181,640.73773,33.88858,40.468895
1173.8473,643.5161,33.88858,40.468895
1170.4031,646.06177,33.165897,39.605885
1163.6769,649.9258,33.165897,39.605885
1157.5231,652.6449,33.165897,39.605885
1152.4971,657.895,32.458626,38.761276
1147.595,660.276,32.458626,38.761276
1144.3737,662.657,32.458626,38.761276
1142.695,665.0952,31.766436,37.93468
1136.5267,667.6996,31.766436,37.93468
1129.8102,669.7557,31.766436,37.93468
1120.3522,672.6342,31.766436,37.93468
1109.7976,674.9645,31.766436,37.93468
1100.3396,676.4723,31.766436,37.93468
1090.6074,677.4318,31.766436,37.93468
1104.4518,683.8742,31.766436,37.93468
1096.6387,682.64056,31.766436,37.93468
1086.0841,680.5845,31.766436,37.93468
1074.433,679.07666,31.766436,37.93468
1062.2335,677.29474,31.766436,37.93468
1044.0029,677.70593,31.766436,37.93468
1026.0464,676.1981,31.766436,37.93468
1010.283,675.7869,31.766436,37.93468
1001.0992,675.37573,31.766436,37.93468
989.99634,675.7869,31.766436,37.93468
978.5766,674.4739,31.089006,37.125713
968.2471,673.26654,31.089006,37.125713
959.25903,667.7664,31.089006,37.125713
950.271,664.68097,31.089006,37.125713
938.6,662.40045,31.089006,37.125713
924.7826,661.998,31.089006,37.125713
912.5719,660.71295,30.426023,36.333996
903.2504,660.3191,30.426023,36.333996
894.1915,659.66266,30.426023,36.333996
884.6075,659.2688,30.426023,36.333996
867.4087,653.886,30.426023,36.333996
847.5841,648.76575,30.426023,36.333996
831.17303,647.059,30.426023,36.333996
821.589,646.4026,30.426023,36.333996
804.6528,644.69586,30.426023,36.333996
791.13007,643.77686,30.426023,36.333996
782.07117,644.69586,30.426023,36.333996
771.9619,646.14,30.426023,36.333996
761.024,646.14777,29.77718,35.559162
751.3873,645.5053,29.77718,35.559162
737.896,645.6338,29.77718,35.559162
729.6682,646.63214,29.142172,34.800854
720.74005,645.5004,29.142172,34.800854
710.3029,644.6202,29.142172,34.800854
700.3688,643.23694,29.142172,34.800854
692.9496,643.3627,29.142172,34.800854
679.49445,642.23096,29.142172,34.800854
670.8178,641.8537,29.142172,34.800854
656.1052,642.9854,29.142172,34.800854
634.3507,644.6201,29.142172,34.800854
624.668,645.50037,29.142172,34.800854
610.7099,646.6321,29.142172,34.800854
595.7458,647.5123,29.142172,34.800854
586.31464,648.64404,29.142172,34.800854
571.09906,650.5303,29.142172,34.800854
558.1469,649.65,29.142172,34.800854
548.21277,651.7878,29.142172,34.800854
534.0032,652.9195,29.142172,34.800854
516.7756,653.29675,29.142172,34.800854
505.58395,654.177,29.142172,34.800854
487.85336,655.56024,29.142172,34.800854
465.59583,656.9435,29.142172,34.800854
447.36224,658.0752,29.142172,34.800854
430.63766,658.2009,29.142172,34.800854
409.1346,657.0692,29.142172,34.800854
397.43997,658.45245,29.142172,34.800854
380.2124,657.5722,29.142172,34.800854
355.43988,656.18896,29.142172,34.800854
337.7093,657.3207,29.142172,34.800854
318.72122,656.4404,29.142172,34.800854
301.99664,658.5782,29.142172,34.800854
286.27805,659.9614,29.142172,34.800854
273.32593,662.0992,29.142172,34.800854
258.8648,664.23694,29.142172,34.800854
249.43364,664.1112,29.142172,34.800854
239.24799,665.7459,29.142172,34.800854
237.36176,667.63214,29.142172,34.800854
238.242,668.26086,29.142172,34.800854
239.37375,668.13513,29.142172,34.800854
237.99051,668.5124,29.142172,34.800854
241.13423,668.38666,29.142172,34.800854
246.54143,669.7699,29.142172,34.800854
251.69713,670.14716,29.142172,34.800854
255.34386,669.01544,29.142172,34.800854
255.72112,668.8897,29.142172,34.800854
257.10437,668.764,29.142172,34.800854
253.70915,667.63226,29.142172,34.800854
250.56544,666.249,29.142172,34.800854
244.90675,664.11127,29.142172,34.800854
238.99657,662.22504,29.142172,34.800854
233.33788,660.59033,29.142172,34.800854
225.9187,658.9556,29.142172,34.800854
218.49953,656.5664,29.142172,34.800854
209.06837,655.4347,29.142172,34.800854
200.14021,654.05145,29.142172,34.800854
196.4935,654.6802,29.142172,34.800854
193.85277,652.79395,29.142172,34.800854
188.69707,652.4167,29.142172,34.800854
187.56532,651.53644,29.142172,34.800854
188.19406,650.6562,29.142172,34.800854
184.79884,648.51843,29.142172,34.800854
179.64314,647.1352,29.142172,34.800854
172.47546,645.75195,29.142172,34.800854
161.28383,645.1232,29.142172,34.800854
151.09818,643.74,29.142172,34.800854
141.66702,644.3687,29.142172,34.800854
130.72688,643.237,29.142172,34.800854
120.54124,644.3687,29.142172,34.800854
110.35558,645.75195,29.142172,34.800854
97.40346,644.8717,29.142172,34.800854
85.96032,645.75195,29.142172,34.800854
64.70878,647.6382,29.142172,34.800854
42.199745,649.0214,29.142172,34.800854
18.684723,651.91364,29.142172,34.800854
0.19965363,653.54834,29.142172,34.800854
-11.2434845,655.18304,29.142172,34.800854
23.268112,669.27966,29.786942,35.570824
13.371227,669.1511,29.786942,35.570824
-2.0269403,671.558,30.445978,36.35783
-8.413496,667.5137,29.79671,35.58249
4.315242,682.5567,29.79671,35.58249
2.5182753,685.23114,30.455961,36.36975
-2.6070185,687.2024,30.455961,36.36975
-9.755674,687.9702,29.806479,35.594154
0.14770126,658.2601,29.806479,35.594154
-5.1255245,660.70374,29.806479,35.594154
8.379079,654.4016,29.806479,35.594154
-2.295988,655.55914,29.806479,35.594154
-7.3119836,653.1155,29.806479,35.594154
7.7036915,688.34973,30.465946,36.381676
0.9991865,688.74414,30.465946,36.381676
36.805683,676.7485,31.140005,37.18662
26.563206,675.6401,31.828978,38.009373
8.3995075,674.22217,32.533195,38.85033
2.363121,676.3279,32.533195,38.85033
-6.2001247,679.55664,32.533195,38.85033
-8.025079,681.66235,32.533195,38.85033
-9.569271,682.9258,32.533195,38.85033
-8.305841,684.1892,32.533195,38.85033
-9.850033,682.36426,32.533195,38.85033
-11.674987,683.6277,32.533195,38.85033
-9.569271,683.4873,32.533195,38.85033
-11.674987,686.4353,32.533195,38.85033
-13.499941,686.85645,32.533195,38.85033
-15.324895,685.593,32.533195,38.85033
0.8529215,687.76624,31.839415,38.021835
37.53536,667.29553,31.839415,38.021835
32.17725,670.7302,31.839415,38.021835
26.265991,671.59247,32.54386,38.863068
19.932556,672.47375,33.263893,39.72291
7.2044983,670.69403,33.999855,40.60178
0.015720367,672.60126,33.999855,40.60178
-5.7059593,678.61633,33.999855,40.60178
-4.3855715,682.28406,33.999855,40.60178
-5.4125395,685.365,33.999855,40.60178
-8.071833,683.85034,34.7521,41.500095
-6.4223204,685.4999,34.7521,41.500095
33.615852,673.35345,34.7521,41.500095
28.067492,674.70306,34.7521,41.500095
17.120726,673.0535,34.7521,41.500095
1.6752892,673.8033,34.7521,41.500095
-3.5731602,670.9541,34.7521,41.500095
-6.122407,668.1049,34.7521,41.500095
-8.208962,661.1761,34.011,40.615093
-8.270675,657.50696,33.285706,39.748962
-10.712355,676.89685,33.285706,39.748962
-12.866777,684.50916,33.285706,39.748962
-15.69591,682.5795,32.57588,38.901302
-16.117605,676.81635,32.57588,38.901302
3.9832287,683.98517,32.57588,38.901302
2.8402443,685.89026,31.881187,38.07172
-5.551384,684.10187,31.881187,38.07172
-10.117474,686.49677,31.201311,37.25983
-6.0215216,685.4667,30.535934,36.465252
-0.88276863,688.2337,30.535934,36.465252
4.6498413,691.2895,29.884747,35.68762
-14.822063,678.78107,29.884747,35.68762
-15.466829,680.97327,29.884747,35.68762
-13.780966,683.4668,29.247446,34.92657
-14.159575,682.5834,29.247446,34.92657
-14.212645,682.8341,28.623735,34.18175
-15.077227,678.01715,28.623735,34.18175
-15.941809,676.6585,28.623735,34.18175
-12.606992,661.96063,28.623735,34.18175
-3.1351318,656.7299,28.013325,33.452816
3.5131474,658.78485,28.013325,33.452816
0.5696249,659.79425,28.63312,34.19296
-6.2257476,662.88306,28.63312,34.19296
-6.670687,664.4276,29.266628,34.94948
-8.959772,668.3647,29.914152,35.722736
-10.637811,673.1406,29.914152,35.722736
-7.0850444,671.0045,30.576002,36.513103
-7.21698,671.6642,30.576002,36.513103
-6.5573015,672.06,30.576002,36.513103
-5.3898315,670.6979,31.252497,37.320957
-6.8732347,670.56305,31.252497,37.320957
-9.037821,645.9454,31.943958,38.146683
-12.483785,644.15344,31.943958,38.146683
-10.416206,645.394,31.943958,38.146683
27.41341,670.5703,32.65072,38.990677
22.193924,664.6037,31.954432,38.159187
16.554142,660.3591,31.272993,37.345432
6.1635084,662.6531,31.272993,37.345432
-0.44871426,662.788,31.272993,37.345432
-7.60071,666.4315,31.272993,37.345432
-9.486708,643.19775,31.964909,38.1717
-11.405918,643.73773,31.283247,37.357677
-5.7379074,645.307,30.616123,36.561012
-3.492056,646.23175,30.616123,36.561012
-8.386295,648.2769,29.963224,35.781338
-10.32567,649.6991,29.963224,35.781338
-7.1399584,617.05676,29.32425,35.01829
26.644745,618.19556,29.32425,35.01829
31.326519,610.9831,29.32425,35.01829
34.236813,608.0728,29.32425,35.01829
-1.1392155,642.73706,29.97305,35.79307
-4.631234,651.66113,29.97305,35.79307
1.188798,651.01447,29.97305,35.79307
-3.0792255,651.9198,29.97305,35.79307
24.727594,629.02765,29.97305,35.79307
17.355555,629.933,29.97305,35.79307
11.018187,631.6143,29.97305,35.79307
1.5768013,633.29565,29.97305,35.79307
-3.725894,634.7183,29.97305,35.79307
-2.8205557,635.62366,29.97305,35.79307
-4.35979,636.9721,30.636204,36.584995
-2.6412477,636.04675,30.636204,36.584995
-3.0378342,637.5009,30.636204,36.584995
-3.4344206,637.1043,30.636204,36.584995
-3.302225,634.857,30.636204,36.584995
-3.6988115,635.78235,30.636204,36.584995
-5.1529627,634.5926,30.636204,36.584995
-4.2275934,633.66724,30.636204,36.584995
-3.831007,634.857,30.636204,36.584995
-3.1700296,633.40283,30.636204,36.584995
-4.8885717,634.0638,30.636204,36.584995
-3.7188034,634.34485,31.31403,37.39444
-3.6446524,632.6695,32.00685,38.22179
-4.887642,633.6363,32.00685,38.22179
-5.3019714,632.94574,32.00685,38.22179
-4.058982,631.97894,32.00685,38.22179
-5.025751,630.73596,32.00685,38.22179
-3.7827616,631.97894,32.00685,38.22179
-5.025751,629.9073,32.00685,38.22179
-4.058982,628.1119,32.00685,38.22179
-5.1295033,628.40546,32.715004,39.067448
-3.8590126,628.829,32.715004,39.067448
-3.153185,626.42914,32.715004,39.067448
2.7826557,627.3151,33.438824,39.931816
8.987078,625.1508,33.438824,39.931816
10.862833,623.85223,33.438824,39.931816
9.85281,625.1508,33.438824,39.931816
11.439987,622.69794,33.438824,39.931816
12.738586,623.9965,33.438824,39.931816
18.365854,622.1208,33.438824,39.931816
17.93299,619.9565,33.438824,39.931816
20.097322,621.25507,33.438824,39.931816
25.43601,619.09076,33.438824,39.931816
27.600344,620.38934,33.438824,39.931816
28.898943,617.93646,33.438824,39.931816
31.92901,618.6579,33.438824,39.931816
30.341833,616.205,33.438824,39.931816
28.466078,614.61786,33.438824,39.931816
26.590322,613.3193,33.438824,39.931816
25.291723,614.61786,33.438824,39.931816
22.550234,615.62787,33.438824,39.931816
22.117369,616.3493,33.438824,39.931816
19.087301,613.8964,33.438824,39.931816
16.345812,615.195,33.438824,39.931816
13.027168,613.60785,33.438824,39.931816
9.708525,614.90643,33.438824,39.931816
4.081259,616.4936,33.438824,39.931816
1.0511913,614.3293,33.438824,39.931816
-4.2874975,611.8764,33.438824,39.931816
-7.317564,611.15497,33.438824,39.931816
-15.322166,610.5635,34.178658,40.815308
25.153893,611.4891,34.93486,41.718346
25.907616,612.5443,34.93486,41.718346
24.249428,618.1218,34.93486,41.718346
19.536575,621.0367,34.189865,40.82869
15.848335,624.4299,34.189865,40.82869
13.340332,631.0687,34.189865,40.82869
9.947151,635.3471,34.189865,40.82869
5.0504093,637.9154,33.460754,39.958004
3.4621906,640.94745,33.460754,39.958004
0.14136887,642.2469,33.460754,39.958004
-3.4682178,641.8137,33.460754,39.958004
-6.211505,642.8244,33.460754,39.958004
-5.7783546,641.52496,33.460754,39.958004
-5.3995247,640.63354,34.201073,40.842075
5.668825,641.96173,34.201073,40.842075
5.1373634,641.96924,34.95777,41.745705
3.176403,640.0083,34.95777,41.745705
0.9137554,641.3659,34.95777,41.745705
-1.6505785,641.5167,34.95777,41.745705
-4.2149124,643.176,34.95777,41.745705
-3.4606962,641.8184,34.95777,41.745705
8.455914,634.1254,34.95777,41.745705
9.511816,630.656,34.95777,41.745705
6.3441086,629.2984,34.95777,41.745705
0.76291084,629.7509,34.95777,41.745705
-2.706482,629.2984,34.95777,41.745705
-3.7623844,629.4492,34.95777,41.745705
-7.5334635,630.5051,34.95777,41.745705
-7.9859924,631.25934,34.95777,41.745705
-5.119972,630.2034,34.95777,41.745705
-4.6674423,631.86273,34.95777,41.745705
-3.2769632,635.0703,34.212288,40.855465
-5.9002705,637.64026,33.4827,39.98421
-1.7104025,637.4958,33.4827,39.98421
-2.2307024,639.00214,34.223507,40.868862
-3.6817875,637.47754,34.9807,41.773087
-5.3421507,639.43976,34.9807,41.773087
-6.096861,640.19446,34.9807,41.773087
-5.945919,640.6473,34.9807,41.773087
-12.127184,640.65497,35.75465,42.697315
-13.207155,637.41504,35.75465,42.697315
-14.287127,636.9522,35.75465,42.697315
-15.984226,636.1808,35.75465,42.697315
9.3910675,678.4464,36.545723,43.641994
9.804825,674.85504,37.354298,44.607574
8.220991,672.52203,38.180763,45.594517
9.044743,674.00476,38.180763,45.594517
9.477011,671.2783,39.025513,46.603294
7.9614506,669.76276,39.025513,46.603294
8.466637,671.6151,39.025513,46.603294
8.971823,669.42596,39.025513,46.603294
6.7826805,667.2368,39.025513,46.603294
4.256748,666.05804,39.025513,46.603294
1.7308159,667.2368,39.025513,46.603294
-0.12153435,664.7109,39.025513,46.603294
-2.3106766,665.55286,39.025513,46.603294
-4.836608,665.38446,39.025513,46.603294
-10.73045,667.5736,39.025513,46.603294
22.780254,661.34296,39.025513,46.603294
21.264694,660.1642,39.025513,46.603294
18.21232,660.1727,39.88895,47.63439
10.508543,659.51935,39.038307,46.618572
3.260744,659.5279,39.90203,47.65001
-3.790142,660.6085,40.784863,48.704266
-8.0756445,667.5557,41.68723,49.78185
-4.9909086,670.5509,42.60956,50.883274
-13.264639,673.6765,42.60956,50.883274
-5.9150343,671.0153,43.552296,52.009068
-9.711423,669.4651,44.515892,53.159767
-11.997487,672.26495,45.500805,54.335926
-14.157188,673.6393,45.500805,54.335926
-10.790259,668.7605,46.50751,55.53811
-7.7798166,666.0644,45.515724,54.35374
-7.583416,665.0824,45.515724,54.35374
-6.601412,668.0284,45.515724,54.35374
-4.0482006,669.79596,45.515724,54.35374
-7.200674,670.62103,46.52276,55.556316
-10.211866,672.02625,46.52276,55.556316
-12.018582,671.424,46.52276,55.556316
-14.22679,671.22327,46.52276,55.556316
