10000
5.1388392
5.138761
5.027952
5.214414
5.150882
5.186931
5.1244617
5.1697016
5.172866
5.106
5.0894284
5.102942
5.1550636
5.1044374
5.1551237
5.1402183
5.1478863
5.242774
5.2666035
5.216926
5.1446843
5.091725
5.2688103
5.176572
5.204094
5.261092
5.1941323
5.1826763
5.240805
5.211833
5.2828484
5.1913314
5.2132597
5.2388
5.14253
5.244154
5.2765117
5.1701508
5.2314305
5.1706104
5.1799273
5.190674
5.1804557
5.2143655
5.1759887
5.1902275
5.2543406
5.214717
5.1522965
5.230278
5.218197
5.234395
5.004563
4.9118743
4.8327527
4.744322
4.9061503
4.894199
4.8709164
4.758492
4.9437437
4.8022647
4.701416
4.81127
4.639127
4.8177238
4.796959
4.8017783
4.8736796
4.898169
4.823746
4.899842
4.763995
4.7624745
4.719193
4.706838
4.6525793
4.7328143
4.675235
4.645041
4.762162
4.75311
4.589407
4.672056
4.6371274
4.6861687
4.7000284
4.650691
4.657506
4.5705504
4.5748954
4.552429
4.591736
4.640922
4.710725
4.757799
4.6022263
4.464369
4.613002
4.6810417
4.6318984
4.606548
4.6078377
4.5694265
4.6002345
4.5551744
4.602389
4.723619
4.633927
4.6514654
4.6045265
4.63337
4.563815
4.498377
4.6170583
4.331311
4.3534203
4.4621696
4.2980213
4.211259
4.2965927
4.082456
4.1162987
4.0544744
4.0559874
3.9241652
3.9457839
3.7997468
3.770529
3.7462423
3.7735126
3.8097837
3.7387033
3.6843138
3.5154579
3.5984347
3.5518382
3.6731772
3.638114
3.5734658
3.649723
3.576133
3.6936243
3.6331594
3.7062
3.6720357
3.6159728
3.508959
3.49625
3.4983432
3.4997938
3.398256
3.461553
3.5016394
3.4907131
3.4166543
3.357908
3.3210328
3.1526387
3.2240458
3.0976124
3.2200763
3.102497
3.0479474
3.0889027
3.092233
2.9733675
2.911474
2.7003126
2.685669
2.5655706
2.419348
2.303474
2.254622
2.111322
2.0615942
2.0540895
2.0121927
1.9970516
2.0410917
1.9661676
2.0447936
2.0519717
1.971327
1.9278009
1.9840298
2.0518804
2.0968525
2.0471885
1.983803
1.9450686
1.94301
1.9985393
1.9911474
1.931638
1.9489963
1.774992
1.776138
1.8959004
1.7910905
1.7732432
1.6864009
1.7720062
1.6176323
1.4545836
1.2512481
1.1698188
1.1101468
1.1855899
1.2111259
1.2811985
1.1064574
1.0190772
1.0925738
1.1712644
1.1342483
1.142917
1.2443315
1.3318385
1.5080326
1.5850537
1.7642789
1.674196
1.8379321
1.8272496
1.8547379
1.9690952
2.140889
2.2835512
2.3721642
2.5146492
3.0714684
3.0227978
3.0585628
3.0527573
3.016914
2.9819384
3.0760665
3.0126932
3.0304308
3.013011
2.9845977
3.0328999
3.0535614
3.0391583
3.0619326
2.9452748
3.0517745
3.0288
3.0308456
3.0185943
2.9574637
2.9970033
3.0608785
3.0012987
3.0084608
3.1239667
2.998988
3.0362513
2.956901
3.1032133
3.037109
3.0163128
3.0333383
2.9429352
2.9867668
2.945898
3.054273
2.9824004
3.0287004
2.981987
2.9669414
2.9759595
2.92308
2.929696
2.9532208
2.9894242
2.9355774
2.9578197
2.9535718
2.9052598
2.970646
2.936625
3.0001967
2.98313
3.0218158
3.0091715
2.99155
3.0003293
3.1028755
2.9272645
3.0142455
3.1092086
3.1326432
3.1001182
3.0386584
3.0504503
3.102947
3.100092
3.0402884
3.1215398
3.0438037
3.092826
2.986318
3.0555024
3.0496101
2.957744
2.9471147
3.0371413
3.0047765
2.9559896
2.9907155
3.0693839
2.9541988
3.0033212
2.8888025
2.8439865
3.0124516
2.9611075
2.9134192
2.8920002
3.0061352
3.038732
2.9012308
2.9031878
2.9293613
2.876844
2.975731
2.8846004
2.941292
2.9537017
2.9407177
2.9771795
3.048204
2.9535449
2.91676
2.939478
2.9208128
2.8646173
2.9452522
2.944582
2.915928
2.8770535
2.8717394
2.9389446
2.9619064
2.9818459
2.9505186
2.989372
2.9549217
2.9959075
2.8976886
2.9914422
2.9308534
2.919888
2.9364011
2.9622064
2.9546325
2.9828398
2.975194
2.9007425
2.913511
2.945364
2.8453
2.886034
2.8612962
2.876534
2.836898
2.8250635
2.8083687
2.9220796
2.762517
2.814271
2.7818103
2.921551
2.9174843
2.8203173
2.8851128
2.8312953
2.9189255
2.9746306
2.9462895
2.8967414
2.9277768
2.919769
2.9578447
3.022499
2.988139
2.9702334
2.9751992
2.9833512
3.0596476
3.0906844
2.5176997
2.1255062
2.1164334
2.2671115
2.276924
2.60192
2.635654
2.604585
2.9085054
3.0915902
2.6748924
2.6033995
2.434728
2.554369
2.5731704
2.4307659
2.5322032
2.457301
2.9985754
3.1290696
3.146356
3.1933343
3.148799
3.12042
3.0921705
3.1613574
3.0881567
3.1266584
3.095353
3.0805542
2.1536508
2.3520439
1.9121515
1.956675
2.068162
1.9303958
1.9597361
1.987696
1.7462502
1.922202
2.1036918
2.1895554
2.1210613
2.2977014
2.682278
2.7962146
2.734212
2.865232
3.1021135
3.3889508
3.4359117
3.5356395
2.1243775
2.2352214
2.9124708
2.8997164
2.839596
2.9309297
2.256704
2.1866598
3.0155265
4.348261
4.4063935
4.3925886
4.3502274
4.3131695
4.325506
4.042109
4.151303
4.2167783
4.2634354
4.3778815
4.351221
4.457521
4.532792
4.5869584
4.6077213
4.511753
4.460591
4.668086
4.6462812
4.693097
4.7257977
4.7221785
4.7002206
4.802133
4.793932
4.9038687
4.911092
4.8134146
4.872796
4.7823195
4.768857
4.8193307
4.8088636
4.774113
4.8369164
4.8027024
4.7577043
4.845867
4.855164
4.833909
4.7634006
4.8322673
4.8486347
4.696236
4.859586
4.7426224
4.7173653
4.694499
4.691368
4.721924
4.7956142
4.681718
4.8139105
4.6512327
4.7750053
4.685044
4.770458
4.7004666
4.678876
4.7103534
4.679943
4.6862254
4.739954
4.749874
4.82315
4.706509
4.714738
4.5190682
4.4929457
4.3384314
4.264312
4.0067616
3.9845057
3.5759425
3.3429184
3.4418473
3.7076962
3.6925013
3.8459117
3.9284425
4.268383
4.535549
4.606799
4.521848
4.5259814
4.5579457
4.265695
4.372972
4.562501
4.4667573
4.541022
4.4890633
4.5482106
4.277826
3.9763527
4.157627
4.006018
3.9560573
4.0450377
4.145932
4.1178117
4.2043066
4.318026
4.480325
4.5547605
4.619565
4.6101813
4.699113
4.592354
4.643153
4.6476436
4.6384583
4.617898
4.63295
4.6132
4.6106353
4.618258
4.6287184
4.679306
4.6213303
4.669924
4.632975
4.659343
4.67196
4.6966853
4.7023907
4.7025633
4.656543
4.685243
4.631976
4.5898743
4.671676
4.5801997
4.6138825
4.6151423
4.618108
4.616886
4.639035
4.6573677
4.6386385
4.6182804
4.631737
4.652101
4.642976
4.632352
4.531284
4.503347
4.425713
4.443597
4.623533
4.589034
4.6885643
4.5596824
4.5217276
4.3802648
4.551181
4.3865943
4.427288
4.3849015
4.4143915
4.408349
4.392441
4.248643
4.09383
3.9705153
3.8917816
3.7556694
3.7998116
4.0373535
4.204151
4.2323895
4.1044807
4.026347
4.1505175
4.1406236
4.22192
4.203277
4.3014765
4.2457643
4.1972904
4.123932
4.0096416
3.7577777
3.6906843
3.8716426
4.0539117
4.187964
4.068087
3.8728385
3.8506403
4.0028386
3.935144
3.5402975
3.596648
3.736995
3.7045581
3.875735
3.3939445
2.9890904
2.9427512
3.090088
3.1966043
3.2913942
3.2348256
3.2853358
3.3471527
3.3312454
3.33074
3.2925396
3.321162
3.2771046
3.2939792
3.2364793
3.2579393
3.3097653
3.316103
3.274988
3.2139797
3.2404156
3.2732348
3.2638297
3.3064306
3.2585115
3.303466
3.2901917
3.2773433
3.2952898
3.2913747
3.3015587
3.3108838
3.3823392
3.3266094
3.3436494
3.35647
3.3468153
3.3323398
3.3383865
3.3523545
3.3436317
3.3092365
3.3070955
3.3040385
3.3279405
3.32725
3.2870145
3.330347
3.3343244
3.3076386
3.337778
3.3065362
3.4586596
3.6045983
3.6734202
3.5268545
3.4042315
3.2035508
3.0136895
3.2765148
3.6927729
3.5276666
3.3244126
2.9059906
2.4730346
1.9963633
2.113757
2.3167763
2.4071677
2.4332643
2.471513
2.5490117
2.5452998
2.4807122
2.4754043
2.4594266
2.6759348
2.7318397
2.715569
2.625702
2.6479864
2.6071978
2.4752991
2.3748689
2.360118
2.5208313
2.523506
2.469382
2.3833094
2.3683348
2.3303103
2.345765
2.3585327
2.3843863
2.4624388
2.4846783
2.537034
2.5714278
2.5998712
2.5815473
2.2036428
2.1031961
2.1162596
1.9948121
2.1477416
2.949284
2.9878862
3.0259023
3.0502687
3.0407195
2.9675848
2.9614308
2.9603279
2.9103272
2.8463697
2.824081
2.7570128
2.715252
2.738089
2.7868237
2.7877083
2.879309
2.9096441
2.8813312
2.931222
2.6941175
2.2744713
2.1501849
1.9734597
2.0148015
2.0952303
2.12229
2.1901956
2.1158576
2.2514312
2.2894244
2.146301
2.1737795
2.2753797
2.2158856
2.3006186
2.4159951
2.3941023
2.2774642
2.3303723
2.3740976
2.4385462
2.696416
2.6237664
2.601435
2.499158
2.58348
2.6116786
2.3746912
2.3366363
2.1647606
2.2183833
1.710946
1.7912203
2.1192274
2.3570733
2.2852273
2.3963494
2.2963529
2.2593393
2.4305124
2.3394508
2.4611545
2.384538
2.622887
2.5563393
2.5647955
2.531933
2.835724
2.8114176
2.8069305
2.8681064
2.9226937
2.9208677
3.0182242
2.9665399
2.9571393
2.9754689
3.082455
2.9890945
2.9244635
2.6683154
2.519289
2.409887
2.5083423
2.3952243
2.3644624
2.3329175
2.3793678
2.318862
2.5160182
2.4184232
2.4537773
2.3274798
2.3691316
2.383962
2.3940668
2.4197001
2.3050985
2.416994
2.336191
2.3072972
2.0152729
2.1566024
2.181889
2.0724223
2.0365782
2.183104
2.2663941
2.4424336
2.644148
2.5268037
2.5985792
2.7213182
2.6877882
2.62349
2.6094615
2.3257537
1.9453137
2.034101
2.1710365
2.2046916
2.4024405
2.4169369
2.3172872
2.3167298
2.4391303
2.3075337
2.532865
2.4257998
2.6097019
2.4201183
2.0600884
2.335115
2.6712074
2.5279727
3.0041828
3.1200333
2.9961133
2.7142425
2.3162606
2.2803373
2.2879324
2.4059365
2.288507
2.20038
2.3701863
2.6343892
3.0139976
3.000228
2.6110332
2.123695
1.9979866
2.0209682
1.823562
2.5371528
2.7443714
2.689033
2.5866718
2.6108456
2.8132563
2.9352083
2.7303853
2.5207093
2.347318
2.05481
2.832916
2.8042538
2.8677332
2.8119068
2.6794631
2.6263895
2.745918
2.8233626
2.742485
2.5406868
2.4057553
2.91799
2.9667168
2.924304
2.8718805
2.792486
2.771681
2.9809089
2.9802728
2.5686421
2.3238506
1.98326
2.5939968
2.735138
2.840211
2.4771767
2.387773
2.240375
2.6464908
2.4062166
2.413559
2.1965475
2.119174
2.1459124
2.25368
2.0216691
2.208809
2.4067025
2.7865355
2.4828515
2.5384927
2.2317717
2.7111487
2.5269241
2.1988237
2.5838823
2.6774366
2.7128205
2.8986263
2.9511044
2.7750127
2.127994
2.1214113
2.2321563
2.6357431
2.5715082
2.5402188
2.6003222
2.5905662
2.6296158
2.7167783
2.532579
2.9273238
3.0347648
3.039806
2.0311947
2.108359
2.2226076
2.202609
2.891206
2.9883938
3.1158054
2.6076784
2.40362
2.3381224
2.701035
2.8460875
2.2962937
2.00463
2.046807
2.0413253
2.117806
2.1498258
2.2578273
2.134359
2.4144263
1.7969358
1.7397554
1.4561894
1.4854403
1.5538054
1.534596
1.5515746
1.5878046
1.7552464
2.205392
2.2848084
2.3606822
2.3321562
2.3904119
2.5751119
2.4411569
2.2722974
2.321805
2.307337
2.456081
2.343817
2.723955
2.573564
2.7702303
2.7197623
2.4319465
2.9434934
2.50882
2.9140415
3.1608796
2.9614007
2.489722
2.5712934
2.5822704
2.7080188
2.282711
1.8668972
2.1015167
2.0792534
2.0818348
2.3185134
2.205307
2.2415876
2.379901
2.4017909
2.6279387
2.5122707
2.4654953
2.7272086
2.205331
1.9573665
2.215047
2.107459
1.8737824
2.146476
2.399116
2.3789835
2.0795338
1.9950428
2.2527328
1.767658
1.6884815
1.8149645
2.1765287
1.8513675
1.5598183
2.253724
2.3014164
1.497583
1.7125013
2.2330837
2.1816845
2.218521
2.3882093
2.5640664
2.4062448
2.262212
1.4617938
1.3389026
2.0142987
2.9155207
3.075382
3.0277488
3.0635786
3.1165347
2.9699314
2.9779768
2.87805
3.0394955
3.166902
2.797844
2.3019567
1.724066
1.8210794
2.5689018
2.0055103
2.109936
1.8608385
2.77626
2.7640526
3.0150442
3.1326828
1.8848767
2.3857336
3.002046
3.0291224
3.116813
3.1809707
3.0663223
3.1007004
3.19093
3.2256086
3.3428364
3.2389388
3.0764465
3.0539927
3.0144072
3.2639956
3.2718582
3.2917633
3.1329718
3.1618068
3.2008483
3.1339965
3.0496294
2.9782674
3.0449765
3.0711017
3.0815792
3.0158844
3.0426168
2.998105
3.1710236
3.0620475
3.1035001
3.126673
3.0579388
3.081792
3.185916
3.2858634
3.2067947
3.388192
3.3004541
3.258976
3.276956
3.0635717
3.162703
3.1399043
3.0013404
3.284075
3.231393
3.1313481
3.1993554
3.0482655
3.0056272
3.0547712
3.0155842
3.1819386
3.1920836
3.208534
3.067428
2.999653
2.9006965
3.0526242
3.1591754
3.1712332
3.1933591
3.2514265
3.2925243
3.2313898
3.2336345
3.1433432
3.2677822
3.3407173
3.1476104
3.2746282
3.312861
3.402051
3.3928452
3.311028
3.3876307
3.4241948
3.3248234
3.5166276
3.282935
3.259159
3.1366956
3.188542
3.0800498
3.247082
3.225154
3.2546344
3.2347965
3.2385926
3.3438697
3.261137
3.2449918
3.3605704
3.3824415
3.3980849
3.508861
3.352494
3.2406476
3.4043536
3.4851685
3.569232
3.3867621
3.374975
3.4572723
3.2657418
3.301371
3.1745644
3.1747646
3.1301966
3.207392
3.0952454
3.117636
3.0775428
3.1361337
3.1451926
3.1058302
3.0853393
3.0030255
2.9762177
3.01283
3.1101632
3.1524
2.9989333
2.9526472
3.0459793
2.9920943
2.9686568
3.0143206
3.078177
2.9863172
3.1019692
3.100267
3.0982385
3.1545997
3.0164547
3.0619397
3.0888555
3.062782
3.1415443
3.1245694
3.0769656
3.156266
3.5667949
2.1101234
2.4132857
2.5724742
2.4288764
2.5893006
2.6462853
2.8376684
2.6791716
1.8827266
2.2122025
2.067128
2.0728025
2.4167829
2.2026083
2.2381432
2.466391
2.6915512
2.6728532
2.7698946
3.262876
3.1951606
3.0749893
2.658309
2.5797725
2.5898023
2.5213761
2.3746562
1.928474
1.799078
1.2709975
1.2661508
2.363725
2.8162165
2.8662682
2.7710314
2.7712789
2.7059972
2.727512
2.3668745
2.4803162
2.2897377
2.1920788
2.8638222
2.8375118
2.677113
2.846615
2.9039052
3.0358717
2.9113007
2.6451519
2.0594196
2.1709328
1.7939484
1.1455442
1.5983266
1.8173959
1.9586189
1.7460055
2.024482
1.8723621
1.5004433
1.3280946
1.538775
2.2264438
1.9181819
1.9156117
1.518815
1.4770012
1.6153064
1.5475194
1.8001988
1.8367087
1.9718939
2.0215552
1.868391
2.0802684
1.7753481
2.042283
2.0173972
1.9588579
1.8446931
1.7929084
1.7271128
1.626951
1.811908
2.116374
2.1264002
2.4442866
2.5379078
2.2823143
1.8933871
2.109444
2.0517182
2.256976
2.0295336
2.1366465
1.9923986
1.7464662
2.50687
2.2086053
2.6149154
2.143662
2.4144878
2.5829053
2.635309
2.6158564
2.4800634
2.6028461
2.3713117
2.2207003
2.2058523
2.3930554
2.419588
2.3784688
2.2685976
2.365281
2.1702173
2.1749454
2.2200158
2.1971016
2.3078942
2.2019603
2.166808
2.2568312
2.129432
2.1730516
2.2051666
2.144356
2.2435546
2.139984
2.1428213
2.2277553
2.3140216
2.4172754
2.398962
2.3588593
2.3671136
2.4489179
2.4659867
2.5152416
2.4945254
2.4098825
2.472837
2.3347664
2.4137592
2.3690958
2.497409
2.4615953
2.411855
2.41527
2.4812574
2.4707494
2.534017
2.518539
2.532083
2.441626
2.3254137
2.5613222
2.2296734
2.0419617
2.21699
2.2079136
2.538838
2.536159
2.4068444
2.4630938
2.4034543
2.498721
2.4370284
2.5252252
2.462722
2.5175867
2.331175
2.2890863
2.2353668
2.2668746
2.5542955
2.494351
2.544416
2.594944
2.5494034
2.5076845
2.6351798
2.7239063
2.7548149
2.695768
2.5372822
2.5617726
2.370724
2.178604
2.1357455
2.2459502
2.05144
2.270053
1.9733402
2.1436906
2.4100242
2.4553201
2.5382757
2.5618634
2.4999146
2.6340592
2.529781
2.5983717
2.5073497
2.478947
2.5069783
2.5918343
2.4911857
2.6534731
2.5800185
2.637243
2.4392028
2.464068
2.4669037
2.4392302
2.375198
2.3257704
2.3578348
2.4016685
2.353444
2.219275
2.2663732
2.2125702
2.380167
2.1669595
1.7884402
2.090095
2.0523045
2.233775
2.1844985
2.0408044
2.0847402
2.0521114
2.072036
2.1761942
2.0696826
2.0894058
2.0860767
1.983954
2.044643
