10000
10.156441
10.05887
10.067155
10.061448
10.025739
10.056501
10.095673
9.983608
9.96474
9.951198
9.899156
9.937904
9.94258
9.902187
9.966866
9.981082
9.887201
9.866632
9.981951
9.865704
9.987755
10.055914
10.0357685
9.86477
9.990971
9.992483
9.990377
10.010239
10.133479
10.225162
10.008926
9.985977
9.848209
9.931955
10.06463
10.105414
10.063467
9.938084
9.763548
9.625706
9.396353
9.150668
8.833389
8.669284
8.269219
7.5344534
6.6512237
5.964436
5.499276
4.3721642
3.65299
3.837586
4.078376
3.9860039
4.193675
4.803192
5.3105907
4.349464
3.5178678
3.9471128
4.9963384
5.085587
4.858958
4.00211
5.3761888
4.894311
5.2012663
5.740407
5.2541637
4.3160233
4.3598413
2.3354735
2.8108048
2.9966028
3.4075813
3.8861136
5.310522
4.952092
3.7904081
3.313714
3.3551412
3.44708
2.83374
2.489229
2.4921036
2.2692876
2.5100157
2.8771706
3.6199942
3.958366
3.9334483
3.923171
3.684471
3.838347
3.6308825
3.9439654
4.369773
4.260215
4.3270082
3.5157561
2.390426
2.4748363
1.8333179
1.9178915
1.9117472
1.88153
2.1317315
2.5908875
3.516494
3.382432
4.194122
4.0120974
3.7775195
3.8716261
3.429459
4.5624766
4.586789
5.272569
3.972911
3.7569828
3.68111
3.086619
3.8040352
6.321594
4.468527
2.1954122
3.5531478
4.823276
3.9396737
3.8589869
2.93619
4.1891394
5.2154856
5.1885653
4.037859
3.8109384
3.7588706
5.196947
4.4302955
4.3733153
5.16635
4.669142
3.7460668
4.698327
5.0289345
5.5941467
5.2041407
4.0822773
4.7825813
5.8697505
6.2126393
6.481422
6.1368265
4.9385486
4.2091675
5.019091
5.6474323
7.134967
6.183926
5.128315
4.9690795
4.692604
4.932578
5.4766316
6.5436764
5.756561
4.7274113
3.9763575
4.7105246
4.200611
3.7508328
4.7866945
4.5707397
3.860595
3.7051969
5.402487
6.3430853
4.9938745
4.9886303
5.0447464
4.860873
4.666752
4.6194353
4.681293
5.075967
4.803905
4.182071
4.185943
3.8652499
4.156371
4.442817
5.3057365
6.320217
6.884074
5.9070945
4.85495
4.132861
4.864949
5.588666
6.980964
7.038718
6.810263
5.7822537
5.086974
4.5807614
5.50447
6.308282
6.7068133
5.9572597
5.974839
4.163548
3.5255122
3.3433006
5.197791
5.396415
5.344998
5.1318645
4.68503
4.8591886
4.175879
3.9743438
3.9051616
3.7995746
3.8190427
3.7773995
3.290734
3.5780642
3.3101199
3.503808
4.0478363
4.0210357
4.1919055
4.307879
4.0017486
3.723559
3.8812559
4.0545974
4.3182583
4.7046876
5.188592
4.1079106
3.8862631
3.9236503
3.8320818
4.072177
3.8136806
3.3382626
2.727624
2.846906
4.2526736
3.582824
3.3030157
3.6035526
3.672233
3.7179272
3.4972725
3.7662375
3.1308773
3.6056604
3.826757
3.3606694
2.9945915
3.4320784
3.2067356
3.6360707
3.2050202
4.080865
4.2239156
4.1556945
4.145858
3.4017427
3.0509639
3.1099045
3.1489468
3.543393
3.9154563
3.9464307
3.8087718
3.8739464
3.4332066
4.3788176
4.3848596
3.7912292
3.6848543
3.5421782
3.8423536
3.0036728
3.1706052
3.8112814
4.1547937
4.716922
4.8701005
4.148551
4.439949
5.110177
4.713085
4.1069045
4.1219707
4.4649096
3.5102797
3.3154142
3.239256
2.54232
2.8736422
3.3027198
2.871419
2.4010668
2.7246392
4.293708
4.456384
3.614561
3.3527627
3.2285552
3.6575837
3.515746
3.5276556
3.2867925
3.2702012
3.0342913
3.0662851
3.445462
3.50237
3.1103065
3.1808445
3.533797
3.7301579
3.6522727
2.837207
3.3527453
3.5658715
3.014446
3.0497484
3.4283621
2.9624994
2.6629696
2.946973
2.664177
2.9786046
2.8741958
2.6468496
2.4623747
2.8371382
3.0525723
3.2335434
3.503392
3.48954
3.7042217
3.8480253
3.9606614
4.152756
3.9651227
3.5133605
3.270871
3.2723432
3.5200605
2.788755
2.8888474
2.048997
1.585031
1.8292899
2.4396553
2.820088
2.5304947
2.6511905
2.962479
2.435999
2.3473976
1.4972713
1.4819932
1.3747551
1.4345771
1.3416516
1.3670679
1.4035026
1.4370121
1.3634344
1.4544858
1.4125447
1.4461852
1.4275185
1.4156442
1.3354391
1.4381081
1.432282
1.3367381
1.3054433
1.4098643
1.5200627
1.3536621
1.3192345
1.4271667
2.5582223
2.9058971
3.1699178
3.257601
3.6047225
3.2747688
2.5871968
1.5696838
1.5327494
1.934211
1.7540317
1.5921078
2.0193245
4.2913585
5.1867056
5.9370055
5.3448277
5.5219793
5.5081744
5.6846137
4.814854
3.3718565
3.3900256
2.9409254
1.5911592
1.3371595
1.3524401
1.3998059
1.4647275
1.4225003
1.3836852
1.7545663
1.9478956
5.469806
5.607492
5.477711
5.58813
5.572733
5.0494685
3.694367
3.3272872
3.2002118
2.9813683
3.308412
3.8470035
5.002593
3.6865714
3.4820933
3.832248
4.06433
4.3232336
4.597541
4.6456637
4.5710945
4.664469
5.269302
5.12753
4.080568
3.9399567
3.6262693
4.1447783
3.8554776
4.1485353
4.0646334
4.902578
4.907048
4.829804
4.624627
4.911611
5.5233603
5.2909427
5.0118203
4.8988295
4.7760763
4.0451603
2.9773984
3.8126445
3.4591203
3.1917074
3.1454313
3.3796303
3.2119954
3.3693488
3.4020445
3.6179895
3.8995976
3.8309
3.4817681
3.8763022
3.7487748
3.9197304
3.881425
3.6636467
3.661925
3.7255073
3.731127
3.730412
3.805697
3.8317602
3.7812011
3.6804616
3.6638114
3.5992267
3.7566192
4.372119
3.851652
4.3302903
5.536188
5.212107
4.3558025
3.0486703
3.4269698
3.6137009
3.463296
4.1208005
4.0964885
4.107261
4.222669
3.6827722
3.935408
3.165091
3.9912863
4.0448427
1.3581047
0.41485074
0.5710362
0.514171
0.5632053
0.83321965
0.51561487
0.5432896
0.48826292
0.49239492
0.450531
0.5880756
0.741308
0.4460738
0.5338271
0.44287282
0.43004674
0.42750812
0.46303323
0.5370734
0.52976817
0.57604235
0.51827
0.55347157
0.68811095
0.68021417
1.3473221
1.4272484
1.7666767
3.4896038
3.486814
4.009566
3.3724775
3.2763345
3.5749927
3.3104868
3.362226
3.2358503
3.3695745
3.27946
3.3013105
3.1519675
3.1836917
3.3162553
3.3065472
3.2351835
3.3312085
3.2418857
3.2621956
3.1502533
3.1897922
3.1730728
3.1613011
3.1394076
3.112599
3.2059646
3.1935503
3.1909661
3.0748205
3.012212
3.0218892
3.0235415
3.0679858
2.9942434
3.1352844
3.1197674
3.1691184
3.3044963
3.3691185
3.3290653
3.2937694
3.2919528
3.268896
3.2826142
3.3358884
3.1901264
3.1403015
3.0496666
3.3293202
3.538533
3.9260228
4.129315
4.2477837
4.3228784
4.5010266
4.413111
3.723142
3.798018
3.9905612
4.267367
4.2504807
4.3274555
4.2517114
4.2362747
4.0522065
3.782271
4.3836718
4.247983
4.1837187
4.3929195
4.5064316
4.4615173
4.0393057
3.746738
3.645619
3.759214
3.778372
4.3148704
4.655317
5.0324683
4.7029567
4.686319
4.734286
4.7310343
4.8837433
4.8615484
4.756244
4.88111
5.1453295
5.132765
5.124841
5.1466317
4.9676905
4.8523693
4.753936
4.535481
4.5087686
4.5468807
4.528926
4.475038
4.545927
4.6103115
4.6127086
4.671818
4.800377
4.7899604
4.78017
4.9744024
4.973191
5.008252
5.221238
5.2890463
5.1561503
5.295464
5.270265
5.386505
5.316924
5.1212397
5.101194
5.0278463
5.01499
5.191853
5.1147685
4.6073422
4.450387
4.706363
5.066542
5.368258
5.274469
4.7873745
4.2900105
4.540152
4.674654
4.520047
4.610254
4.245645
4.299491
4.018289
3.7843661
3.3821003
3.9116426
4.1534576
4.234336
4.8105927
4.4287825
4.714092
4.757664
5.043587
3.880082
3.3313322
4.8486514
4.47635
4.444443
3.0744572
2.7933226
2.9929342
2.9750814
3.7779224
3.92085
3.491258
4.042362
3.2967775
3.3244433
3.7167854
4.1238394
4.593986
5.235191
4.578298
3.5400822
2.0225294
2.5080602
3.3373263
3.4664495
3.5048363
4.0354815
2.7100906
3.2821078
3.769524
3.8921719
3.2518802
3.1333637
2.9469724
2.6487865
3.0359793
2.9286304
2.9458513
3.7842784
5.525897
4.9831886
4.5207615
4.2522297
2.6578202
3.3218732
3.639957
3.9227297
4.0461135
5.154431
6.2958417
5.6408286
4.920102
4.107082
4.748644
4.1145945
3.5447993
3.7168477
3.92051
3.8717575
4.7334623
4.802908
4.848036
5.3677344
4.988991
4.636076
3.3006403
3.7598033
3.6652386
4.508814
5.596286
5.541641
5.095327
4.1019607
4.6887317
4.587384
3.7811408
4.030457
4.6847973
5.198591
4.7380896
4.5579557
4.5591927
5.3185883
6.2936544
6.269953
5.6272173
5.708901
6.0381036
5.917206
5.742215
5.319604
5.0125737
4.6324363
4.6417747
4.7298894
4.5695972
4.5287066
4.6784744
4.8437147
4.979963
5.0312657
4.955988
4.7695465
4.825224
4.7699685
4.740225
5.2782316
5.2127514
4.8684297
4.948419
4.7878237
4.774931
4.6356745
4.9768357
4.9939947
4.870706
4.56931
4.3557525
4.1898575
3.7369764
3.1898818
3.178537
3.349539
3.484756
3.6040733
4.047939
4.3922276
4.7547016
4.942976
4.957343
4.8482656
4.2368784
4.867962
3.8495827
3.955248
3.902283
4.4344916
4.0387316
4.3534584
4.5429873
4.53288
4.6748104
4.7141395
4.640043
4.617609
4.749544
4.7033606
4.8261313
4.8687816
4.834692
4.9603004
4.8724604
5.014674
4.8170166
4.865969
4.8967338
4.947423
4.8617177
4.8569202
4.9247785
5.017154
5.0316505
5.00766
4.935623
4.986927
5.0326905
5.0014606
5.0619583
4.9997025
4.9838643
4.9785895
4.999084
5.118404
5.071937
5.0658755
5.0504494
4.962123
4.8793845
4.7803383
4.935891
4.3045945
3.827493
4.631231
4.8624544
4.5535054
5.095471
4.6219144
4.06015
4.1123924
4.3566875
4.1910944
4.1872582
3.8979228
2.4091554
2.726761
2.8313339
2.988028
2.9232142
2.8492622
2.8937373
2.8781095
3.0222445
3.0682907
3.31273
3.4178815
3.486948
3.6439135
3.6182294
3.3828483
3.3006492
3.197179
3.0413666
3.33348
3.1373746
3.077427
3.5558887
3.947241
3.8334212
4.126967
4.065742
3.1143491
3.3979478
3.3586042
3.523378
4.3947945
4.1562085
3.7842765
3.1203382
3.5964496
3.533372
3.8927352
4.0656586
4.0544114
3.8716092
3.8514779
3.7842133
4.0371733
3.640867
3.2521758
3.2816374
3.5724678
3.8828096
3.97836
3.585219
3.390789
3.733927
4.4153743
3.8475044
3.8570168
4.1664453
4.074818
4.028359
4.051577
4.094525
4.400099
4.394643
4.3121314
4.4887934
4.047451
4.6508684
4.140237
3.4822717
3.4619954
3.7351685
4.082282
3.9897513
4.0826263
4.511357
4.281912
4.221457
4.5679
4.439311
4.398148
4.407529
4.349463
4.344219
4.4059086
4.76169
4.4191284
4.334728
4.417786
4.329049
4.2471857
4.045727
4.2148857
4.037168
3.5193563
3.619079
3.861989
3.5725465
4.000482
3.5028536
3.7211034
3.5581367
3.1792474
3.4370818
3.5443187
3.376259
3.7382584
3.8578634
3.6344228
3.3625765
3.576464
3.1268978
3.3147635
3.568902
4.042407
4.20986
4.3106756
4.041558
4.229369
4.122172
4.2463694
4.0586777
4.038898
4.052716
3.777231
3.692066
3.6841898
3.7142208
3.7512548
4.188779
4.24848
4.1259494
4.177658
4.374737
4.1904993
4.261445
4.268195
4.3774004
4.233428
3.528481
3.861583
3.5995514
3.774868
3.5828934
4.0187078
3.9440727
3.858979
3.748741
3.8986273
4.234873
3.8389864
4.1261196
4.038964
3.915287
3.7490551
4.0070176
3.9149241
3.708948
3.885005
3.8365862
3.787194
3.5045033
3.6488385
3.5784936
3.3292716
3.4623399
3.4915128
3.3150933
3.5245724
3.7200642
3.6748307
3.5938256
3.5488431
3.484677
3.482888
3.250176
3.4411807
3.3574076
3.3161502
3.319031
3.5392501
3.2471848
3.3246927
3.383079
3.2416115
3.5448704
3.438378
3.2686613
3.3027382
3.698033
3.553699
3.6110637
3.6021419
3.3965955
3.315761
3.764649
3.6657026
3.853752
3.9733796
3.7800345
3.7054276
3.6790118
3.5759094
3.437136
3.1905954
3.3121052
3.3011763
2.984453
3.2559273
2.9208593
2.9489446
3.092268
2.9920325
3.1941547
3.1752214
3.388503
3.622303
3.7800705
4.079076
4.3887043
4.352234
3.9278553
3.7907615
4.025108
4.117185
4.273236
4.009674
4.0759354
3.840557
3.9057095
3.6812608
3.8077002
3.4167747
3.961568
3.5842032
3.861191
3.7317085
4.0052447
4.0190644
3.6009805
3.6818876
3.1765785
3.4842758
3.6048098
3.8498092
4.0207686
4.0273356
3.8996177
3.849586
3.9087772
4.0539536
4.3276763
4.515164
4.4671645
4.2429633
4.5011215
4.2471285
4.351701
4.3526354
4.1993055
4.1633635
3.3334184
3.2494624
3.1489222
3.0314772
3.598905
3.7298174
4.1291466
3.5897484
3.5244985
3.634575
3.3490276
3.6944208
3.9541864
3.9517207
3.930393
4.087075
4.143413
4.236487
4.114241
3.9770203
3.3797622
3.5472465
3.5444722
3.4844098
3.8302622
3.6614642
4.0862536
4.409294
4.1281047
4.171048
3.5202973
3.5038188
4.005218
4.000317
4.191425
4.3000093
4.289874
4.1811695
4.5400753
5.066494
4.6439714
4.716992
3.9503055
3.7639165
4.2486305
4.8315797
4.7570443
4.5768676
4.7228246
4.9715776
4.756337
4.6293545
4.2301702
4.39716
4.4910827
3.9257646
4.7992015
5.1184797
4.450881
2.4803407
3.8723297
4.038977
3.9379098
3.6334076
3.526538
4.1197658
4.226168
2.0887537
4.3193846
4.838467
4.653333
4.1295614
3.8247843
3.5384672
3.1134598
3.017442
3.5107138
3.6504912
3.3830616
3.8537626
3.9740484
3.0744834
3.2129881
3.4156356
3.6558192
3.3886995
2.9574873
2.5841045
1.457413
1.202033
1.1776816
1.2294343
1.5101911
1.5854261
1.2842519
1.2163954
1.2269157
1.3613327
1.2839526
1.2569524
1.3287542
1.2868979
1.3489563
1.239613
1.3052198
1.4211732
1.4707552
1.5615826
2.3754053
2.9977458
3.2466888
3.6742907
4.13056
4.7213106
5.060314
4.7966647
4.315705
3.851317
3.8428
4.1006227
4.0593104
4.186608
4.2570753
4.058048
3.9811146
4.037192
4.050761
4.566648
4.4804306
4.3777747
4.2991924
4.247163
3.619676
4.6326776
3.6857672
3.9092882
4.7495494
4.836792
4.448603
3.7748334
3.339415
3.4822605
3.4269495
3.7216265
3.9730718
3.951565
3.6072838
3.614613
3.5881734
3.8564732
4.4106584
4.754493
4.419826
4.4601917
4.386299
4.7625713
5.294526
5.3142004
5.4726562
5.728757
5.707387
5.715708
5.7718277
5.8885736
5.9484425
5.5854807
5.1533604
4.8002696
4.519961
4.5463257
4.7456636
5.0406723
5.198065
4.9908752
4.766014
4.609139
4.616185
4.7411923
4.9172077
4.9358387
4.998223
5.0005465
4.9882245
4.9829516
5.0384784
5.0623517
5.024325
4.9232316
4.9357643
4.552023
4.15529
4.2600718
4.756603
5.148951
5.323859
5.5622663
5.9082985
6.5677824
6.2363725
6.5432267
6.7367935
6.3514457
6.134609
6.346982
6.1952434
5.9746957
6.091547
6.3756504
6.2152576
5.651448
5.5315566
5.0302105
4.646787
3.937749
3.6499958
3.5525913
3.5750003
4.5197573
4.9121795
4.5371346
4.290489
4.0280113
3.4965723
3.3835905
3.639135
3.8275633
4.324374
4.266065
4.201354
4.0934734
4.1497636
3.8570986
3.7901604
3.3137043
3.340396
3.1731277
3.3043156
3.39557
3.1533809
2.8175402
3.4352477
2.8827906
2.4788299
2.7231164
2.850222
2.7105854
2.7424755
2.7572289
3.3228743
3.397667
3.6743922
2.9021394
2.7838335
2.5904143
2.6504416
3.8442674
4.349652
4.4608407
4.8430586
4.825389
4.8211985
4.9422708
5.092953
3.6313388
4.0602818
4.3649774
4.1825466
3.7739365
3.7630782
3.882091
3.783996
3.8240082
3.7843761
3.833346
3.923211
4.133976
4.0779853
4.1556616
4.1554837
4.261756
4.2948494
4.188391
4.109151
4.171409
4.1837897
4.260239
4.261875
4.1759124
4.1112285
4.2173214
4.298921
4.2596645
4.2377057
4.420371
4.371502
4.449383
4.430698
4.3921804
4.43476
4.5048976
4.8219957
5.2806497
5.45619
4.7204037
3.9798777
3.799314
4.653151
4.4839883
4.7576523
4.463386
4.274762
4.836577
4.351505
2.997768
3.1049454
3.2193017
4.0656004
4.2264066
2.1689281
2.9764934
2.6789813
3.05577
3.7637515
3.5010357
2.2403734
2.5181437
2.4894817
2.5489442
3.067166
3.4229589
3.4988763
2.9968967
2.4524343
3.0407884
2.5334392
2.4826803
2.637334
2.600826
3.3650417
3.5706687
3.5151348
2.7995172
2.3598495
3.1287923
2.9502084
3.1650982
3.417396
3.5395138
3.6679077
3.3798633
3.3692126
3.491327
3.062865
3.2438884
2.9667425
3.0668097
3.0972748
2.6889014
2.5639188
3.087471
3.616015
3.3032587
3.5074377
3.50341
2.2645056
3.123168
2.9645593
2.5808578
2.801356
3.415701
3.5075095
3.5449421
3.2114336
3.4568374
3.2073586
2.611998
2.6277027
3.1611989
3.2845578
2.929718
3.0881717
3.3976748
4.223904
4.180551
4.007004
4.2233715
4.069055
3.7269883
3.7901704
4.998825
5.2559114
5.3705044
5.316919
5.1833344
5.2500577
4.193247
4.249605
4.1488757
3.723296
3.7115095
3.8702638
4.010849
4.2834816
4.3097773
3.603686
2.551988
3.3355427
3.1636238
3.3987033
3.2843854
3.5098503
3.8351517
4.197999
3.8987875
3.5779116
2.5134017
1.9505086
2.461417
2.1686938
2.3370967
3.658362
3.8849444
4.0282745
4.158121
4.279841
4.0483227
4.175338
4.8098326
4.112364
4.0015125
4.065549
4.3702383
5.105974
5.283544
5.4628043
5.079894
4.94875
3.9089005
3.2552323
3.593643
3.6105547
3.1746764
3.7387853
3.708646
3.740056
3.7267914
3.9760482
3.9574666
4.1493545
4.3908906
4.3860717
4.5295196
4.596786
4.9298058
3.438663
3.3671403
3.564525
3.2608488
3.8759348
3.3097038
3.2500243
3.889956
2.860701
3.7969563
4.088286
5.0677176
5.0019746
5.0289664
5.08568
4.346557
3.1843603
2.2651026
2.3740935
3.8996902
4.2143006
4.382
4.3149796
4.6259665
4.650536
4.1937456
4.0296254
3.9426115
3.6098523
2.4141357
2.8924356
2.665996
2.7058861
2.7195566
2.391696
2.5372763
2.7160327
3.088576
3.3161535
3.4168384
3.6502306
4.5720186
3.869968
3.3485146
3.2723303
3.3715296
2.5051045
2.567197
2.7251136
2.8846836
3.0949628
2.8173244
3.1178255
2.905923
2.8471627
2.2328753
2.5291748
2.519263
2.6436496
3.2892303
3.4265895
3.8096914
3.1376462
3.0038111
3.1961303
2.859644
3.1012726
1.2071105
6.9761977
7.0815697
6.8887334
6.9436255
6.841149
6.873214
5.165173
2.905666
1.4791203
2.283065
2.6577234
3.1724768
3.380909
3.1584232
2.7738318
3.2811248
3.148582
3.3584402
3.3221118
3.2184641
3.279764
3.1529913
3.2994523
3.3029096
3.130776
3.1246464
3.3135214
3.2254257
3.3281732
3.4698582
3.5373647
3.7863953
4.120694
3.6492395
3.526307
3.4209442
3.216153
2.8754282
2.192121
2.3779812
2.5079954
1.5617892
1.9327943
1.5563213
1.4235027
1.305303
1.1404464
1.2353053
1.2847937
1.361879
1.1554999
1.1772597
1.2111629
1.0931435
1.1645886
1.3374718
2.7512102
3.3741488
2.253697
2.6717136
2.8937483
3.0746536
3.2465692
3.3727753
3.394692
2.9871776
2.7200677
2.5574815
2.8272383
2.4005766
2.1075594
2.5261037
2.4972851
2.307108
2.7188623
2.7121906
2.7240756
2.8200967
2.673792
2.6653173
2.5890892
2.5524597
2.5817533
2.641722
2.7865005
2.5866435
2.710813
2.5130658
2.4949265
2.5325885
2.6616573
2.6168964
2.4838638
2.6434987
2.4711509
2.395237
2.7655845
2.6212006
1.5234861
2.0025933
1.4148533
1.5643604
1.817886
1.3815665
2.9776776
3.8678758
3.7192664
4.0495715
3.9707317
3.6358392
3.717736
2.692557
2.3031006
2.262629
2.6495757
2.3839319
2.25873
2.381511
2.1706629
2.597199
2.1734488
2.1111171
2.0663788
2.068741
2.1177776
2.028756
1.9865887
2.0159848
2.1106284
2.8651018
3.0305042
2.9947174
3.0665426
3.1281486
2.923593
2.7357142
2.9771454
3.2056942
3.3614485
3.3671
3.3683498
3.0789185
3.1285634
3.079901
3.031827
3.0010095
2.9396133
2.6655774
2.6546807
2.6436048
3.3206332
3.1087062
3.316636
2.8634877
2.4729
2.791998
2.98207
2.8130827
2.894638
2.9829547
3.1018384
