183.0,260.0,38.0,48.0
181.14095,259.49298,38.0,48.0
179.95792,259.662,38.0,48.0
178.43687,258.14093,38.0,48.0
177.25385,258.30994,38.0,48.0
175.7328,257.4649,38.0,48.0
174.88777,256.61987,38.0,48.0
175.39479,255.09882,38.0,48.0
176.23982,254.25378,38.0,48.0
177.42285,254.42279,38.0,48.0
178.9439,253.91577,38.0,48.0
180.12692,252.73273,38.0,48.0
181.64796,252.22571,38.0,48.0
182.493,251.71869,38.0,48.0
184.01404,250.87366,38.0,48.0
184.85907,251.38068,38.0,48.0
186.0421,251.54968,38.0,48.0
187.22513,250.70465,38.0,48.0
188.03215,252.10242,38.84075,49.062
189.93234,251.5842,38.84075,49.062
191.14156,253.13889,38.84075,49.062
192.35077,252.62067,38.84075,49.062
193.2145,254.52084,38.84075,49.062
194.07822,255.73004,38.84075,49.062
195.63292,256.59375,38.84075,49.062
196.49664,257.11197,38.84075,49.062
197.36037,256.59375,38.84075,49.062
198.22409,257.45746,38.84075,49.062
198.39684,256.93924,38.84075,49.062
198.56958,258.14844,38.84075,49.062
199.08781,256.24826,38.84075,49.062
198.91507,255.38455,38.84075,49.062
199.7788,255.21182,38.84075,49.062
200.29703,255.0391,38.84075,49.062
200.81526,255.55731,38.84075,49.062
202.02448,255.73004,38.84075,49.062
203.57918,255.55731,38.84075,49.062
204.78839,254.6936,38.84075,49.062
205.65211,254.86633,38.84075,49.062
206.51584,254.00262,38.84075,49.062
207.37956,252.10245,38.84075,49.062
207.8978,251.23874,38.84075,49.062
208.76152,250.37503,38.84075,49.062
207.8978,250.89325,38.84075,49.062
209.4525,251.06598,38.84075,49.062
210.31622,250.54776,38.84075,49.062
211.17995,252.79343,38.84075,49.062
212.73465,254.34811,38.84075,49.062
215.6713,254.17538,38.84075,49.062
218.26245,254.6936,38.84075,49.062
220.8536,257.28476,38.84075,49.062
225.09727,265.3004,38.012463,48.01574
227.29506,263.10263,38.012463,48.01574
228.8166,264.96228,38.012463,48.01574
226.95694,261.41202,38.012463,48.01574
225.4354,256.50928,38.012463,48.01574
222.74466,253.27342,37.201836,46.99179
220.11131,257.12344,36.408497,45.989677
221.90419,260.8914,35.632076,45.008934
223.0135,262.31766,35.632076,45.008934
219.88028,263.56128,34.87221,44.049107
218.30878,260.89172,34.12855,43.109745
217.94116,263.5459,33.40075,42.19042
221.01773,262.42078,32.68847,41.290695
225.14972,260.19864,31.991377,40.41016
232.48491,257.20105,31.30915,39.5484
238.47255,254.83383,31.30915,39.5484
241.62488,253.51074,30.641474,38.70502
245.49811,253.26666,29.988035,37.879623
249.89938,254.20026,29.988035,37.879623
251.119,252.93298,29.348532,37.07183
250.04803,255.21542,28.722666,36.28126
251.45325,256.00687,29.358154,37.083984
257.32892,253.78717,29.358154,37.083984
264.1839,244.02972,30.007704,37.90447
269.52063,243.53345,29.36778,37.096146
276.25427,245.06201,28.741505,36.305058
278.42734,244.67853,28.741505,36.305058
281.36737,244.0394,28.741505,36.305058
282.77347,244.42288,28.741505,36.305058
284.17957,242.76111,28.741505,36.305058
286.33414,241.0537,28.128584,35.53084
287.20984,244.43144,28.128584,35.53084
288.83615,247.30879,28.128584,35.53084
290.73148,245.488,28.750929,36.316963
294.95117,245.61588,28.750929,36.316963
296.61346,249.83557,28.750929,36.316963
298.02002,255.33395,28.750929,36.316963
302.49545,264.9242,28.750929,36.316963
304.66925,269.65536,28.750929,36.316963
303.00696,283.8489,28.750929,36.316963
297.50858,288.58008,28.750929,36.316963
288.17407,290.75388,28.750929,36.316963
278.43683,295.2607,29.387043,37.120476
269.15723,296.6984,29.387043,37.120476
259.4757,298.05054,30.037231,37.941765
249.02562,296.66058,30.701805,38.781227
224.58385,311.54413,30.701805,38.781227
222.68588,306.72345,31.381083,39.639263
221.15063,294.5811,31.381083,39.639263
227.60913,287.04733,32.07539,40.51628
243.0908,289.1152,32.785057,41.412704
237.43333,284.26996,33.510426,42.32896
246.52463,300.21698,33.510426,42.32896
235.94296,303.64484,33.510426,42.32896
237.88043,312.8589,32.795807,41.42628
237.52718,316.81528,32.096428,40.542854
231.98856,318.29208,32.80656,41.439865
272.04373,315.56296,33.532406,42.356724
288.22867,292.65884,34.27431,43.293865
300.88077,285.18954,34.27431,43.293865
309.26468,251.19658,34.27431,43.293865
322.22165,248.60518,34.27431,43.293865
320.24,247.53813,34.27431,43.293865
313.99017,250.73927,34.27431,43.293865
303.47217,252.11119,34.27431,43.293865
291.86426,250.52519,35.03263,44.251743
284.20245,247.61092,35.807728,45.230812
259.257,250.70267,35.044117,44.26625
252.55505,247.11792,35.044117,44.26625
240.03964,225.7685,35.81947,45.24564
232.87083,228.79533,35.81947,45.24564
241.08377,234.34488,35.055607,44.28076
252.18068,231.42868,35.83121,45.260475
241.82234,233.81908,35.83121,45.260475
228.22685,236.29846,35.0671,44.29528
218.71324,252.0505,35.0671,44.29528
250.50482,246.05888,34.319283,43.35067
239.66776,249.56947,34.319283,43.35067
233.7076,251.94424,33.587414,42.426205
231.76566,253.28867,33.587414,42.426205
230.42123,255.52936,33.587414,42.426205
228.77806,265.83658,33.587414,42.426205
228.62868,263.5959,33.587414,42.426205
227.40302,261.6006,32.87115,41.521454
226.08727,260.28485,32.87115,41.521454
223.75183,253.30344,33.598427,42.440117
220.61383,250.76315,33.598427,42.440117
218.22672,251.06885,34.341793,43.379105
215.7868,248.212,35.101604,44.338867
216.8562,244.32018,35.878227,45.319866
219.56886,237.1396,35.878227,45.319866
217.49448,230.91644,35.878227,45.319866
235.20656,226.6081,35.878227,45.319866
256.11002,219.74666,35.878227,45.319866
250.84427,215.75745,35.878227,45.319866
252.91867,209.53429,35.878227,45.319866
250.84427,209.37473,35.878227,45.319866
240.79147,213.68307,35.878227,45.319866
229.14299,217.03401,35.878227,45.319866
222.6007,216.87445,35.878227,45.319866
215.74727,215.54533,36.67203,46.322567
213.62698,214.07744,36.67203,46.322567
214.76868,212.28336,36.67203,46.322567
212.64839,211.14166,36.67203,46.322567
208.57092,213.91434,36.67203,46.322567
202.86247,220.27519,36.67203,46.322567
200.0898,221.74309,36.67203,46.322567
173.1785,219.949,36.67203,46.322567
168.54243,220.9595,37.4834,47.347454
161.0406,222.45987,37.4834,47.347454
153.53877,223.96024,37.4834,47.347454
148.03743,221.45963,37.4834,47.347454
154.02225,221.45471,38.312717,48.395016
161.34926,220.60274,38.312717,48.395016
159.4749,219.40997,38.312717,48.395016
157.10641,217.99068,39.160385,49.465755
153.44894,219.9065,39.160385,49.465755
153.62311,217.294,39.160385,49.465755
182.2821,198.4964,40.02681,50.560184
191.7171,196.5382,40.02681,50.560184
192.60721,196.00414,40.02681,50.560184
229.8132,213.62804,40.02681,50.560184
215.7497,210.24567,40.02681,50.560184
208.47318,212.45676,40.912403,51.67883
226.27216,219.4969,40.039932,50.576763
223.95715,217.53806,40.039932,50.576763
226.98447,217.00383,40.039932,50.576763
238.55951,218.96268,40.039932,50.576763
240.14888,219.69646,40.925816,51.695774
266.5414,217.33023,40.925816,51.695774
273.6401,218.24031,40.925816,51.695774
277.09845,219.51443,40.925816,51.695774
275.25415,218.4867,40.05306,50.593346
272.9384,216.88347,40.05306,50.593346
267.41617,215.63652,40.05306,50.593346
266.16922,214.0333,40.05306,50.593346
279.47357,206.84637,39.198914,49.514427
280.73172,205.18987,38.362984,48.45852
273.73633,213.20897,38.362984,48.45852
267.76465,218.15694,38.362984,48.45852
261.45172,218.6688,38.362984,48.45852
249.33774,216.79198,38.362984,48.45852
236.69913,214.30872,39.211765,49.530663
234.0832,213.08795,39.211765,49.530663
230.93542,214.16843,40.079327,50.62653
222.91405,215.7727,40.079327,50.62653
223.02547,214.28796,40.966084,51.746643
219.92813,215.56334,40.966084,51.746643
221.5679,213.92357,40.966084,51.746643
220.29253,214.83455,40.966084,51.746643
219.38155,214.28796,40.966084,51.746643
222.84328,213.37698,40.966084,51.746643
224.48305,213.1948,40.966084,51.746643
222.11449,214.10577,40.966084,51.746643
228.27731,211.83206,41.87246,52.891537
236.28511,212.0183,41.87246,52.891537
239.45097,209.22488,41.87246,52.891537
241.8719,208.17339,40.979515,51.763607
245.0113,207.03348,41.88619,52.90888
249.66853,209.08266,41.88619,52.90888
248.73708,211.87698,41.88619,52.90888
250.7997,215.49358,40.992954,51.780582
252.4269,217.75804,41.899925,52.926228
301.80963,228.37999,41.899925,52.926228
294.91467,228.93904,41.899925,52.926228
286.5243,228.93356,42.82696,54.09722
277.953,231.02878,42.82696,54.09722
269.76266,228.55263,42.82696,54.09722
260.4295,226.83838,42.82696,54.09722
249.19162,228.93358,42.82696,54.09722
241.3868,228.59247,41.913662,52.94358
233.74394,226.16913,41.913662,52.94358
225.72827,224.86426,41.913662,52.94358
218.08542,222.0681,41.913662,52.94358
210.8154,217.40782,41.913662,52.94358
201.68126,214.98448,41.913662,52.94358
188.2597,218.46022,42.841003,54.114956
175.49384,221.31825,42.841003,54.114956
170.86862,216.17296,43.78886,55.31225
191.70697,212.47269,43.78886,55.31225
193.44514,208.02177,44.75769,56.53603
189.85214,208.01591,45.747955,57.78689
192.9041,223.27571,45.747955,57.78689
189.4452,227.54845,45.747955,57.78689
179.8824,231.41426,45.747955,57.78689
165.84338,234.05928,45.747955,57.78689
155.46672,232.63503,45.747955,57.78689
140.20692,234.05928,45.747955,57.78689
126.37869,235.656,44.772366,56.554565
117.816315,235.45688,44.772366,56.554565
109.65219,234.46124,44.772366,56.554565
113.83382,230.67786,44.772366,56.554565
134.84747,244.5239,43.81758,55.348522
139.71945,245.10852,43.81758,55.348522
141.8631,247.64194,43.81758,55.348522
139.32968,252.51392,43.81758,55.348522
132.50894,255.82684,43.81758,55.348522
128.28027,258.4832,42.88316,54.168198
120.079185,259.05536,42.88316,54.168198
113.40389,248.18417,42.88316,54.168198
128.56161,243.03383,43.83195,55.36667
136.94414,245.95796,43.83195,55.36667
146.49632,242.64394,43.83195,55.36667
166.5754,256.87476,43.83195,55.36667
181.97585,260.57867,43.83195,55.36667
195.42688,264.67242,43.83195,55.36667
200.96744,275.59708,42.89722,54.18596
204.25374,273.2162,43.84632,55.384823
202.88869,270.29108,43.84632,55.384823
206.2038,268.146,43.84632,55.384823
204.44875,253.91052,43.84632,55.384823
196.45348,265.4159,43.84632,55.384823
201.61993,268.8258,42.911285,54.203724
207.28337,266.04816,43.8607,55.40298
217.6221,264.2925,43.8607,55.40298
230.69182,263.7073,43.8607,55.40298
243.76152,249.46715,43.8607,55.40298
254.81229,253.50912,44.831116,56.628773
264.0389,257.6405,45.823006,57.881683
271.17184,261.5127,45.823006,57.881683
281.15793,264.16205,45.823006,57.881683
285.84528,266.4038,45.823006,57.881683
284.4187,271.0912,45.823006,57.881683
279.8944,273.62247,46.83684,59.162315
280.99615,282.08362,45.83803,57.90066
285.2773,286.36478,45.83803,57.90066
294.21536,287.17865,44.860523,56.665913
294.5014,284.51364,43.90386,55.457497
297.0398,281.52908,42.967594,54.27485
300.26083,279.3449,42.051296,53.11742
269.77606,263.44794,42.051296,53.11742
266.22263,265.87924,42.051296,53.11742
263.79132,263.44794,42.051296,53.11742
266.59668,265.13113,42.051296,53.11742
268.65393,264.73755,42.98168,54.292645
277.6385,271.04587,42.98168,54.292645
284.89786,267.86697,43.93265,55.49387
297.99393,276.37537,44.904663,56.721672
312.13986,274.47772,43.947056,55.512066
340.87167,250.43684,43.947056,55.512066
342.63077,251.41411,43.947056,55.512066
350.25348,260.60046,43.947056,55.512066
339.8944,252.58684,43.947056,55.512066
331.48987,250.82774,43.947056,55.512066
373.90347,240.85957,43.947056,55.512066
375.66257,234.80049,43.947056,55.512066
374.05887,226.1613,43.009872,54.328255
370.807,218.31856,43.009872,54.328255
368.32028,221.57042,43.009872,54.328255
370.04187,228.64801,43.009872,54.328255
360.28625,229.60443,43.009872,54.328255
347.85263,226.35258,43.009872,54.328255
339.6369,221.187,43.961468,55.530266
331.62534,222.72136,43.023975,54.346066
330.15677,235.42133,43.97588,55.548473
343.65198,231.31409,43.97588,55.548473
359.103,229.945,43.97588,55.548473
386.68015,232.0964,43.97588,55.548473
413.0838,233.46548,43.97588,55.548473
416.01755,231.70523,43.97588,55.548473
412.89316,231.69948,44.948845,56.777485
391.5028,235.8976,44.948845,56.777485
375.9893,239.39326,43.990295,55.56669
360.9245,246.24089,43.990295,55.56669
358.56494,250.41629,43.05219,54.381714
362.1614,253.76445,42.134087,53.222008
376.51825,252.34515,41.235565,52.087032
391.62955,252.37024,40.356205,50.97626
405.7266,249.62686,39.495598,49.889175
420.8775,248.2964,38.653343,48.825275
444.52814,225.81833,39.50855,49.905533
447.8667,243.21405,39.50855,49.905533
461.8316,248.31335,40.382675,51.009693
476.97656,244.18327,39.521503,49.921898
490.44318,240.4801,38.678696,48.8573
496.80804,235.49142,38.678696,48.8573
501.6972,231.86723,37.85386,47.815403
503.54913,217.89377,37.85386,47.815403
501.19415,211.10147,37.046616,46.795727
488.64734,211.4385,37.866272,47.83108
477.02704,204.53369,37.866272,47.83108
469.79385,205.22765,38.704063,48.889343
476.68793,206.29413,39.56039,49.97102
462.92465,185.84416,40.435665,51.07663
467.4206,182.42725,40.435665,51.07663
473.87677,178.31717,41.330303,52.2067
479.94272,174.45703,41.330303,52.2067
482.69995,172.06741,41.330303,52.2067
490.82468,164.0522,42.244736,53.361774
493.64294,167.24622,42.244736,53.361774
496.80975,169.08286,41.343853,52.22382
503.61322,165.95695,41.343853,52.22382
511.675,163.85533,40.46218,51.11013
502.49725,149.27893,40.46218,51.11013
509.15558,145.85977,40.46218,51.11013
515.9894,148.46834,41.357407,52.24094
528.69946,145.40958,42.272438,53.39677
541.3006,142.28313,43.207714,54.578175
554.1806,139.48627,44.163685,55.785717
564.19794,138.11134,44.163685,55.785717
574.2153,136.34358,44.163685,55.785717
583.4469,136.93283,44.163685,55.785717
598.9639,135.16507,44.163685,55.785717
602.69586,138.897,44.163685,55.785717
603.678,142.23611,44.163685,55.785717
603.8744,149.89641,44.163685,55.785717
603.678,156.3782,44.163685,55.785717
602.30304,159.71732,44.163685,55.785717
601.6107,154.82072,45.14081,57.019978
600.48645,150.64897,46.13955,58.281544
596.5875,166.03938,46.13955,58.281544
598.4344,163.78212,46.13955,58.281544
600.69165,159.47281,46.13955,58.281544
599.1167,148.39594,47.160385,59.571022
597.5069,138.37964,48.203808,60.88903
605.01044,136.0214,48.203808,60.88903
620.66064,131.0905,48.203808,60.88903
624.734,121.443115,48.203808,60.88903
621.5182,118.227325,48.203808,60.88903
624.30524,119.72803,48.203808,60.88903
621.0894,118.227325,48.203808,60.88903
624.30524,118.44171,48.203808,60.88903
621.0894,120.371185,48.203808,60.88903
625.1628,121.01434,48.203808,60.88903
621.94696,113.08205,48.203808,60.88903
625.59155,109.00871,48.203808,60.88903
622.8045,106.221695,48.203808,60.88903
626.4491,104.29222,48.203808,60.88903
624.5196,97.21747,48.203808,60.88903
620.875,82.42482,48.203808,60.88903
623.66205,77.49393,48.203808,60.88903
619.3476,77.487625,49.270317,62.2362
620.84863,78.84525,50.360424,63.613174
623.3124,76.82945,50.360424,63.613174
618.8049,74.03434,51.474648,65.020615
621.3232,74.0276,52.613525,66.4592
617.09955,70.62189,53.7776,67.92961
618.7379,70.11856,54.96743,69.432556
621.42706,73.66226,56.183586,70.96875
617.6789,77.41041,56.183586,70.96875
621.46454,78.44005,57.426647,72.53893
624.80396,77.3726,58.697212,74.14386
559.9643,4.236679,59.995888,75.784294
564.5605,-5.183655,61.323296,77.46102
576.6154,-5.7576027,62.680073,79.17484
587.4874,-4.3637543,62.680073,79.17484
592.78406,0.37532806,62.680073,79.17484
594.7355,-1.0185204,62.680073,79.17484
596.74725,6.5430336,61.343403,77.48641
613.4421,19.72853,60.035236,75.83399
605.29846,26.923176,61.363518,77.51182
601.75055,27.741917,61.363518,77.51182
605.88525,23.203514,62.721184,79.22677
601.429,23.195309,64.10889,80.97966
528.7361,62.808167,62.741745,79.25275
533.4394,67.14966,61.40376,77.56266
550.6771,67.71346,60.094307,75.908615
561.3647,69.8109,58.81278,74.28984
573.337,68.83821,57.55858,72.70559
585.5474,68.37975,56.331123,71.15512
595.0827,68.41402,55.129845,69.63772
600.72205,72.09187,55.129845,69.63772
602.4017,81.2425,56.349594,71.17845
598.64246,107.557045,56.349594,71.17845
611.0795,119.186035,55.147923,69.66055
607.891,114.525894,55.147923,69.66055
618.17163,116.92349,53.971878,68.17502
623.21246,113.32289,53.971878,68.17502
625.3728,110.68245,53.971878,68.17502
627.0531,109.962326,53.971878,68.17502
626.333,110.68245,53.971878,68.17502
624.98883,113.1658,55.166004,69.68339
621.5785,103.48563,56.38655,71.225136
616.1369,133.00912,55.18409,69.70624
595.7661,198.53925,55.18409,69.70624
598.95667,200.93842,54.00727,68.219734
601.15314,206.99068,52.85555,66.76493
598.5673,208.16605,52.85555,66.76493
597.09174,200.04138,51.72839,65.34115
595.9414,180.94624,51.72839,65.34115
591.7888,168.52765,52.87288,66.78682
588.26154,164.05975,52.87288,66.78682
585.67487,167.58704,52.87288,66.78682
595.7864,149.48032,52.87288,66.78682
597.9028,146.42334,52.87288,66.78682
598.6082,145.24759,52.87288,66.78682
594.61066,147.83426,52.87288,66.78682
592.6813,149.67964,51.74535,65.36257
592.12396,146.60567,50.641865,63.968697
595.9203,145.33394,49.561913,62.604546
598.36084,144.51425,48.50499,61.269485
594.6935,144.72998,48.50499,61.269485
591.88904,147.53442,48.50499,61.269485
586.92737,150.33887,48.50499,61.269485
577.2197,152.71185,48.50499,61.269485
564.92334,156.37921,48.50499,61.269485
555.2157,154.43768,48.50499,61.269485
548.95966,150.3389,48.50499,61.269485
545.5135,145.85623,49.578163,62.625072
542.8542,110.18152,48.520893,61.289574
545.6758,94.95073,49.594418,62.645607
543.9829,88.99434,50.691692,64.03164
542.5676,92.06741,49.610676,62.666145
541.4644,98.907364,49.610676,62.666145
546.4595,93.8335,48.55271,61.32977
550.5623,54.316826,48.55271,61.32977
544.3001,57.124023,48.55271,61.32977
541.06104,59.499344,48.55271,61.32977
546.0276,61.01091,48.55271,61.32977
549.25104,58.959114,47.51731,60.021893
546.5037,58.74778,47.51731,60.021893
543.33374,57.268448,47.51731,60.021893
540.37756,56.075188,46.50399,58.74191
536.8615,57.522972,46.50399,58.74191
532.9318,60.211716,46.50399,58.74191
525.2543,63.429623,45.51228,57.48922
519.5006,70.983894,46.519238,58.76117
509.36282,71.19079,46.519238,58.76117
505.1991,71.614006,47.548477,60.06126
503.13727,71.168976,48.600487,61.390114
503.2724,70.71411,49.675774,62.74837
501.284,70.93504,49.675774,62.74837
502.38867,71.155975,49.675774,62.74837
500.40027,70.93504,49.675774,62.74837
502.37216,70.92854,50.77485,64.13668
499.21335,71.83006,49.69206,62.768948
496.14142,71.82356,50.791496,64.15771
493.65656,72.95305,50.791496,64.15771
496.61017,72.008934,51.915257,65.577194
496.051,74.71109,50.808147,64.17874
494.01724,76.74481,50.808147,64.17874
491.5316,79.68241,50.808147,64.17874
486.78622,83.071945,50.808147,64.17874
478.8337,88.7657,49.724648,62.810112
471.4771,94.33803,48.664253,61.47067
462.17044,99.31601,48.664253,61.47067
453.29663,103.42825,48.664253,61.47067
443.5517,104.32009,49.74095,62.830708
434.48157,105.4262,49.74095,62.830708
422.68488,101.74738,50.84147,64.22084
406.63055,97.45115,50.84147,64.22084
393.63452,86.653046,51.966335,65.64172
383.69635,82.261765,51.966335,65.64172
373.29593,69.550156,51.966335,65.64172
357.34863,54.98958,51.966335,65.64172
340.9391,38.117805,51.966335,65.64172
324.78568,24.783432,50.85814,64.2419
308.03058,-1.0373287,51.983376,65.663246
289.3037,-7.279621,51.983376,65.663246
271.0392,-11.672346,51.983376,65.663246
246.30125,-10.978758,51.983376,65.663246
234.51027,-14.446697,51.983376,65.663246
251.38759,-4.042877,51.983376,65.663246
247.45726,-7.0484257,51.983376,65.663246
249.53801,27.39978,51.983376,65.663246
227.112,11.447254,51.983376,65.663246
203.29881,-7.742014,51.983376,65.663246
222.95047,37.341206,51.983376,65.663246
226.8808,63.46635,51.983376,65.663246
240.98375,58.611233,51.983376,65.663246
267.1089,-3.1180992,51.983376,65.663246
277.9751,-7.973215,51.983376,65.663246
288.3789,1.5058212,51.983376,65.663246
252.61035,-13.16996,50.874813,64.262955
208.03601,-17.469007,50.874813,64.262955
204.64203,-44.847153,50.874813,64.262955
201.70058,-45.978485,50.874813,64.262955
199.40791,-46.81988,49.789894,62.89253
203.22226,-48.204865,50.891495,64.28403
201.95479,-47.272217,52.017467,65.706314
204.07033,-49.024452,50.90818,64.30511
207.46654,-46.986725,50.90818,64.30511
208.14578,-47.66597,50.90818,64.30511
209.27785,-49.703697,50.90818,64.30511
209.95709,-48.118797,50.90818,64.30511
193.8817,-41.55279,50.90818,64.30511
188.67418,-44.496174,50.90818,64.30511
187.08928,-46.5339,50.90818,64.30511
189.127,-45.40183,50.90818,64.30511
186.9195,-48.22735,52.034523,65.72786
187.15092,-48.921616,52.034523,65.72786
187.2956,-49.888836,53.185787,67.18209
186.95264,-52.349937,54.362522,68.668495
187.60547,-55.367176,55.565292,70.18778
190.81812,-51.66028,55.565292,70.18778
191.99818,-52.693123,56.794674,71.740685
193.76634,-52.44053,56.794674,71.740685
195.49664,-51.399696,58.051254,73.32795
193.68936,-49.592415,58.051254,73.32795
190.33298,-51.399696,58.051254,73.32795
179.7798,-50.871563,59.33564,74.95033
170.08829,-53.069656,60.64844,76.60861
244.13702,20.802517,61.990288,78.30358
247.72116,17.218395,61.990288,78.30358
242.80167,16.193161,60.668327,76.633736
232.2786,19.161205,60.668327,76.633736
221.24965,20.27303,62.010612,78.329254
213.80327,19.997238,62.010612,78.329254
202.5303,22.850468,63.3826,80.06229
192.66402,24.259937,63.3826,80.06229
183.36151,27.92456,63.3826,80.06229
173.49522,28.206451,63.3826,80.06229
165.3203,31.87107,63.3826,80.06229
154.89021,33.28054,63.3826,80.06229
145.5877,36.94516,63.3826,80.06229
135.23518,38.691658,64.78494,81.833664
125.84936,39.878925,66.21831,83.64423
117.30869,43.11849,66.21831,83.64423
109.35703,46.35805,66.21831,83.64423
99.76355,48.182682,67.68339,85.494865
92.23801,51.493923,67.68339,85.494865
82.30429,54.20312,67.68339,85.494865
76.58487,57.514362,67.68339,85.494865
69.059326,60.825603,67.68339,85.494865
62.737873,64.13684,67.68339,85.494865
56.055233,66.626465,69.180885,87.38644
49.224743,69.17117,70.71151,89.31986
42.89569,71.11962,72.276,91.29607
38.716873,72.08396,72.276,91.29607
33.581795,75.40952,73.87511,93.315994
28.33311,78.12691,75.50959,95.38061
24.638992,81.14935,75.50959,95.38061
22.288189,84.843475,75.50959,95.38061
19.013908,88.317825,77.18024,97.490906
18.67065,91.40715,77.18024,97.490906
16.748451,93.533844,78.88785,99.647896
19.204426,97.393234,78.88785,99.647896
17.239697,99.56697,80.63324,101.85261
19.69627,103.27706,82.41725,104.106094
23.728325,107.30912,82.41725,104.106094
26.239254,110.340706,84.24073,106.40944
31.109844,114.46197,84.24073,106.40944
36.729755,119.33256,84.24073,106.40944
42.349667,123.45382,84.24073,106.40944
48.7189,127.57508,84.24073,106.40944
55.837452,131.69635,84.24073,106.40944
63.06846,137.12726,86.10455,108.76375
70.45945,141.08911,88.00961,111.17014
78.67933,146.17761,88.00961,111.17014
87.68205,148.91757,88.00961,111.17014
95.23657,151.34265,89.956825,113.62978
106.03882,155.74356,89.956825,113.62978
112.10013,153.24127,91.94712,116.143845
119.99263,157.47194,93.98145,118.713524
128.05975,158.32697,96.06079,121.34006
137.19186,161.86041,98.186134,124.024704
146.3622,164.04382,98.186134,124.024704
154.79022,167.65543,100.358505,126.76875
164.16345,170.77985,100.358505,126.76875
172.64401,174.79694,100.358505,126.76875
181.12454,178.81406,100.358505,126.76875
191.39047,180.15308,100.358505,126.76875
201.65637,182.3848,100.358505,126.76875
210.1369,184.61652,100.358505,126.76875
219.38101,183.81715,98.21833,124.06537
227.6807,186.87494,98.21833,124.06537
235.98038,189.93272,98.21833,124.06537
245.15372,193.86415,98.21833,124.06537
255.20071,197.7956,98.21833,124.06537
265.2477,201.72702,98.21833,124.06537
273.5474,199.54288,98.21833,124.06537
281.84708,198.23239,98.21833,124.06537
291.7361,205.02873,96.123795,121.41964
299.85883,208.87633,96.123795,121.41964
307.1265,210.15886,96.123795,121.41964
315.2492,214.86147,96.123795,121.41964
322.51688,215.28899,96.123795,121.41964
330.6396,220.84663,96.123795,121.41964
337.90726,219.5641,96.123795,121.41964
346.02997,223.4117,96.123795,121.41964
353.3939,221.62495,98.250534,124.10605
361.69632,223.8098,98.250534,124.10605
369.1248,222.49889,98.250534,124.10605
416.75443,105.828094,98.250534,124.10605
417.38086,110.94197,96.15531,121.45945
422.9403,109.65901,96.15531,121.45945
428.4997,114.66383,94.10477,118.86929
433.10358,114.2453,94.10477,118.86929
438.5444,119.14339,92.09795,116.33437
443.86926,118.73378,92.09795,116.33437
450.01334,115.04733,92.09795,116.33437
456.12778,111.15535,90.133934,113.85351
461.33902,114.30124,88.2118,111.425545
464.08527,114.69356,88.2118,111.425545
466.04688,116.65517,88.2118,111.425545
468.79315,116.26285,88.2118,111.425545
469.9701,115.08588,88.2118,111.425545
471.14703,117.047485,88.2118,111.425545
473.8933,118.22446,88.2118,111.425545
475.21198,122.81582,86.33066,109.04936
473.29218,123.96769,86.33066,109.04936
475.97986,122.047905,86.33066,109.04936
477.1317,126.271416,86.33066,109.04936
479.0515,122.81582,86.33066,109.04936
477.1317,125.5035,86.33066,109.04936
479.8194,122.047905,86.33066,109.04936
475.5959,125.5035,86.33066,109.04936
479.8471,122.5954,84.48963,106.723854
479.4713,127.48038,84.48963,106.723854
480.59863,124.098465,84.48963,106.723854
481.72595,125.97731,84.48963,106.723854
481.35016,124.098465,84.48963,106.723854
482.47748,125.22577,84.48963,106.723854
478.34406,122.5954,84.48963,106.723854
481.72595,125.97731,84.48963,106.723854
482.85327,122.5954,84.48963,106.723854
482.47748,124.47424,84.48963,106.723854
482.10168,122.5954,84.48963,106.723854
482.47748,123.7227,84.48963,106.723854
482.85327,121.84386,84.48963,106.723854
480.97443,121.468094,84.48963,106.723854
479.8471,123.34694,84.48963,106.723854
477.96826,122.219635,84.48963,106.723854
476.08942,121.84387,84.48963,106.723854
477.21674,121.46811,84.48963,106.723854
476.84094,121.09235,84.48963,106.723854
474.9621,118.461975,84.48963,106.723854
475.3379,119.58928,84.48963,106.723854
474.21057,123.72272,84.48963,106.723854
476.08942,126.35309,84.48963,106.723854
477.96826,127.48039,84.48963,106.723854
480.59863,125.60155,84.48963,106.723854
483.229,124.47424,84.48963,106.723854
486.6109,125.60155,84.48963,106.723854
492.24744,124.47424,84.48963,106.723854
501.6416,125.60155,84.48963,106.723854
509.5327,130.48653,84.48963,106.723854
512.9146,129.35922,84.48963,106.723854
510.28424,134.2442,84.48963,106.723854
507.65387,133.86844,84.48963,106.723854
502.76886,134.99574,84.48963,106.723854
500.89,136.12305,84.48963,106.723854
498.25964,141.00803,84.48963,106.723854
493.03653,143.33612,86.35896,109.08512
502.63858,139.8794,86.35896,109.08512
511.47244,144.1043,86.35896,109.08512
525.6834,136.80675,86.35896,109.08512
555.2577,142.56796,86.35896,109.08512
564.85974,146.79286,86.35896,109.08512
569.11237,152.02818,84.517334,106.75885
566.7528,155.70265,82.71497,104.482185
563.44196,159.74928,82.71497,104.482185
558.6596,165.26741,82.71497,104.482185
561.94293,162.20322,84.545044,106.79385
565.3271,158.06706,84.545044,106.79385
567.95917,152.42685,84.545044,106.79385
573.59937,146.0346,84.545044,106.79385
577.03784,146.08604,82.742096,104.51644
568.574,133.2062,82.742096,104.51644
569.678,130.63023,82.742096,104.51644
572.25397,136.88615,82.742096,104.51644
576.30194,157.8619,82.742096,104.51644
567.6075,195.50984,80.97759,102.2876
580.21265,213.87738,80.97759,102.2876
576.9713,217.83902,80.97759,102.2876
575.1706,216.75858,80.97759,102.2876
570.48865,199.83162,80.97759,102.2876
568.6879,190.82793,80.97759,102.2876
567.6075,189.74748,80.97759,102.2876
570.12854,191.54822,80.97759,102.2876
569.7684,184.70541,80.97759,102.2876
568.6879,178.5829,80.97759,102.2876
571.209,181.10394,80.97759,102.2876
570.12854,176.42203,80.97759,102.2876
572.6496,207.0346,80.97759,102.2876
580.10846,204.30682,79.25072,100.106285
569.7425,202.31667,77.56067,97.97149
554.9096,198.5222,77.56067,97.97149
534.7902,195.90952,75.90666,95.88222
550.65717,186.79446,75.90666,95.88222
564.49854,177.67938,75.90666,95.88222
575.9177,175.56793,77.5861,98.00361
580.40356,173.15248,77.5861,98.00361
582.81903,172.1173,77.5861,98.00361
574.19244,175.913,77.5861,98.00361
569.7066,160.3851,77.5861,98.00361
556.2491,161.42029,77.5861,98.00361
542.10974,179.42746,75.93155,95.91365
541.9429,177.52066,74.31229,93.86826
555.159,175.65453,72.727554,91.86649
569.96387,171.9576,71.17662,89.90741
582.30963,168.47546,71.17662,89.90741
587.058,161.19463,71.17662,89.90741
584.209,150.74821,71.17662,89.90741
581.9931,139.03557,71.17662,89.90741
579.7772,136.18654,71.17662,89.90741
582.67194,135.00937,69.65876,87.990105
579.26404,107.43651,69.65876,87.990105
581.4999,103.29837,68.17326,86.113686
587.86707,128.46402,68.17326,86.113686
591.2023,136.65044,68.17326,86.113686
575.739,142.41125,68.17326,86.113686
570.5846,140.28885,68.17326,86.113686
567.8558,135.74084,68.17326,86.113686
581.4998,132.40564,68.17326,86.113686
585.4414,126.03842,68.17326,86.113686
580.8934,122.09682,68.17326,86.113686
576.9518,125.43202,68.17326,86.113686
568.96246,120.38997,69.681595,88.01895
564.31384,122.559326,69.681595,88.01895
550.3679,128.4476,69.681595,88.01895
543.64325,135.06155,68.19561,86.14192
545.83203,134.51837,66.74132,84.30492
540.7859,130.06589,66.74132,84.30492
544.667,126.97752,68.21797,86.170166
545.5772,121.21294,68.21797,86.170166
545.8806,124.55032,68.21797,86.170166
542.8064,122.837234,66.76321,84.33256
537.7586,121.94644,66.76321,84.33256
536.4671,122.55945,65.33946,82.53414
533.2705,128.0808,65.33946,82.53414
528.91156,132.43976,65.33946,82.53414
516.4159,136.79872,65.33946,82.53414
512.05695,141.73888,65.33946,82.53414
507.11682,139.1235,65.33946,82.53414
504.50146,142.32007,65.33946,82.53414
507.69806,136.79872,65.33946,82.53414
506.8263,137.67052,65.33946,82.53414
501.88617,136.79872,65.33946,82.53414
497.24393,139.20213,66.785095,84.36021
499.3231,144.25159,66.785095,84.36021
502.6118,148.3003,65.360886,82.5612
505.27002,146.65894,63.967045,80.80056
502.14056,145.23647,63.967045,80.80056
516.08075,116.502625,63.967045,80.80056
509.5374,120.201035,63.967045,80.80056
500.1491,123.33046,63.967045,80.80056
490.7608,127.02887,63.967045,80.80056
483.64844,131.29626,63.967045,80.80056
475.56174,140.7331,65.38232,82.58827
472.36307,145.67648,65.38232,82.58827
470.90912,148.87515,65.38232,82.58827
471.19992,153.23697,65.38232,82.58827
467.41968,155.85406,65.38232,82.58827
460.73157,156.72641,65.38232,82.58827
455.78818,155.27249,65.38232,82.58827
452.8417,155.31226,63.988018,80.82705
440.60446,158.4427,63.988018,80.82705
436.62363,156.28723,62.623455,79.103386
434.11697,155.45168,62.623455,79.103386
432.90558,158.7112,61.28799,77.41648
430.99753,158.98378,61.28799,77.41648
428.23557,157.97015,59.981007,75.76555
425.30115,159.30399,59.981007,75.76555
420.2326,161.17136,59.981007,75.76555
417.52957,163.26483,58.701893,74.149826
415.70203,165.6145,58.701893,74.149826
418.08942,165.65024,57.450058,72.56856
421.411,166.67029,56.22492,71.02101
422.73358,166.22244,55.025906,69.50647
425.91498,167.6712,53.852463,68.02422
429.0286,165.99464,53.852463,68.02422
432.1422,167.19218,53.852463,68.02422
434.7768,165.51562,53.852463,68.02422
436.96698,165.08669,52.704044,66.573586
434.85736,166.2587,52.704044,66.573586
436.02936,166.9619,52.704044,66.573586
437.67017,168.13391,52.704044,66.573586
438.37338,168.83711,52.704044,66.573586
440.0142,168.13391,52.704044,66.573586
442.6095,169.06967,51.580116,65.153885
440.54486,167.00507,51.580116,65.153885
439.73627,163.19022,52.721325,66.59541
438.26437,160.05826,51.597027,65.17525
433.17,156.71834,52.73861,66.61725
428.24435,153.66913,52.73861,66.61725
418.17023,150.74202,53.905453,68.091156
408.3407,153.8587,53.905453,68.091156
377.7198,156.20229,52.7559,66.63909
369.50766,158.31398,52.7559,66.63909
366.45746,159.01788,52.7559,66.63909
367.6306,160.66031,52.7559,66.63909
365.51892,157.61009,52.7559,66.63909
360.797,158.5769,53.923126,68.11348
350.9943,157.07697,55.116177,69.62049
351.2394,156.83183,55.116177,69.62049
369.13385,159.038,55.116177,69.62049
379.6744,160.7539,55.116177,69.62049
384.91406,161.25534,56.33562,71.16084
388.17123,160.50366,56.33562,71.16084
391.92953,161.75644,56.33562,71.16084
393.6834,160.50366,56.33562,71.16084
394.9362,160.75421,56.33562,71.16084
397.19116,162.00699,56.33562,71.16084
401.95166,160.25311,56.33562,71.16084
404.20663,160.50366,56.33562,71.16084
408.96713,162.25754,56.33562,71.16084
412.2243,161.50586,56.33562,71.16084
415.48148,164.26193,56.33562,71.16084
418.73865,163.00919,56.33562,71.16084
422.49695,163.76083,56.33562,71.16084
425.25302,166.01581,56.33562,71.16084
429.51242,164.26193,56.33562,71.16084
431.2663,166.01581,56.33562,71.16084
435.0246,163.76083,56.33562,71.16084
437.27957,165.51471,56.33562,71.16084
440.53674,163.76083,56.33562,71.16084
442.79172,163.00919,56.33562,71.16084
445.0467,162.2575,56.33562,71.16084
447.30167,163.00919,56.33562,71.16084
449.55664,162.2575,56.33562,71.16084
450.80942,161.50586,56.33562,71.16084
450.55887,163.25974,56.33562,71.16084
451.31052,162.00696,56.33562,71.16084
451.56107,162.75864,56.33562,71.16084
451.8116,163.51028,56.33562,71.16084
453.0644,162.25754,56.33562,71.16084
453.81604,161.50586,56.33562,71.16084
454.5677,161.25531,56.33562,71.16084
455.31934,160.00256,56.33562,71.16084
456.5721,158.74979,56.33562,71.16084
457.32376,159.00034,56.33562,71.16084
459.07764,157.74759,56.33562,71.16084
460.8315,156.99591,56.33562,71.16084
462.0843,154.23984,56.33562,71.16084
462.83594,151.98486,56.33562,71.16084
461.08206,149.72989,56.33562,71.16084
459.3282,146.97382,56.33562,71.16084
456.071,143.21555,56.33562,71.16084
452.3127,139.95834,56.33562,71.16084
447.55222,135.69894,56.33562,71.16084
443.29282,132.44177,56.33562,71.16084
441.88977,126.71552,57.582047,72.735275
439.92426,121.925385,58.85605,74.34454
433.57,117.57243,60.158237,75.98942
425.96484,113.678345,61.48924,77.670685
410.81448,114.80521,62.84969,79.38915
389.8502,116.76187,62.84969,79.38915
376.1535,112.009964,62.84969,79.38915
363.57492,109.49425,62.84969,79.38915
349.87823,107.53758,62.84969,79.38915
333.94537,108.37616,62.84969,79.38915
323.04395,107.53758,62.84969,79.38915
311.59015,110.27003,61.5094,77.69615
300.3806,111.362144,60.197693,76.03926
295.29376,113.236244,60.197693,76.03926
296.0167,113.22838,61.529568,77.72163
305.273,65.522644,62.89091,79.441216
303.87448,62.445866,62.89091,79.441216
304.04935,61.857246,64.28237,81.19885
305.47882,62.143143,64.28237,81.19885
307.4801,61.857246,64.28237,81.19885
304.90704,62.714935,64.28237,81.19885
302.90576,62.42904,64.28237,81.19885
302.61987,63.85852,64.28237,81.19885
302.33398,63.572624,64.28237,81.19885
302.61987,63.85852,64.28237,81.19885
301.76218,64.71621,64.28237,81.19885
300.3327,63.85852,64.28237,81.19885
303.47757,65.859795,64.28237,81.19885
301.4763,66.14569,64.28237,81.19885
302.8415,66.13728,65.70462,82.99538
303.71814,66.429504,65.70462,82.99538
305.76373,66.721725,65.70462,82.99538
301.96484,68.18283,65.70462,82.99538
299.33484,67.30617,65.70462,82.99538
303.71814,68.18283,65.70462,82.99538
302.08176,68.780594,67.15833,84.83165
303.66153,69.97301,65.72616,83.02259
303.3692,70.265335,65.72616,83.02259
303.78827,70.86882,64.32453,81.252106
302.93002,71.72707,64.32453,81.252106
306.6491,72.01316,64.32453,81.252106
306.50772,72.05229,62.952793,79.51938
306.7877,73.4522,62.952793,79.51938
336.74582,79.8918,62.952793,79.51938
340.3856,84.09154,62.952793,79.51938
336.74582,87.17135,62.952793,79.51938
332.2897,97.46443,61.610306,77.8236
344.96964,85.51631,62.973434,79.54545
344.5636,78.53422,64.36672,81.30539
341.17847,76.74376,65.79083,83.10427
335.619,78.79199,65.79083,83.10427
328.88907,82.010635,65.79083,83.10427
321.179,79.57341,67.24645,84.942955
317.64246,78.323425,68.73428,86.82232
313.6684,80.4633,68.73428,86.82232
312.13995,80.769,68.73428,86.82232
309.38867,84.74304,68.73428,86.82232
308.9455,82.19676,70.25503,88.74326
309.3934,79.830185,68.75682,86.850784
301.97025,80.45572,70.27807,88.772354
289.19434,82.39223,71.83297,90.73644
273.53995,87.18437,71.83297,90.73644
265.12177,89.82663,73.42227,92.74399
266.68106,85.751526,75.04674,94.79595
270.37662,87.08401,73.44634,92.7744
251.10413,101.78338,73.44634,92.7744
244.5303,96.35133,75.07134,94.827034
241.96783,96.34151,76.73229,96.92508
236.84882,92.58757,76.73229,96.92508
236.02234,94.60785,75.095955,94.85812
235.8573,94.009705,73.494514,92.83524
231.99214,93.32184,75.12058,94.88922
228.73473,96.08502,76.78262,96.98865
231.85748,93.49856,75.14521,94.920334
230.18643,97.17484,75.14521,94.920334
232.52588,98.17747,75.14521,94.920334
232.7348,95.39371,76.8078,97.02045
233.07642,100.517746,76.8078,97.02045
238.20047,98.126526,76.8078,97.02045
240.59167,99.15134,76.8078,97.02045
236.55226,99.85011,78.50717,99.16702
233.4098,103.69089,78.50717,99.16702
216.99925,108.22998,78.50717,99.16702
211.76184,112.070755,78.50717,99.16702
208.6194,116.60985,78.50717,99.16702
205.47696,118.35565,78.50717,99.16702
208.66985,122.44191,76.832985,97.05225
211.79463,125.78229,75.194496,94.98258
215.47333,131.46756,75.194496,94.98258
212.90663,128.68196,76.85818,97.08407
210.99246,130.79977,78.55866,99.232056
214.13696,133.94427,78.55866,99.232056
210.99246,127.30588,78.55866,99.232056
209.76091,122.9457,80.296776,101.42757
210.83228,121.87434,80.296776,101.42757
212.53758,124.82793,82.07334,103.67165
215.09273,128.11311,82.07334,103.67165
217.64787,132.85838,82.07334,103.67165
220.14832,136.63474,83.88921,105.965385
222.0138,134.76924,83.88921,105.965385
224.62549,130.66518,83.88921,105.965385
224.25238,125.06871,83.88921,105.965385
226.11786,118.72606,83.88921,105.965385
229.4478,122.58597,85.74526,108.30987
236.6935,138.9841,85.74526,108.30987
234.78673,141.65356,85.74526,108.30987
243.41994,144.64629,83.91672,106.00013
251.14958,140.38057,82.12717,103.73965
247.13173,121.75227,82.12717,103.73965
249.0636,120.394,80.37578,101.52737
255.0889,123.8884,78.66174,99.36227
261.6601,119.21541,76.98426,97.24334
265.42636,114.76437,76.98426,97.24334
270.61356,106.93931,78.68754,99.39485
284.26212,105.18949,78.68754,99.39485
289.51157,107.63923,78.68754,99.39485
291.90887,103.2719,80.4285,101.59396
291.39026,109.19928,82.20798,103.84173
291.91443,114.18296,80.454865,101.62727
296.5661,105.23739,80.454865,101.62727
301.98718,90.377205,82.23493,103.87578
314.35837,68.35805,84.05438,106.17403
320.02197,62.91714,85.914085,108.523125
324.22516,64.49162,87.81493,110.9242
335.815,59.6177,89.757835,113.3784
341.03458,56.29261,91.74373,115.8869
347.21628,54.58728,93.77356,118.4509
353.47214,55.838455,93.77356,118.4509
360.56213,57.923744,93.77356,118.4509
367.74603,58.77687,95.8483,121.071625
374.99286,61.76087,95.8483,121.071625
382.23975,63.039726,95.8483,121.071625
389.48657,66.8763,95.8483,121.071625
392.47058,62.187157,95.8483,121.071625
398.86487,64.31858,95.8483,121.071625
404.40662,62.187157,95.8483,121.071625
408.21127,61.29007,97.96894,123.750336
412.1001,60.37314,100.136505,126.48831
419.6712,57.25564,100.136505,126.48831
422.72192,57.24254,102.35203,129.28687
424.89563,51.561775,104.61657,132.14734
427.22205,52.95762,104.61657,132.14734
433.27063,52.124336,102.38559,129.32925
437.3689,46.20466,102.38559,129.32925
432.35992,48.48146,102.38559,129.32925
437.3689,46.20466,102.38559,129.32925
437.82422,44.838577,102.38559,129.32925
440.101,42.561775,102.38559,129.32925
446.05493,40.658638,104.65087,132.19066
451.1747,38.331467,104.65087,132.19066
460.15768,31.557335,106.96627,135.11537
464.4037,27.594757,109.3329,138.1048
470.72504,30.998566,109.3329,138.1048
465.37622,35.374886,109.3329,138.1048
470.72504,29.053528,109.3329,138.1048
467.32123,35.374886,109.3329,138.1048
474.6151,31.971077,109.3329,138.1048
471.56274,36.72442,107.00134,135.15967
468.2315,31.489647,107.00134,135.15967
464.90027,35.772644,107.00134,135.15967
459.66547,29.58609,107.00134,135.15967
468.7074,33.869087,107.00134,135.15967
473.9765,39.43844,104.719505,132.27734
470.7163,35.24678,104.719505,132.27734
469.3191,38.506958,104.719505,132.27734
466.71097,33.6612,107.03642,135.20398
462.42654,36.041428,107.03642,135.20398
459.0942,29.852852,107.03642,135.20398
465.2828,34.137253,107.03642,135.20398
458.66586,31.159866,109.4046,138.19537
464.99136,34.565903,109.4046,138.19537
461.937,30.880539,107.07152,135.24832
457.29413,33.83088,109.440475,138.24069
450.52856,32.80658,111.86185,141.29927
457.9551,34.792725,109.47636,138.28603
453.57303,31.384453,109.47636,138.28603
448.21716,33.81893,109.47636,138.28603
451.62543,34.305824,109.47636,138.28603
447.6305,32.49524,107.14174,135.33704
445.24792,35.830833,107.14174,135.33704
452.36108,38.651756,104.85691,132.45093
449.09662,32.589195,104.85691,132.45093
443.96677,34.92095,104.85691,132.45093
451.82727,41.27767,102.620804,129.62637
449.54523,35.34439,102.620804,129.62637
449.0888,39.45204,102.620804,129.62637
446.80676,35.34439,102.620804,129.62637
446.35034,40.36486,102.620804,129.62637
446.80676,36.25721,102.620804,129.62637
449.2207,39.838917,100.43238,126.86205
445.79254,37.045242,102.65445,129.66887
446.44705,34.467377,100.46531,126.90364
443.0178,36.308533,102.6881,129.71138
445.43332,41.653385,100.498245,126.945244
440.148,34.220596,102.72177,129.7539
440.60486,37.41858,102.72177,129.7539
441.9754,38.789146,102.72177,129.7539
437.8637,33.76374,102.72177,129.7539
432.46146,33.750298,104.99449,132.62471
428.2588,34.217262,104.99449,132.62471
420.79913,30.327728,107.3175,135.55904
418.41266,33.668793,107.3175,135.55904
411.25323,35.100677,107.3175,135.55904
407.91217,35.577972,107.3175,135.55904
418.71735,39.32361,105.02892,132.6682
416.38177,35.11956,105.02892,132.6682
423.3547,44.18811,102.78915,129.839
430.1789,45.13191,100.59714,127.07015
430.8203,48.642986,98.45187,124.360344
426.87952,49.080853,98.45187,124.360344
422.61038,47.25083,100.63012,127.11182
423.05792,49.488594,100.63012,127.11182
418.69437,44.83207,102.85656,129.92416
422.87753,47.54017,100.66311,127.15349
417.95285,46.197067,100.66311,127.15349
426.36197,48.847416,98.51644,124.4419
422.4186,48.409267,98.51644,124.4419
421.98047,50.600025,98.51644,124.4419
416.79938,46.950474,100.69612,127.19518
412.76877,46.50263,100.69612,127.19518
423.7706,47.42721,98.548744,124.482704
423.55405,50.021893,96.44716,121.82807
420.5514,50.45084,96.44716,121.82807
424.47388,52.163296,94.390396,119.23005
423.21448,51.743496,94.390396,119.23005
421.95508,49.64449,94.390396,119.23005
423.21448,49.22469,94.390396,119.23005
419.99255,45.72799,96.47878,121.86801
421.27982,48.731613,96.47878,121.86801
419.99255,50.018883,96.47878,121.86801
418.48004,47.33518,98.61337,124.56434
360.51038,52.78263,100.7952,127.32033
353.78607,55.024063,100.7952,127.32033
354.23438,57.265495,100.7952,127.32033
349.86365,54.461723,103.02529,130.13728
350.1501,48.74359,105.304726,133.01657
344.61203,53.588867,107.63459,135.95956
340.30368,57.89721,107.63459,135.95956
335.63638,60.86306,110.01601,138.96767
330.86578,56.787506,112.45011,142.04233
331.17847,55.73504,114.93807,145.18501
324.53302,57.268593,114.93807,145.18501
325.9133,49.82856,117.48108,148.39723
320.16583,54.53103,117.48108,148.39723
314.87152,50.573616,114.97576,145.23262
311.29202,55.17581,114.97576,145.23262
305.6671,59.778008,114.97576,145.23262
302.08762,59.266655,114.97576,145.23262
300.55356,60.800713,114.97576,145.23262
294.92865,60.28936,114.97576,145.23262
289.30374,58.755302,114.97576,145.23262
287.0796,62.76822,112.52387,142.1355
279.57285,63.26866,112.52387,142.1355
277.8088,65.33081,115.013466,145.28024
272.18207,59.70407,115.013466,145.28024
263.48618,69.423004,115.013466,145.28024
257.85944,67.88844,115.013466,145.28024
251.20967,67.37692,115.013466,145.28024
245.161,68.42328,117.558136,148.49457
239.40974,63.717728,117.558136,148.49457
228.4301,65.28624,117.558136,148.49457
216.82312,63.101067,120.15911,151.78001
210.50385,63.085342,122.817635,155.13815
203.40283,62.53911,122.817635,155.13815
207.22644,57.62303,122.817635,155.13815
202.74461,62.962624,120.19851,151.82979
203.27919,58.151375,120.19851,151.82979
200.60628,61.893456,120.19851,151.82979
203.27919,64.56637,120.19851,151.82979
196.3296,67.23928,120.19851,151.82979
196.66379,70.55133,122.8579,155.18903
190.65327,76.561844,122.8579,155.18903
185.73558,78.20108,122.8579,155.18903
192.83891,86.39723,122.8579,155.18903
183.54993,79.2939,122.8579,155.18903
179.35631,67.939804,125.57613,158.62259
182.1488,72.96631,125.57613,158.62259
177.1223,76.87581,125.57613,158.62259
181.0318,72.96631,125.57613,158.62259
172.6543,69.05681,125.57613,158.62259
173.00345,65.56372,128.3545,162.13211
164.44058,67.27629,128.3545,162.13211
168.43658,65.56372,128.3545,162.13211
164.44058,63.85115,128.3545,162.13211
165.01144,59.85515,128.3545,162.13211
161.01544,61.56772,128.3545,162.13211
162.72803,64.422,128.3545,162.13211
161.01544,64.99286,128.3545,162.13211
159.30289,65.56372,128.3545,162.13211
157.5903,67.27629,128.3545,162.13211
149.65549,60.152336,131.19435,165.71928
156.07391,58.92443,134.09703,169.38582
142.834,62.619446,137.06393,173.13348
137.83234,69.75353,134.141,169.44136
142.00848,67.96375,134.141,169.44136
142.60507,70.94671,134.141,169.44136
137.71005,75.62854,131.28041,165.82797
126.61652,79.71562,131.28041,165.82797
133.0391,83.802704,131.28041,165.82797
121.49526,90.635765,128.48082,162.29164
125.61903,98.42464,125.74093,158.83072
130.73291,103.89133,123.05946,155.4436
124.71253,101.154785,123.05946,155.4436
127.607254,108.61499,120.43518,152.12872
121.147285,120.0463,117.86687,148.88454
127.96198,112.03377,115.35332,145.70953
133.64236,115.07089,112.89337,142.60223
130.4906,118.04325,110.485886,139.5612
138.77304,122.84671,108.12974,136.58502
137.60837,120.13135,105.82384,133.6723
140.90292,126.24982,105.82384,133.6723
137.60837,132.36829,105.82384,133.6723
134.31381,137.54546,105.82384,133.6723
132.90186,145.54652,105.82384,133.6723
126.78338,153.54759,105.82384,133.6723
120.66491,150.25304,105.82384,133.6723
112.66384,146.01717,105.82384,133.6723
109.369286,151.19434,105.82384,133.6723
100.4269,146.95847,105.82384,133.6723
88.66062,144.60521,105.82384,133.6723
73.12912,139.42804,105.82384,133.6723
64.186745,142.7226,105.82384,133.6723
51.78515,142.70874,108.16519,136.6298
38.110954,142.6946,110.55835,139.65274
21.884583,144.16972,110.55835,139.65274
0.7411308,144.66144,110.55835,139.65274
-14.2558975,137.50491,113.004456,142.74255
-22.284653,130.19005,115.50468,145.90073
-18.688705,151.25203,115.50468,145.90073
-16.12017,173.34143,115.50468,145.90073
-19.344837,186.28531,113.041504,142.78935
-26.37738,190.23074,110.63086,139.74432
-27.853472,192.69089,110.63086,139.74432
-13.584579,236.48163,110.63086,139.74432
-18.012856,242.87802,110.63086,139.74432
-22.441132,238.44974,110.63086,139.74432
-19.98098,244.84613,110.63086,139.74432
-14.568569,266.27188,113.07857,142.83617
-13.059818,282.86813,113.07857,142.83617
-21.609406,279.34772,113.07857,142.83617
-29.153158,286.89148,113.07857,142.83617
76.56005,192.95697,115.58043,145.99641
68.348274,186.54199,118.13765,149.22658
58.864574,182.16556,120.75144,152.52821
50.285408,174.34921,123.423065,155.9029
42.655445,176.61108,126.1538,159.35225
36.483685,169.3172,126.1538,159.35225
26.356476,161.15115,128.94495,162.87791
30.28492,157.56436,131.79785,166.48158
-16.333412,95.4963,128.98723,162.93132
-26.569714,88.939545,126.236534,159.45676
-18.188824,96.59237,123.5445,156.05629
-25.33186,123.51612,123.5445,156.05629
-30.277037,125.16451,123.5445,156.05629
-33.726162,148.54224,120.90988,152.72835
-59.907375,178.67778,118.33144,149.47137
-54.080338,187.88037,115.80799,146.28386
-55.327713,180.0078,113.33835,143.1643
-58.4919,170.35968,110.92137,140.11128
-59.68664,159.01535,108.55594,137.12337
-54.340984,153.4972,106.24095,134.19917
-59.538555,170.03491,106.24095,134.19917
-50.56093,159.16727,106.24095,134.19917
-46.30837,146.4096,106.24095,134.19917
-46.993435,140.51299,108.59153,137.16833
-50.70009,129.47519,110.99412,140.20319
-53.46443,122.29045,113.44986,143.30518
-56.28994,117.04071,115.95994,146.4758
-60.931526,100.02156,115.95994,146.4758
-64.54165,91.25412,115.95994,146.4758
-59.900063,81.455215,115.95994,146.4758
-62.788086,67.52817,118.52555,149.71658
-60.152374,56.458176,118.52555,149.71658
-61.7338,44.3339,118.52555,149.71658
-66.87336,35.567825,121.14793,153.02907
-71.72261,37.184242,121.14793,153.02907
-66.91369,25.988174,123.82832,156.41484
-69.66732,17.72728,123.82832,156.41484
-70.21805,7.2634735,123.82832,156.41484
-64.16006,3.4083862,123.82832,156.41484
-86.726654,7.7302856,121.187645,153.07925
-79.71996,33.77906,118.60328,149.81479
-69.81216,34.868057,116.07403,146.61995
-61.036087,30.2219,116.07403,146.61995
-37.407333,24.321556,113.59872,143.49324
-27.917597,19.52098,111.17619,140.4332
-20.536568,15.775948,108.80533,137.43842
-14.245716,18.195503,108.80533,137.43842
-6.9870415,15.775948,108.80533,137.43842
1.2394562,12.388565,108.80533,137.43842
-8.922691,15.775948,108.80533,137.43842
-13.277897,10.452919,108.80533,137.43842
-15.697456,13.8403015,108.80533,137.43842
-11.342251,4.645981,108.80533,137.43842
-18.068554,-4.4053116,111.21265,140.47925
-11.638515,-0.94298553,111.21265,140.47925
-3.2300034,-9.351498,111.21265,140.47925
13.50053,-14.497719,113.673225,143.58736
82.76248,-16.014404,113.673225,143.58736
103.953354,-14.970673,111.24911,140.52531
117.062,-16.810574,108.876686,137.52856
136.91539,-18.26326,108.876686,137.52856
156.27866,-20.997387,106.554855,134.59573
168.12622,-17.680069,106.554855,134.59573
172.4598,-20.35588,104.28254,131.72543
121.90596,-18.964489,104.28254,131.72543
119.586975,-17.573097,104.28254,131.72543
127.47151,-14.326519,104.28254,131.72543
150.19754,-23.138657,104.28254,131.72543
170.53188,-25.757412,102.058685,128.91635
187.3264,-21.672256,102.058685,128.91635
205.02873,-23.033974,102.058685,128.91635
226.36232,-24.39569,102.058685,128.91635
247.3669,-22.525337,104.316734,131.76863
276.59567,-22.06139,104.316734,131.76863
314.1755,-18.813747,104.316734,131.76863
349.7206,-16.067204,102.09215,128.95862
360.16388,-21.969917,102.09215,128.95862
372.42337,-17.883423,102.09215,128.95862
361.40125,-10.35947,104.35094,131.81183
354.95032,3.1090012,106.6597,134.72816
361.15277,-0.8422241,109.01955,137.70903
381.57776,-7.899147,111.4316,140.75584
404.87057,-5.4211884,111.4316,140.75584
429.1546,-8.890331,111.4316,140.75584
445.91806,-5.8198547,113.897026,143.87007
466.68692,-11.391983,113.897026,143.87007
483.4033,-18.990341,113.897026,143.87007
495.0541,-17.470669,113.897026,143.87007
505.6918,-18.990341,113.897026,143.87007
513.29016,-14.431328,113.897026,143.87007
519.8754,-9.872314,113.897026,143.87007
526.4607,-5.313301,113.897026,143.87007
533.04596,0.2588272,113.897026,143.87007
536.59186,-3.2870712,113.897026,143.87007
535.0722,3.298172,113.897026,143.87007
531.5263,9.883415,113.897026,143.87007
535.0722,17.481773,113.897026,143.87007
528.48694,21.027672,113.897026,143.87007
522.9148,29.639145,113.897026,143.87007
513.7715,23.317604,116.417,147.05319
494.75662,15.781837,118.99273,150.30675
483.00803,14.668137,121.62544,153.63228
469.877,16.89708,124.31641,157.03139
456.4555,19.175339,127.06691,160.5057
442.32724,23.131248,127.06691,160.5057
429.32925,28.217422,127.06691,160.5057
417.46152,36.694374,127.06691,160.5057
401.07275,40.650284,127.06691,160.5057
383.5537,43.475937,127.06691,160.5057
370.55573,44.04107,127.06691,160.5057
356.42746,46.866722,127.06691,160.5057
344.55972,45.171333,127.06691,160.5057
331.56174,49.127243,127.06691,160.5057
318.56375,50.82263,127.06691,160.5057
305.56577,53.648285,127.06691,160.5057
292.56778,54.21341,127.06691,160.5057
281.83032,54.778534,127.06691,160.5057
271.09286,55.34366,127.06691,160.5057
260.3554,55.908783,127.06691,160.5057
249.61795,55.34366,127.06691,160.5057
238.8805,51.38774,127.06691,160.5057
114.4088,55.822685,124.35717,157.08287
102.13054,45.47767,127.108574,160.55833
93.09971,37.249832,129.92085,164.11069
86.267044,30.038933,132.79535,167.74164
75.0455,30.62954,132.79535,167.74164
63.82396,34.763794,132.79535,167.74164
54.96485,37.716827,132.79535,167.74164
46.105743,41.85108,132.79535,167.74164
36.065422,34.173187,132.79535,167.74164
29.56874,35.945007,132.79535,167.74164
19.52842,30.62954,132.79535,167.74164
11.850525,25.314072,132.79535,167.74164
5.3538437,21.179817,132.79535,167.74164
-4.0810204,13.80938,135.73344,171.45293
-10.721439,9.583656,135.73344,171.45293
-14.947163,16.224075,135.73344,171.45293
-21.587582,22.864494,135.73344,171.45293
-23.398605,28.297562,135.73344,171.45293
-26.416977,28.901237,135.73344,171.45293
-30.6427,31.91961,135.73344,171.45293
-34.868423,27.693886,135.73344,171.45293
-41.508842,22.260818,135.73344,171.45293
-51.15245,12.222061,138.73654,175.24632
-57.93979,2.9665985,138.73654,175.24632
-60.623585,-5.2751923,135.77794,171.50914
-55.101513,-14.505318,132.88243,167.85165
-63.96643,-11.550346,132.88243,167.85165
-58.64748,-7.4133835,132.88243,167.85165
-54.510517,-0.91244507,132.88243,167.85165
-48.009575,5.5884933,132.88243,167.85165
-37.8296,-0.56046295,135.82245,171.56537
-32.305717,-7.464676,132.926,167.9067
-24.575844,1.1049423,135.86699,171.62163
-15.421085,2.3410187,138.87305,175.41876
-16.31657,-0.24034882,141.94562,179.2999
-18.54182,-8.118645,145.08617,183.2669
-24.349258,-2.3112106,145.08617,183.2669
-30.156696,-5.537567,145.08617,183.2669
-34.67359,-2.3112106,145.08617,183.2669
-39.190487,-6.8281097,145.08617,183.2669
-43.707382,2.8509521,145.08617,183.2669
-48.224277,-1.665947,145.08617,183.2669
-52.741173,2.8509521,145.08617,183.2669
-49.328323,-0.7924652,141.99216,179.35869
-39.901413,-4.358185,138.96413,175.53381
-50.408142,3.6763763,138.96413,175.53381
-44.756485,0.18669891,136.00067,171.7905
-52.619705,3.2110138,136.00067,171.7905
-51.75258,0.96175385,133.10042,168.12701
-48.62167,-1.2395401,130.26201,164.54166
-60.78782,6.2918854,130.26201,164.54166
-62.190884,4.1375275,127.48413,161.03276
-59.192085,0.9361267,124.765495,157.5987
-65.88433,-0.057647705,122.104836,154.23785
-64.25514,5.9160233,122.104836,154.23785
-60.33602,2.8497162,119.500916,150.94868
-59.804543,2.3182373,119.500916,150.94868
-58.210102,0.723793,119.500916,150.94868
-51.300934,-0.2280426,116.95252,147.72966
-45.579323,5.4935684,116.95252,147.72966
-33.61595,-3.3489227,116.95252,147.72966
-26.85405,6.5338593,116.95252,147.72966
-18.973755,14.073677,119.5401,150.99818
6.014015,18.858566,119.5401,150.99818
32.3981,41.47857,116.990875,147.7781
57.89363,60.7303,116.990875,147.7781
83.71507,74.84377,114.49601,144.6267
107.64847,93.684944,114.49601,144.6267
131.93762,104.55255,112.054344,141.54248
197.223,-28.510036,112.054344,141.54248
215.6624,-23.028057,112.054344,141.54248
234.10179,-20.536247,112.054344,141.54248
252.54118,-16.050991,112.054344,141.54248
268.98712,-17.546078,112.054344,141.54248
263.93738,8.460922,109.66475,138.52405
271.21805,14.168907,107.32612,135.56998
279.3327,16.555573,107.32612,135.56998
286.4927,20.85157,107.32612,135.56998
307.42053,27.357986,105.03735,132.67891
314.42783,32.496674,105.03735,132.67891
321.43512,37.63536,105.03735,132.67891
328.4424,41.839745,105.03735,132.67891
337.21695,42.804184,102.7974,129.84949
346.6857,47.273388,100.60522,127.08041
355.09,49.92221,98.45978,124.37038
363.31506,54.202835,96.36009,121.71814
369.71246,57.566025,94.30518,119.12247
375.9734,60.857494,92.2941,116.582146
381.30963,62.909885,92.2941,116.582146
386.6458,64.96228,92.2941,116.582146
391.16107,67.01466,92.2941,116.582146
395.67633,69.06706,92.2941,116.582146
400.1916,70.29849,92.2941,116.582146
404.7069,71.13815,94.336105,119.16152
409.32208,71.55771,94.336105,119.16152
414.77637,73.6555,94.336105,119.16152
420.23065,74.914185,94.336105,119.16152
425.68494,77.01198,94.336105,119.16152
431.13922,79.9489,94.336105,119.16152
439.8286,80.0063,92.324356,116.62037
445.9878,82.05937,92.324356,116.62037
452.14697,83.291214,92.324356,116.62037
458.30615,84.523056,92.324356,116.62037
467.60178,82.2046,90.355515,114.13341
476.69913,82.259575,88.42866,111.69948
484.84433,84.5878,86.54289,109.31745
491.3876,84.9727,86.54289,109.31745
501.0101,85.357605,86.54289,109.31745
509.86276,81.89351,86.54289,109.31745
518.71545,84.5878,86.54289,109.31745
531.4171,81.1237,86.54289,109.31745
545.3244,79.692406,84.69734,106.98622
556.7568,79.74393,82.89114,104.704704
566.7106,77.163315,82.89114,104.704704
571.5031,75.08175,81.12347,102.47185
575.4979,69.56701,79.393486,100.286606
573.7324,90.40006,79.393486,100.286606
576.91034,107.70208,79.393486,100.286606
493.60464,8.778839,81.15007,102.50545
507.3411,8.132469,79.41952,100.31949
521.823,10.604996,79.41952,100.31949
539.1307,8.132469,79.41952,100.31949
564.9156,6.366379,79.41952,100.31949
577.6782,10.500114,77.725876,98.180145
582.8635,23.981865,77.725876,98.180145
579.3608,33.358505,76.06835,96.086426
566.80237,36.013474,74.446175,94.03735
562.49805,38.99337,74.446175,94.03735
572.76215,39.32447,74.446175,94.03735
559.2285,34.505512,76.0933,96.11793
563.62805,31.45969,76.0933,96.11793
570.0581,35.18236,76.0933,96.11793
564.6718,49.581135,74.47059,94.068184
570.30237,50.574757,74.47059,94.068184
575.2465,55.08938,72.882484,92.06215
574.4615,50.75972,71.32825,90.09889
579.197,56.306908,69.80715,88.177505
576.17,68.53794,71.35164,90.12843
578.46014,66.74615,69.83004,88.20642
592.4357,70.16241,69.83004,88.20642
596.4965,75.308716,71.37503,90.15799
580.94196,-9.447861,71.37503,90.15799
583.7989,-2.7816124,71.37503,90.15799
544.47833,-14.364922,69.852936,88.235344
569.16895,-11.795498,71.39843,90.18755
581.55316,-6.3972397,71.39843,90.18755
597.11285,-1.6340714,71.39843,90.18755
516.1543,-4.6513023,69.87584,88.264275
525.3765,-3.370739,71.421844,90.217125
518.0706,-8.135468,71.421844,90.217125
531.385,-15.440031,69.89875,88.29322
562.7833,-12.020411,69.89875,88.29322
575.81384,-10.180054,68.40814,86.41034
569.6909,-15.870783,69.92167,88.32217
574.3556,-18.66957,69.92167,88.32217
577.7763,-23.956171,69.92167,88.32217
537.66034,-18.66957,69.92167,88.32217
527.39813,-15.248829,69.92167,88.32217
522.73346,-16.80371,69.92167,88.32217
537.34937,-13.382969,69.92167,88.32217
560.05066,-11.828087,69.92167,88.32217
574.66656,-10.895157,69.92167,88.32217
578.0873,-7.474415,69.92167,88.32217
588.6061,-5.5477333,71.46869,90.27629
575.574,-16.672724,71.46869,90.27629
564.5603,-10.746098,73.049934,92.27365
568.1341,-14.96966,73.049934,92.27365
577.5559,-15.944328,73.049934,92.27365
582.40576,-10.889542,71.49212,90.305885
542.4077,-7.1684265,69.96753,88.38009
558.4503,-2.326931,68.47545,86.49535
573.5638,2.9983902,67.01519,84.65082
570.03937,6.7003403,68.4979,86.52372
575.76154,10.852879,67.03716,84.67857
583.0859,10.8936615,65.607574,82.87278
587.4416,12.621033,64.20847,81.10549
576.8756,63.16641,64.20847,81.10549
589.9463,76.41725,62.839207,79.37589
586.64154,88.58725,64.22952,81.13209
577.2147,99.15669,64.22952,81.13209
582.02954,101.94913,62.85981,79.401924
573.2686,104.14308,61.519306,77.70866
570.4962,105.76281,60.20739,76.0515
573.461,106.8318,58.92345,74.42968
583.4351,105.35211,57.66689,72.842445
589.73566,106.87041,56.437126,71.289055
578.9666,99.16293,55.23359,69.76879
583.58075,98.72299,54.055717,68.28095
589.0233,104.31722,52.90296,66.824844
595.8466,101.25851,52.90296,66.824844
594.19965,106.19952,52.90296,66.824844
594.9055,108.317085,52.90296,66.824844
590.1704,66.81162,54.07344,68.303345
595.7017,61.7613,54.07344,68.303345
605.5619,65.849655,54.07344,68.303345
577.76715,-1.0260963,55.269814,69.81456
587.3538,3.1527138,55.269814,69.81456
591.041,2.4152756,55.269814,69.81456
594.7282,6.102463,55.269814,69.81456
597.9422,8.135475,56.492657,71.35921
530.85815,75.2195,56.492657,71.35921
539.93646,79.128586,55.287933,69.83745
552.477,76.42376,55.287933,69.83745
564.03394,77.65322,55.287933,69.83745
578.04987,78.3909,55.287933,69.83745
591.6747,80.794586,54.108902,68.348145
594.8031,73.81576,54.108902,68.348145
597.9315,59.003803,52.955013,66.8906
595.5451,28.163383,51.825733,65.46414
600.8465,25.627941,51.825733,65.46414
611.51263,13.664238,52.972378,66.91254
586.7752,-2.5917873,52.972378,66.91254
593.1362,-0.47143555,52.972378,66.91254
588.39496,-0.9672241,54.14439,68.392975
592.4887,-2.652876,54.14439,68.392975
596.1008,-1.9304543,54.14439,68.392975
600.6239,-2.3617191,52.989746,66.93447
586.42395,32.652164,51.859722,65.50707
594.9578,37.034443,51.859722,65.50707
597.06696,35.287518,50.7538,64.110115
583.4661,28.791338,49.67146,62.742947
588.1053,26.361288,49.67146,62.742947
588.768,28.791338,49.67146,62.742947
592.9654,29.895906,49.67146,62.742947
594.5118,27.907682,49.67146,62.742947
603.34564,29.215475,48.6122,61.404934
607.4535,26.40484,48.6122,61.404934
603.778,32.24231,48.6122,61.404934
596.1692,42.274513,47.57553,60.095455
595.6568,41.89557,46.56097,58.8139
593.3789,40.031853,46.56097,58.8139
594.0001,41.067253,46.56097,58.8139
548.7893,34.70854,45.568043,57.559677
547.37067,32.073914,45.568043,57.559677
549.6,30.249939,45.568043,57.559677
557.50385,28.020638,45.568043,57.559677
566.2184,27.00732,45.568043,57.559677
575.33826,27.61531,45.568043,57.559677
590.1327,26.196663,45.568043,57.559677
599.01807,29.740482,44.59629,56.3322
600.3767,34.673363,45.582985,57.57855
591.66943,55.70066,46.591507,58.852474
596.43536,60.052193,46.591507,58.852474
605.59436,62.62593,47.622345,60.154587
546.3962,3.2891407,48.67599,61.485508
563.9316,2.206709,48.67599,61.485508
578.86914,5.0210323,48.67599,61.485508
593.7858,7.5545826,47.637962,60.174313
599.39905,5.949869,46.62207,58.89108
597.11816,3.6690006,46.62207,58.89108
590.3637,5.3839207,47.653584,60.194042
594.0144,10.215197,48.70792,61.525837
597.26385,13.464621,48.70792,61.525837
595.3142,13.247992,48.70792,61.525837
590.5051,7.3980656,49.785583,62.887096
592.4813,5.094307,50.88709,64.27847
588.8659,3.2091866,52.012966,65.70064
586.5219,1.4570999,50.903774,64.29955
590.42163,0.5109024,52.03002,65.72218
598.0579,2.1307259,52.03002,65.72218
599.21497,1.4365158,52.03002,65.72218
566.0908,61.68881,50.920467,64.32064
581.2642,59.650593,50.920467,64.32064
592.81415,59.42412,50.920467,64.32064
593.9465,56.48003,50.920467,64.32064
599.0733,53.018482,49.83457,62.948982
604.61426,54.126675,49.83457,62.948982
561.7791,55.438763,48.771835,61.606575
574.1431,52.6189,48.771835,61.606575
598.65424,56.306416,48.771835,61.606575
603.56476,66.7897,47.731762,60.292797
572.3586,29.214926,47.731762,60.292797
588.2801,28.578066,47.731762,60.292797
592.31354,31.337797,47.731762,60.292797
583.6098,48.533035,47.731762,60.292797
589.7661,30.913225,47.731762,60.292797
579.3641,34.097527,47.731762,60.292797
595.2191,34.945023,46.713867,59.007034
576.313,-7.230219,46.713867,59.007034
592.2304,-8.8038025,45.717678,57.74869
601.92896,-7.208149,44.742733,56.517185
598.3782,-10.633341,43.78858,55.31194
607.29205,-12.108384,42.85478,54.132397
577.7496,8.451372,43.80294,55.330074
523.7035,9.658352,44.77208,56.554253
533.7443,8.412947,45.76266,57.805515
553.72076,5.450697,46.77516,59.08446
568.52747,3.7179089,47.810062,60.391705
584.0498,1.3789215,47.810062,60.391705
593.6184,-1.3853359,47.810062,60.391705
602.7617,0.10310936,47.810062,60.391705
564.9459,-9.705381,46.790497,59.103832
580.8894,-10.479231,45.792675,57.843426
601.59674,-8.488356,44.81613,56.609898
577.29175,2.297367,43.860413,55.402676
592.9889,-1.4363155,42.925076,54.221195
602.463,-6.5624485,42.009686,53.06491
600.4078,-6.3756104,42.009686,53.06491
595.4846,-5.60573,42.939148,54.23897
598.7311,6.0435467,42.939148,54.23897
597.26544,3.6603298,43.889175,55.43901
599.4126,3.6545868,44.86022,56.6656
596.22534,1.9927349,45.852753,57.919327
594.94525,-3.8761425,44.874928,56.68418
599.1365,-4.874048,44.874928,56.68418
596.7764,-7.364708,45.867786,57.93832
595.7565,-8.384693,45.867786,57.93832
598.0004,-10.220665,45.867786,57.93832
595.7565,-12.464632,45.867786,57.93832
597.59247,-10.628658,45.867786,57.93832
599.42847,-10.016668,45.867786,57.93832
601.2939,-9.988762,44.88964,56.702766
600.29565,-5.7961826,44.88964,56.702766
600.0062,-4.5592556,45.882824,57.957314
599.8022,-3.5389366,45.882824,57.957314
600.0062,-2.1104908,45.882824,57.957314
600.6184,-5.5795746,45.882824,57.957314
599.18994,-4.5592556,45.882824,57.957314
601.056,-4.5313396,44.904358,56.721355
598.4597,-3.5327797,44.904358,56.721355
601.8259,-5.815384,43.94676,55.511757
595.376,4.152727,43.94676,55.511757
598.7427,2.1191483,44.91908,56.739956
595.34644,1.1202602,44.91908,56.739956
593.948,-1.8764038,44.91908,56.739956
597.7004,-8.010891,43.961166,55.52996
600.2421,-10.552616,43.961166,55.52996
598.09143,-11.921236,43.961166,55.52996
595.3738,-12.332686,44.933807,56.75856
597.97174,-12.53253,44.933807,56.75856
596.0233,-14.197107,45.927967,58.014343
598.6788,-16.035488,45.927967,58.014343
603.4688,21.681067,46.944122,59.29791
545.1137,9.977804,47.98276,60.609875
510.7558,8.057173,47.98276,60.609875
475.11746,7.4169636,47.98276,60.609875
439.47913,5.0695286,47.98276,60.609875
402.56036,4.856127,47.98276,60.609875
367.34882,6.776758,47.98276,60.609875
339.8198,5.7097416,47.98276,60.609875
310.095,10.675491,46.959515,59.317352
305.45853,34.50463,47.998493,60.62975
343.2124,-1.6794701,46.97491,59.336803
355.5941,6.4038925,45.973156,58.071426
379.10764,27.463848,45.973156,58.071426
356.54004,27.09767,44.992764,56.833035
371.14774,35.301987,44.992764,56.833035
358.31927,38.41532,44.03328,55.62105
344.0231,35.869423,44.03328,55.62105
364.97775,25.098337,44.03328,55.62105
343.23975,-15.831801,44.03328,55.62105
311.8089,-16.182531,43.094257,54.434917
279.41806,-17.524162,43.094257,54.434917
266.96005,-16.182531,43.094257,54.434917
231.02692,-16.156311,42.17526,53.274075
204.20377,-15.968738,42.17526,53.274075
176.63033,-15.781163,42.17526,53.274075
145.68054,-17.094185,42.17526,53.274075
125.234924,-16.156311,42.17526,53.274075
98.78693,-16.719036,42.17526,53.274075
78.71646,-15.781163,42.17526,53.274075
58.645996,-15.21844,42.17526,53.274075
42.70217,-15.030866,42.17526,53.274075
24.891611,-13.197261,41.27586,52.13799
10.999651,-11.402758,40.39564,51.02613
0.17459488,-11.378182,39.53419,49.937984
-3.5177994,-10.499041,39.53419,49.937984
-1.9353447,-11.378182,39.53419,49.937984
-0.704546,-12.60898,39.53419,49.937984
-2.9903126,-13.488122,39.53419,49.937984
-2.4628277,-13.312294,39.53419,49.937984
-3.6936264,-13.488122,39.53419,49.937984
-3.5177984,-11.55401,39.53419,49.937984
-2.2870007,-6.1033344,39.53419,49.937984
-3.1661434,-3.817566,39.53419,49.937984
-17.827703,-4.471407,38.691113,48.873043
-20.576635,-1.2629013,39.547153,49.95436
-22.511381,1.3753872,39.547153,49.95436
-24.226242,2.1001396,40.422134,51.0596
-22.248665,-2.381607,41.316475,52.189293
-25.00499,0.0072078705,41.316475,52.189293
-27.177866,2.2895508,42.230602,53.343983
-24.736225,0.5049248,41.33002,52.206406
-25.6553,-1.5170422,41.33002,52.206406
-23.633333,-1.3332272,41.33002,52.206406
-25.28767,-2.987564,41.33002,52.206406
-23.265703,-1.3332272,41.33002,52.206406
-23.817148,-2.987564,41.33002,52.206406
-21.427551,-5.009531,41.33002,52.206406
-7.641408,-5.193346,41.33002,52.206406
-3.7123299,-8.250088,42.244446,53.361473
-4.374586,-6.6961937,43.179104,54.542095
-0.72584534,2.3296413,43.179104,54.542095
18.28602,0.9853687,43.179104,54.542095
43.36444,0.64144325,42.258297,53.378967
70.240395,-0.298275,42.258297,53.378967
90.35037,-0.4862194,42.258297,53.378967
110.83624,3.084711,42.258297,53.378967
130.19444,6.2797546,42.258297,53.378967
144.23132,8.479271,41.357124,52.240646
161.86919,-4.6148434,40.47517,51.1266
183.6508,2.0456486,40.47517,51.1266
203.27225,6.185955,40.47517,51.1266
216.45825,11.036518,41.37068,52.257774
215.65794,-3.1259632,40.488438,51.14336
235.20032,-1.26301,41.384243,52.274906
228.75835,0.39349747,41.384243,52.274906
211.63664,5.0311737,40.501713,51.16013
231.34038,46.377518,39.638,50.069126
255.8447,48.31671,39.638,50.069126
280.90546,45.62213,38.79271,49.00139
305.9224,44.41442,38.79271,49.00139
330.59427,43.20671,38.79271,49.00139
348.80142,45.225845,37.965443,47.95642
371.82825,47.201927,37.15582,46.933735
394.364,48.817307,36.36346,45.932858
411.74277,51.333527,35.587997,44.953327
433.74335,53.707687,35.587997,44.953327
450.1413,56.47536,34.82907,43.994682
466.78674,59.482613,34.08633,43.056484
487.2526,61.1502,34.08633,43.056484
502.5641,63.120987,34.08633,43.056484
518.1788,65.091774,34.08633,43.056484
534.177,67.15819,33.35943,42.13829
545.30444,68.790215,33.35943,42.13829
560.5861,70.71897,33.35943,42.13829
577.95917,69.309235,32.64803,41.239677
584.3253,72.68799,31.9518,40.36023
595.21265,75.44681,31.270418,39.499535
610.3718,76.97664,31.270418,39.499535
616.0739,81.56613,31.270418,39.499535
623.66394,78.964806,31.962276,40.373463
624.9433,80.52848,31.962276,40.373463
626.22266,85.219505,31.962276,40.373463
626.9015,87.57505,32.66944,41.266724
629.07043,89.835655,31.972755,40.3867
627.08136,91.2257,31.290926,39.52544
588.1843,52.237614,31.983238,40.39994
587.1886,54.94028,31.983238,40.39994
593.87415,57.358456,31.983238,40.39994
601.48175,60.12,31.301186,39.5384
607.6349,63.00455,31.993725,40.413185
611.1305,65.767,31.31145,39.55136
616.6991,66.85984,30.643723,38.707916
618.4811,65.44184,31.321714,39.564327
615.8343,64.74532,31.321714,39.564327
613.898,57.514866,32.014706,40.43969
614.92554,51.77031,31.331982,39.5773
616.73706,49.12268,31.331982,39.5773
619.3847,41.458485,31.331982,39.5773
618.9667,40.20434,31.331982,39.5773
616.2116,20.345182,30.663818,38.733303
611.16565,-7.8849306,30.663818,38.733303
610.48376,-8.021308,30.663818,38.733303
613.83405,-6.951068,30.009903,37.907303
612.4817,-8.219259,29.369932,37.09892
614.68335,-6.6905727,28.74361,36.307774
616.0988,-5.44092,28.130644,35.5335
616.72437,-4.815365,28.130644,35.5335
615.5045,-5.0786514,28.753035,36.31968
614.5231,12.430635,29.389196,37.123253
612.9774,15.681431,30.039433,37.944603
612.5766,16.883835,30.039433,37.944603
611.5512,17.434345,30.704056,38.784126
603.7675,17.024677,30.704056,38.784126
601.8694,17.020658,31.383383,39.642223
602.009,16.322771,31.383383,39.642223
600.75275,15.624884,31.383383,39.642223
600.1457,16.989302,30.714123,38.79684
600.8287,16.5795,30.714123,38.79684
600.1457,14.803686,30.714123,38.79684
599.2882,12.715754,30.059135,37.969486
598.88715,10.443058,30.059135,37.969486
596.61444,8.705114,30.059135,37.969486
594.07434,6.699795,30.059135,37.969486
593.6733,5.229227,30.059135,37.969486
593.4794,3.5608768,30.724194,38.809563
591.97626,2.0577717,30.724194,38.809563
590.64404,3.187912,31.403967,39.668224
591.9212,3.4762592,30.734268,38.82229
592.0579,4.9798565,30.734268,38.82229
593.0148,6.4834538,30.734268,38.82229
592.87805,7.7136707,30.734268,38.82229
592.74133,6.4834538,30.734268,38.82229
592.33124,7.1669064,30.734268,38.82229
593.56146,6.2100716,30.734268,38.82229
594.2142,7.624214,31.414265,39.681232
594.01166,10.519188,32.109306,40.55918
594.44006,12.946892,32.109306,40.55918
596.58215,11.947248,32.109306,40.55918
596.43933,13.80373,32.109306,40.55918
595.4397,15.66021,32.109306,40.55918
595.6444,17.606766,31.424566,39.694244
599.61664,19.511812,30.754429,38.84775
