10000
8.851166
8.705829
8.686026
8.777246
8.732378
8.608716
8.645344
8.587518
8.544934
8.197852
8.051972
7.8098335
7.9998064
7.9957056
7.7827826
8.088436
8.066271
7.6872683
7.3005977
7.2120657
7.104064
7.155971
7.2409225
7.6456804
7.7233305
7.983227
8.171072
8.330921
8.183177
8.145437
8.275817
8.119406
8.048723
7.8292794
7.982634
8.243294
8.282098
8.063053
8.147914
8.103977
8.232788
8.132427
7.995355
7.9716177
7.582489
7.6548476
7.626485
7.9376893
8.374044
8.347384
8.229857
8.089636
8.13546
8.3854685
8.426287
8.499672
8.549477
8.367873
8.395154
8.1932535
8.10852
8.296887
8.07172
8.084339
7.6678433
7.8275585
7.692383
7.824482
7.7080183
7.983279
8.20398
8.138472
8.189061
8.274368
7.928197
8.279494
8.572044
8.563179
8.426498
8.27948
8.297367
8.3918495
8.1898775
8.225389
8.026236
8.116035
8.218544
7.685165
7.7391405
7.547263
7.6875353
7.961797
8.35846
8.230591
8.510618
8.186294
7.769756
8.3584
8.158341
7.738017
7.7662497
7.668105
7.6832395
7.09789
6.606345
6.1658187
6.3327003
5.956358
5.3988137
5.646977
6.0810747
5.7126145
5.4960604
5.033886
4.699835
4.385223
4.539253
5.0626345
5.3708487
6.220658
6.4188504
6.1581054
5.7351384
5.2385683
5.4801946
5.6771216
5.41201
5.7733955
5.6878495
5.5780945
5.5581703
5.163696
4.6074247
4.613077
4.1452436
3.6440659
3.5641851
3.8527768
3.967186
3.3759623
3.2037373
3.3498662
3.5474677
3.5925472
3.3627691
3.4815998
3.4121373
3.470815
3.490134
3.5993004
3.5056036
3.5650072
3.5795145
3.6186943
3.4689956
3.5302567
3.6159585
3.4833472
3.7277968
3.7239804
3.6268177
3.8248043
3.722267
3.8709128
3.733099
3.7003255
3.7154975
3.797655
3.8003252
3.6288414
3.840219
3.840421
3.5499463
3.9158015
3.8896224
3.854533
3.8626695
3.7433543
3.7607105
3.6576893
3.8591504
3.8052301
3.790474
3.758597
3.7820122
3.8934827
3.7489803
3.6704762
3.7916055
4.0426264
3.8418226
3.9278922
3.7421124
3.9035406
3.8168478
4.075667
4.193244
3.9816074
3.9360666
3.8496926
3.9949825
4.165077
3.7892835
3.7006867
3.7972262
3.949736
3.9420955
3.7048564
3.72864
3.7421713
3.8371012
3.6816611
3.6805212
3.8689375
3.7736657
3.6472273
3.800262
3.4971802
3.8653078
3.6484966
3.5615244
3.7049892
3.646603
3.6030812
3.612255
3.6255343
3.547538
3.8315477
3.528668
3.4288125
3.4055932
3.3018532
3.1578417
3.1210606
3.1904023
3.1219928
2.8749292
2.8525841
2.787744
2.893928
3.0094242
3.2793562
3.2634976
3.3483632
3.2869911
3.3857398
3.4420662
3.6019013
3.6011267
3.812616
3.6852853
3.8126006
3.586091
3.4839907
3.5928326
3.3864045
3.59982
3.511225
3.1713555
3.2645743
3.1402192
3.2602837
3.4855864
3.4769678
3.4117718
3.2946904
2.939108
2.9369802
2.762547
2.9883173
2.7932272
2.9052317
2.7199728
2.9876485
3.3234594
3.5790145
3.330934
3.0814054
3.3698227
3.2979965
3.677052
3.5043414
2.9133673
2.520492
2.173329
2.1650884
2.7878122
2.5657809
3.0224574
2.850786
3.4601068
2.9859555
2.1223354
2.775026
2.5725038
2.7087674
2.9483795
2.916546
2.5686276
2.82028
3.178397
3.4414337
3.558881
3.1065483
3.1971843
3.0490556
2.5831115
3.1651075
3.7236261
3.075406
2.25656
2.253183
1.6830755
1.8724532
2.7073817
2.6407952
1.9080079
0.76759845
2.1049402
2.7219033
2.557481
2.865266
2.9035332
2.7907715
2.9783943
2.8959603
2.4733887
2.673565
2.9873219
2.7244642
2.5264506
2.5126302
2.3911827
2.0390573
1.7744986
2.464027
2.4285872
2.4241407
2.7061608
3.0025933
3.5246437
3.5974689
3.1030724
3.2435915
3.0203958
3.1987631
3.1646655
3.0305636
2.744555
3.6304824
3.6830401
3.6274667
3.1851308
3.2771792
4.1805396
3.9400876
3.312431
2.6057003
2.4454515
2.283013
2.6950777
2.5264466
2.623829
2.589742
1.9402941
2.6284602
2.7402902
3.0141964
2.9636576
2.8534477
2.8887768
2.8096614
2.7916236
3.1351657
3.1886063
2.2658556
2.0576549
2.1166692
1.8385816
1.8258438
2.1739502
2.1771765
2.3470366
2.4177241
2.0192742
2.85345
3.081216
3.1416907
3.443567
3.0721421
3.019971
2.713859
2.5274823
2.6607711
2.2737203
2.3941705
2.6320426
2.7400374
3.3947182
2.3665276
2.2942226
2.4379508
2.7309496
2.4586859
2.9217014
3.3512695
3.0351503
2.617657
2.4296966
2.1756928
2.0145936
2.3442864
2.7473028
2.0814233
2.2723143
2.553652
2.766151
2.5827718
2.5238845
2.6412425
2.796796
2.9385219
2.7285986
2.4230793
2.4334824
2.8662736
3.1231127
2.8664927
2.7053304
2.8434029
2.2758005
2.4177778
2.7947938
2.9063804
2.5306246
3.0293348
2.7678764
3.0525334
3.218418
2.962698
2.1123347
2.0558996
2.2920012
2.4008517
3.2218804
3.8807998
3.35524
2.8517158
2.3073785
2.3161547
2.5776186
2.877273
2.4376855
2.6328697
2.3381329
2.2562432
2.4139156
2.5660384
2.8816166
2.798961
2.4569607
2.4764113
2.771134
2.7245924
2.9733872
3.0691626
2.5914216
2.821579
2.7967157
3.4650416
3.7464619
3.3115172
3.0607235
2.0222073
2.4482443
2.4875584
2.6508775
2.3119118
2.786791
2.8535023
2.9870377
2.7929769
3.079848
2.8982463
3.3117793
3.322773
3.1752534
2.873392
2.440899
2.009991
1.933824
2.0210652
2.220383
2.140219
2.5456712
2.6595562
3.1623175
3.2439969
3.326857
2.301937
2.2692018
2.6053202
2.4937482
2.2705662
2.498085
2.1085644
2.5325403
2.7767124
2.3471045
1.7427148
2.2388558
2.0915549
2.779862
2.6348276
2.6836724
2.7593217
2.7962463
2.6756837
2.9404922
3.0557115
3.1097867
2.7112374
1.9086896
2.5190086
2.295655
2.8297832
3.611299
3.6951175
2.3455377
1.2100916
0.67444444
0.82277507
1.5136544
3.0858285
3.3040364
2.8925426
3.2933989
3.1255305
2.7414057
2.252718
2.1755369
1.2352097
1.4236656
1.4832785
1.9796567
1.8833581
1.9950482
1.8637823
2.2128396
2.0695431
2.3205779
2.6178803
2.0518255
2.169021
2.5453985
2.3850589
2.4325087
2.5866177
2.5462568
2.292892
2.9099228
2.8930442
3.1114054
3.1674585
2.7231956
2.707018
1.9807912
1.7831166
1.7502489
1.9503446
1.8515176
2.0413785
2.2400658
2.199346
2.4752607
2.3389456
2.533658
2.4456449
2.1967773
2.3724303
2.2162213
2.6140087
2.5832098
2.9699388
2.2868714
2.4227045
2.5264006
2.3336208
2.787332
3.0218217
3.4566076
3.3381557
3.1940417
3.3918633
2.4528904
2.2893114
2.2996218
2.3037813
2.8765516
2.6461525
1.5102848
1.611928
1.2128057
1.4497886
1.9249831
1.7083617
1.5033238
1.7627208
2.1281319
2.49561
2.4190483
2.470075
2.3559453
2.231143
1.5029838
1.9224772
2.0473788
1.6901028
1.8756876
2.221835
2.4869733
2.6370149
3.4421496
2.4477048
1.7722821
1.3544852
2.1029267
1.892626
2.258636
2.7386186
2.8657336
3.0483913
2.5501258
2.2809105
2.8899608
2.8186965
3.0491943
2.457833
2.5076365
2.8959322
2.1613517
2.2050424
2.1656137
2.817465
2.2743344
2.2545648
2.7745583
2.4644227
2.14202
2.3849156
2.3949656
2.1930943
1.7373
2.0496426
2.072444
2.47788
2.4338741
1.6412938
1.7231128
1.533907
1.6082251
2.3316305
2.1943152
2.1861756
1.5440524
1.5663326
2.0397248
2.1216204
1.8727055
2.061516
2.181127
2.294709
2.4961176
2.5800107
2.7913368
2.6794326
3.0432863
2.8065178
3.0771875
2.762436
2.3765635
2.9230285
2.8553677
2.671443
1.5876147
1.4798036
1.3701766
1.7953316
2.4364924
2.584068
2.510994
2.8135512
3.127141
3.3314848
2.5538437
2.4353714
2.0799203
2.1935027
1.6266925
2.1962051
2.5478618
2.548875
2.4584086
2.287779
2.0546722
1.9281126
1.9701896
1.7243226
1.7804289
1.7318151
1.8455315
1.7871572
2.4600024
2.7681265
2.6477714
3.0632691
1.985505
1.0411084
1.1452144
1.4823979
1.4201392
1.575251
1.6862241
1.6820718
1.9699988
2.3887465
2.5335562
2.094154
1.6612179
1.8679118
1.5549444
1.4614762
1.7434962
1.7439393
1.6123843
1.7684
2.0769026
2.0060182
2.0709164
2.0621605
2.4841275
2.071661
1.6600807
1.7006971
1.828734
2.0625718
1.6851844
1.6336552
1.3715535
1.6826942
2.00858
1.9078063
2.044598
2.0986133
2.1113327
2.1287982
1.9528016
2.0470324
2.4082153
2.650622
2.5733416
2.3545141
2.3711462
2.5782743
2.6837575
2.4775412
1.4520829
1.6172636
1.658055
1.9905728
1.8420218
1.9119849
2.1554823
2.1649816
2.4107814
2.5986729
2.0001729
1.3030443
1.3149348
1.7377306
1.872257
1.6418849
2.159585
2.6631312
2.4608717
1.7006669
1.865932
1.8901806
1.7718662
2.1404176
2.0551872
1.835187
2.171752
1.4812739
1.5898442
1.7883953
2.1822553
2.1402223
2.031199
2.4892874
3.3612347
3.2329717
3.0452135
2.5108876
2.0951645
2.0213501
2.082727
1.1737852
0.7076906
0.9206129
0.97345614
0.95161384
0.96833503
1.3356093
1.4041194
1.5961171
1.3217709
2.3140764
2.9193935
3.265807
3.370037
3.3121667
3.1612852
2.9737954
3.0007896
2.9713206
2.6323423
2.7107244
2.5062306
1.8421843
2.1331863
1.5968499
1.0522014
0.85917395
1.1236956
1.0644069
1.646994
1.7906878
2.052955
2.2015815
2.3322058
2.442055
2.6193216
2.9623508
2.456004
2.6435623
2.3568323
2.2120008
1.7077101
1.3730925
1.581194
1.3124036
1.251698
1.6805031
1.6505554
1.8049433
1.8272834
2.0720124
2.3010938
1.7317071
1.9534065
1.8550031
2.032225
2.013936
1.158563
1.2583175
1.2908037
1.3149374
1.4166508
1.7098614
1.7324543
1.8073732
1.7082565
1.7003465
1.8178039
1.8313264
1.909522
1.8535837
2.2753727
2.2999024
2.2678804
2.6050308
2.3037329
2.4468877
3.3925939
3.3996906
3.143525
2.852325
2.2913134
1.8171108
2.7141943
2.6408372
2.6175506
2.6923387
3.5646815
3.4970713
2.5793743
2.6426792
2.778765
3.22549
3.228978
3.026537
3.4816897
3.4058828
2.8007843
2.594871
2.83355
2.8397336
2.7862792
2.638756
2.0802243
2.3728828
2.3964632
2.6552658
3.0276568
3.6288004
3.333489
3.0332406
3.2089794
3.130204
3.4091887
3.6282594
3.8747916
3.8775744
3.0473518
2.6428943
2.8065681
3.1345222
2.8975596
2.7322137
2.7522454
2.507315
2.602727
3.2431417
3.7235887
4.1752787
3.8194857
3.1923075
2.8906112
2.4003987
2.080819
2.0113206
1.8710638
1.9581412
1.8712418
1.7689157
1.7161611
1.7292154
1.6916275
1.7423712
2.296223
2.3462465
2.643631
2.6289995
2.4035807
2.482769
2.470049
2.1723213
2.161222
1.9981571
1.5979403
2.0826354
2.2901623
2.2340171
2.5177913
2.689898
2.4297066
2.7997165
3.2765534
3.2839649
3.421754
3.00307
2.6901963
2.9270947
2.970289
3.4979882
2.7084665
2.7149556
3.9093995
3.312258
3.9388509
3.5170758
2.0332787
2.255005
2.4334993
2.409277
2.6482372
2.7782612
2.502485
2.7879255
3.1809177
3.0586557
2.8501997
3.2321815
3.1670752
3.463602
3.47402
3.2276773
2.7719023
2.721492
2.6689353
2.4443355
2.660946
3.039998
3.1383505
3.0332456
3.1492367
3.0752163
2.2952924
2.5311332
2.4085968
2.6664476
2.7073596
2.997596
2.9637928
3.0153337
3.0768285
3.0003276
2.9167693
2.629756
2.0544538
1.5404677
1.3844599
1.2554923
1.2805617
1.5175701
1.5986539
1.4639611
1.224605
1.5538546
1.3336139
1.0763448
1.1093584
1.0194985
1.2820107
1.3372773
1.2358179
1.2922469
1.1765264
0.99587125
0.9552764
0.67403173
0.8038109
0.95501983
0.86630785
0.9733368
1.180017
0.9833514
1.0325955
1.3744512
0.83010745
0.96816134
0.88570464
0.913562
1.037789
1.1905844
1.2488397
1.102066
0.87341607
0.9845002
1.4452918
1.2267004
1.201506
1.2114199
1.3852456
1.282795
1.1606783
1.3182606
1.1770788
1.4172325
1.5313004
1.5308689
1.4918811
1.3763412
1.6927181
1.3401927
1.2688446
1.2095827
1.6069384
1.4482579
1.2253153
1.4746486
1.4848652
1.3023021
1.4811245
1.6496903
1.5310979
1.5064014
1.7775385
2.0934691
2.2784245
2.3428698
2.4417624
2.1123548
2.187591
1.7497399
1.3368217
1.2571973
1.3934357
1.5489264
1.7241321
1.5748281
1.3114462
1.1690878
0.9080363
1.0195622
1.0987606
1.2293509
1.2188148
1.094491
1.456704
1.1777314
1.0047698
1.2403034
1.1492252
0.9383889
1.6806748
2.3411338
2.4551053
2.7004704
2.523169
2.5394466
2.5084364
2.4127817
2.722512
2.6310692
2.5254097
2.3663325
2.4119968
2.558908
2.8384008
3.0608182
2.9734056
1.8441085
2.0708966
1.9995239
2.1927178
2.1947002
2.0874512
1.8205295
1.7257456
2.0440938
2.5983508
2.5679557
2.6515472
2.6661377
2.703465
2.8238602
2.442554
2.5459778
2.5871308
2.4031649
2.449965
2.2555447
2.1696873
2.0958557
2.0288618
2.0440028
2.1436036
1.9978423
1.9859256
1.9307158
2.111028
1.9631617
2.1475034
2.2859523
2.2208705
1.904691
2.0153234
2.1239622
2.327621
2.0110414
2.0612166
2.2485435
2.406373
2.1532726
2.24421
2.2005055
2.20073
2.373486
2.2619755
2.1185553
2.2906852
1.92159
2.100982
2.1293454
2.299823
2.2366686
2.3031728
2.3710248
2.4257474
2.6164658
1.9608194
2.1741014
2.1420548
2.2534015
2.4001434
2.2922826
2.3084543
2.331017
2.248205
2.4775436
2.9982126
3.1791213
3.3986094
3.1222703
3.6132574
3.5348325
3.4565609
3.439559
3.4506044
3.0947154
3.1039004
3.4228458
3.5714765
3.4850063
3.6476307
3.5503366
3.5295115
3.4071126
3.3413186
3.2483244
3.5881324
3.522215
3.6497207
3.5223598
3.4833848
3.463076
3.5578537
3.545193
3.5991242
3.5517378
3.4753299
3.8598113
3.5341182
3.4971726
3.3665385
3.6011627
3.2890391
3.5353596
3.3990297
3.556334
3.827602
3.3053267
3.803792
3.7208064
3.5862758
3.7721672
3.307317
3.6671412
3.5686316
3.7662911
3.4516385
3.4406993
3.5143366
3.482894
3.4328773
3.4849415
3.502901
3.8202899
3.7620926
3.7835295
3.6787853
3.6267586
3.5873113
3.604252
3.553698
3.5716991
3.433688
3.692996
3.5833275
3.7761302
3.4936273
3.3265188
3.6669786
3.5885708
3.6465003
3.9167702
3.89396
3.8337605
3.416705
3.5900655
3.521871
3.7302556
3.5476854
3.2117553
3.3369987
3.2968829
3.0729187
3.4005432
3.0320387
3.2179468
3.2256472
3.5595698
3.2772098
3.4589052
3.4830294
3.4961336
3.159326
3.1087828
3.2816083
3.3711457
3.390749
3.3967881
3.4385636
3.5634236
3.457624
3.4157095
3.3994205
3.611936
3.5731
3.2173488
3.2842722
3.001595
3.0186534
3.2975082
3.1675718
3.2915306
3.0826297
3.2089603
3.2818122
3.4254985
3.2819686
3.5464637
3.4298582
3.47211
3.3119845
3.3501468
3.147212
3.334593
3.260029
3.4823527
3.2819881
3.4818041
3.450159
2.7444825
2.8851695
2.8476424
2.726067
3.3986697
3.4100456
3.4296772
3.5036688
3.4798515
3.4604692
3.5474596
3.6462705
3.4343195
3.4287493
2.9549928
2.3643622
2.0208814
3.387193
3.8585522
3.8029144
3.7954645
3.8332973
3.868108
3.8529782
3.6216433
3.4781876
3.7092571
3.313727
2.7067533
2.448178
2.3573072
2.0624826
2.8023262
2.754804
3.0514412
2.7330823
2.7348828
3.4047828
3.869247
3.2890375
3.2073216
2.5086863
3.2475169
3.8670056
3.8295417
3.7234495
3.5002847
3.4901047
3.8392088
4.1618233
3.5376048
3.4734206
4.0802646
3.4472253
3.892756
3.7402391
3.748838
3.7059383
3.4199584
4.276888
4.81427
4.509169
4.4425144
3.7048776
2.7062836
2.3654397
2.7460728
2.64369
2.358326
2.5647871
2.2533822
1.9005814
2.1199782
2.1477995
3.1169374
2.299962
1.8724593
1.9269643
1.3482498
1.5702614
1.4301461
1.9912235
2.7286339
2.4654245
2.9728436
2.978522
4.2112947
2.2478704
3.2680817
4.321801
4.421319
2.526784
2.6796162
2.9055555
2.828614
2.444775
2.936369
2.2792673
1.8860822
2.1057928
2.782879
2.1524255
2.6561353
2.566984
2.8152213
3.3578286
3.2687147
3.5147448
2.6500862
2.2941933
3.204259
2.8583326
2.5342238
2.1418324
2.228341
2.6603343
2.7978635
3.144315
3.0035174
3.0380824
2.8021147
3.3246717
3.4298334
2.0549707
1.4679966
1.5670388
1.4458184
1.4021708
1.7698987
1.8636546
1.5907102
1.8404953
1.4091785
1.1709834
1.5479044
1.7852621
2.8179924
2.6472664
2.694674
1.9670843
2.3965328
2.4143064
2.0231686
1.9409804
2.0189047
2.0844913
1.1889098
1.0816858
1.9131988
3.3311987
3.121342
3.3466592
3.803183
3.4332552
3.1058288
2.813379
3.0520568
3.1930573
3.49691
2.6668868
1.5485586
2.5854688
2.1905982
2.5015252
2.9342844
2.9813087
3.0665963
1.2740158
1.9715568
2.0266907
2.1350853
1.07651
2.5372481
2.9834702
3.1780248
2.9177387
3.123263
3.6216054
3.3741603
2.0984282
1.832252
1.5663828
2.0189898
2.731464
3.0546634
2.821258
2.956358
1.8402455
1.1743399
2.6497433
2.5569224
2.760774
2.2899497
2.0200334
2.1554856
2.4616218
2.6679025
2.3714738
2.3690724
2.431653
2.4440272
2.8993285
1.8476526
2.5356271
2.9236195
2.617512
3.0751607
2.912164
3.2919486
2.2901375
1.8089639
2.3626256
2.2426581
2.537228
2.9842763
3.4530983
2.336551
2.7397685
2.6990175
2.2324176
1.829664
2.2435923
1.5648382
2.5038114
2.6455855
2.0896277
2.6904736
3.03859
3.0857124
2.0175393
1.9517705
2.3276355
2.7921097
2.4353447
2.5672834
2.8914313
3.100974
2.7018256
2.7857256
2.1494093
2.5049663
2.6471128
2.3170788
2.277831
2.137202
2.256727
2.1247234
2.7090154
2.3916407
2.890903
3.1140914
3.1441152
2.877126
3.1561847
2.8010185
3.0568259
2.8861752
2.9003608
2.4071212
2.7918923
3.3751702
3.342333
2.9867587
2.7380114
2.082616
2.5733538
2.938106
3.2530708
2.855344
3.149664
3.6362934
2.7178507
2.866009
3.0408182
2.5263238
2.4019468
2.5610719
2.2629724
2.1881702
2.2305243
1.7134658
1.4375606
2.3939002
2.0762258
1.6281476
1.8073744
1.5588089
1.9520395
2.2727652
2.4198365
2.8520372
2.392353
1.7807665
2.8400896
2.4121976
2.283435
2.2464075
2.188368
1.8642467
2.1853094
2.3241844
2.663723
2.687772
2.8522084
2.8481493
3.0035086
2.7388031
2.6778204
2.616357
2.9152112
2.6267412
2.6570315
2.0622292
2.1023405
1.8465016
1.8098413
2.0123453
2.2539003
1.8206506
1.6424245
1.6847557
1.7614048
2.074149
1.9104173
1.5987562
1.6285125
2.1298037
2.0883944
2.0373318
2.1404753
2.3291101
2.2463458
2.005172
2.041838
2.4428017
2.1058717
1.982315
2.1986947
2.151572
2.319779
2.3857825
2.1319442
1.9977772
2.3086607
2.2805533
2.24335
2.3501709
2.1504583
1.4222124
1.2442014
1.3286564
1.5327377
1.7737056
2.2369514
2.252142
2.0823987
2.328845
2.2942476
2.0964777
2.1041565
2.049565
2.1311715
1.9800913
2.3095186
2.0897982
1.5724226
1.6336566
1.7476015
1.4005237
1.3122044
1.4902415
1.9643509
1.2655568
1.8329217
1.5257088
1.2567191
1.7356797
1.453665
1.5451398
1.5484666
1.4699105
1.575878
1.5182757
1.4168695
1.657788
1.4663504
1.4005499
1.3441801
1.3508174
1.559764
1.3939445
1.4847898
1.7099736
1.4457133
2.0130498
1.9042648
2.060617
2.033733
2.022645
2.2774198
2.514204
2.1774125
2.235579
2.145774
1.9475951
2.1998987
1.7643481
1.9030423
1.7340692
1.6952922
1.7633753
1.6832554
1.9599398
2.0013793
2.4691997
2.4111521
2.5009382
2.698057
2.708167
2.6282966
2.3296626
2.5572784
2.4286737
2.6549613
2.8821328
2.6508617
2.7075977
2.4042091
2.4252975
2.7640016
3.1978295
3.1689863
2.9243495
2.832525
1.660974
2.0502827
2.0538607
1.7914872
1.7059739
1.7525736
1.7052455
1.7530637
2.0251534
2.8712654
2.5276382
2.805136
2.3741436
2.6896634
2.4724388
2.4414723
2.6122854
2.4448774
2.3264902
2.2619252
2.7029016
2.6796381
2.292385
2.2687078
2.2705827
1.8891275
2.3677833
2.4205
2.0384774
2.5675259
2.3475237
2.1198149
2.0972376
2.4770813
2.6517425
2.1105254
2.1407855
1.876785
1.8420228
1.8514303
2.8905556
2.818378
2.6135461
2.9140265
2.4715545
2.5157743
2.7990875
2.7436428
2.8251832
2.4666212
2.9605494
2.9025116
2.7015393
2.4619431
2.2697053
2.6363144
2.747674
3.3038619
3.271691
3.2604804
3.0394938
2.9691405
2.8747313
2.4375389
2.4429007
2.2209444
2.93088
2.5973837
2.58878
2.2938643
2.1650774
2.2938695
2.5975683
2.5919597
2.9452941
2.7160463
2.716759
2.1773946
2.490935
2.493364
2.6075196
2.3991876
2.8777053
2.7142398
2.5956419
2.2586112
2.3281755
2.1882753
2.4736226
2.7773519
2.7061749
2.664714
2.7676136
2.8382347
2.5037746
2.40256
2.2905655
1.6856682
2.2512333
1.856274
2.4227395
1.8024317
2.2260282
2.2005394
2.5121608
2.4946692
2.4338565
2.6223733
2.8239431
2.3115077
1.9930702
2.0485716
2.5184042
2.57698
2.608904
2.6883645
2.7399273
2.711953
2.8130233
2.4989758
2.5675204
2.7399707
2.602625
2.9221718
3.067627
2.7455282
3.1232805
3.2977881
2.1277902
2.2727957
2.0712833
2.5124767
2.1846533
2.954947
2.808506
2.6682656
2.6367042
2.3146744
2.3286378
2.5213194
2.272874
2.2208505
2.1938887
2.1415634
2.6695971
2.8353348
2.829588
3.2834172
2.8484845
2.4311016
2.2412195
2.1079903
2.1308587
2.2183788
2.4172363
2.0771534
2.1229475
2.2311323
2.0812144
2.5021677
2.4154022
2.7757764
2.0103316
2.137062
2.6126606
2.908563
3.0505335
2.8692057
2.2149243
2.466279
2.549813
2.3935683
2.1020477
2.678515
2.9175048
2.924768
2.707051
2.5071254
2.064295
1.5070019
1.9984686
2.7271605
3.213124
3.0176108
2.8554177
2.2752721
2.521802
2.3546703
2.9739082
2.8403008
3.3065114
3.3661945
3.062292
3.7560349
3.2316346
3.3281043
3.1695855
3.5268285
3.0840197
2.8652961
3.0022807
3.171561
2.7162833
2.9532623
3.1840332
2.964787
2.6659627
2.6167784
2.7198992
2.6044264
2.8451211
2.6515048
2.9406452
3.1040616
3.0457265
2.6691515
2.9721248
2.8121483
2.816434
3.2334666
3.628347
3.4536
3.5719388
3.5873811
3.3616004
3.467977
3.6324372
3.7032034
3.3758645
3.4354167
4.1092386
3.438646
3.799481
3.5801487
4.112699
3.4693427
3.6842859
3.9403875
3.6873677
3.3635006
3.376882
3.8289595
3.9166229
3.5526202
3.9453394
4.0572567
3.8506403
3.711788
3.4337184
3.6062503
3.6773345
3.9376504
3.87012
3.5003524
3.7162497
3.904604
3.8423638
3.571341
4.166333
3.5909405
3.9226034
3.8421197
3.3090844
3.5996118
3.5223255
3.7457027
3.6010704
3.8586774
3.7631562
3.599593
3.66884
3.2941465
3.7117295
3.4203334
3.6517823
3.3075137
3.7534366
3.6922774
3.6728024
3.7019937
3.820308
3.733897
3.723348
3.712444
3.092235
3.011269
3.2815905
3.8326433
3.6173751
3.5009096
3.2781575
3.926547
3.415028
3.6813812
3.8747091
3.4538116
3.6587183
3.4253612
3.3737862
3.0151007
3.56414
3.3249118
3.1335282
3.4696481
3.3035183
3.381264
3.2888212
3.2414088
3.2733338
3.297562
3.4284513
3.4556913
3.4870672
3.8690138
3.7807746
4.22093
4.085137
4.474007
4.3149023
4.6573906
4.4824505
4.414112
4.3721356
4.862203
4.4168434
4.323092
3.9683745
4.540457
4.4631085
4.231202
4.1509457
4.4634695
4.32332
4.341764
4.2581053
4.4724383
4.175893
4.205385
3.9081342
4.064444
4.277745
3.9272075
3.9281936
3.9102583
4.080924
4.4214067
4.142569
4.0709567
4.1605372
4.2502117
4.128638
4.0767207
4.063896
3.9719129
4.0825386
3.966141
3.8240092
3.9959152
3.6940114
4.0976515
3.8218546
3.6523964
4.1269684
3.8598022
3.9783125
4.0236735
3.9047801
3.8475332
4.013317
4.1194825
3.8711014
4.26818
3.9146895
4.303167
3.7756772
4.011858
4.1621675
4.035839
4.0330057
4.0632935
4.2569933
3.9047804
3.8110576
4.075808
4.085059
4.131535
3.9722643
4.0413184
4.0602837
3.689692
4.1188903
4.2223067
3.7486372
4.0647902
3.996242
3.8545182
4.297918
4.1979694
4.1123123
3.9691048
3.9673529
4.447715
3.7526045
3.9263043
4.2436914
4.140383
4.025058
3.9646006
4.030859
3.918179
3.9152553
4.1609526
4.156106
4.0064716
3.8817437
3.8270442
4.0013223
3.9215643
4.0788345
4.3348293
3.8837755
4.0373116
3.7958214
3.865797
4.2815795
4.212605
4.441913
4.0237875
3.8383958
4.5333204
4.1534405
4.276886
4.5478067
4.4045177
4.2134295
4.5572
3.9988675
4.348304
4.530122
4.0467854
1.397789
1.1291057
1.1313701
1.0729537
0.820189
1.0228603
1.585845
1.226232
1.6431247
1.060643
1.3807847
0.98976326
0.73615605
0.87953365
0.8450197
1.0091295
0.9812119
0.7628391
1.0166364
1.2566792
1.3123208
1.012878
1.1982744
1.2829884
1.1497829
1.3759654
1.0748429
0.79032445
0.8759218
0.6994045
0.5544989
1.4256166
1.1003801
1.0476778
1.2943707
1.1837742
1.0486209
1.1021268
1.2032944
1.2728975
1.4951253
0.97367257
1.0247247
1.2600973
1.4453714
1.3538322
1.2162842
1.4811331
0.9213193
1.2650328
1.1682662
1.0195302
1.1403388
1.3198247
1.7568898
1.5010617
1.0365174
0.88797915
0.8482106
1.2105234
0.9921576
1.1073434
0.9396078
1.0907454
0.73970515
0.83861685
0.8204545
1.7489572
2.4601512
2.2742608
2.114712
2.1126542
2.2114437
2.1993866
2.470838
1.8636787
1.7371165
2.2786474
2.5195236
1.9688687
2.0737631
2.1587536
2.2643416
2.0139291
2.2497213
2.717098
2.1602108
1.8069203
1.8746107
2.1942563
1.7911289
1.9503095
2.106111
2.3826394
2.4779167
2.6132798
2.3686962
2.3362906
2.3617535
2.466125
2.1741493
2.1718032
1.9503791
2.0359497
1.8701789
2.0349822
2.164012
1.9708656
2.1073387
1.9439292
2.2896934
2.1321177
2.060265
2.2300014
2.2661116
2.3352473
2.2805681
2.2459362
2.3774958
2.397459
2.4725943
2.576973
2.3690958
2.4352255
2.4374924
2.3141837
2.1924446
2.3676777
2.1337152
1.9101691
1.909984
2.159241
1.6524445
2.12742
1.9952905
1.8374926
1.7451661
1.5348487
2.3392174
1.975946
1.5931107
2.10723
1.8661772
2.1511316
2.235528
1.637305
2.1710982
1.9343156
2.10692
1.9289832
2.1199932
1.8282181
1.5219616
1.3778821
1.6032195
1.5785868
1.7591213
1.6340464
1.4627337
1.5667667
2.0099587
1.3893824
1.6120576
1.8926315
1.9326153
1.6913469
1.7275149
1.7645547
1.8146513
1.6376113
1.7882851
1.6281025
1.681919
1.5805753
1.625028
1.6909463
1.6810088
1.7648971
1.8705275
1.6882308
1.8412362
1.7539418
1.7736585
1.6997131
1.7673736
1.8991253
1.9260885
1.6119245
1.66051
1.8115169
1.8443094
1.6364104
1.5636382
1.7894679
1.79762
2.1324909
1.6103144
2.0137084
1.6459771
1.9893118
1.8158525
2.2511408
2.006693
2.2082918
1.803349
1.8118365
1.5879872
1.8392568
1.3951782
1.9771377
2.4821253
2.0438073
2.5620928
2.2436368
2.1091113
2.276152
2.1044662
2.2797647
2.384029
2.7076602
2.8521388
2.2735076
2.4338074
2.3267412
2.5407872
2.5825655
2.2823043
2.125592
2.070084
2.1654947
1.951654
2.0282624
1.9852453
1.8645632
1.4891638
1.5780035
1.6895577
1.7341216
1.9869826
1.4294894
1.4282995
1.5833495
1.6911275
1.5923336
1.6892004
1.9328806
1.6935356
1.6958371
1.7906342
1.9790068
1.9797482
2.1856952
2.1389813
2.3231795
1.857533
2.2640445
2.1065364
2.0555086
2.221635
1.9410542
1.7212526
1.7841046
1.6683581
2.1617289
1.8757735
1.9880165
1.8425754
1.6715108
1.6539472
1.510193
1.7799065
1.8926316
1.7394651
1.9016607
1.8142139
2.2816703
2.1243107
2.0053096
2.0137804
1.7419229
1.8959376
1.8173928
2.0612645
1.9148169
1.9815363
2.0745258
1.8591925
1.9415758
2.0855656
2.1225648
2.1066484
2.1362548
2.159235
2.030394
2.0038056
2.007267
1.9152457
1.9174157
1.8959336
1.8448051
1.6346393
1.7213804
1.644304
1.49634
1.4349911
1.6271925
1.696745
1.7377454
1.6592734
1.610432
1.6515281
1.6226761
1.7994713
1.6749287
1.5969137
1.6341324
1.6481011
1.8177636
1.7280612
1.3867055
1.3195564
1.1706493
1.0453548
1.1344845
1.1884294
1.0503461
1.1071866
1.0942507
1.3064994
1.4572504
1.8151046
1.6467832
1.5847871
1.7726665
1.5459948
1.4690065
1.4581087
1.530366
1.6813647
1.7668673
1.6689862
1.8095415
1.9375021
1.953545
2.0940244
1.8413491
1.8262714
1.6233988
1.756273
1.5015268
1.4460377
1.4987644
1.4266347
1.3926766
1.5069455
1.2817441
1.4625492
1.3977424
1.4244213
1.2796283
1.5286531
1.3727131
1.1873701
1.1655447
1.17946
1.2244356
1.2787018
1.3516634
1.2624931
1.6179426
1.447517
1.3233573
1.5607283
1.8416007
2.076387
1.8290722
1.6430677
1.8042998
2.0366478
2.4109454
1.9126898
1.5713717
1.8041674
1.874713
2.0504618
1.9153837
2.0731626
2.0012548
1.7951
1.946331
1.6514083
1.5686827
1.7700869
1.3224101
1.3653986
1.1092285
1.0213933
0.82865655
1.0525615
1.220395
1.0105902
0.8450911
0.9353172
0.89431274
0.9052429
1.0221794
0.92980576
0.83392155
1.1255667
1.1284249
1.0552497
1.0723641
0.9773909
1.5673157
1.3739655
1.2470976
1.3653288
0.927209
1.1044693
0.9895288
1.1013926
1.2666792
1.3501081
1.193032
1.2891262
1.222878
1.25749
1.2183808
1.553359
1.8192645
1.7152655
1.6015623
1.4409939
1.4279665
1.023906
1.042474
1.2346342
1.0363783
1.0377483
1.23642
1.3137194
1.3549553
1.0899354
1.3612602
1.2487409
1.3021984
1.4172269
1.1500632
1.0761328
1.066673
1.0210471
1.25193
1.1301184
1.1388578
1.1725558
0.9486021
1.2075146
1.2431967
1.590756
1.1880002
1.2007729
1.2323272
1.0942217
1.3201506
1.5330218
1.0850701
1.1210427
1.2787519
1.1660148
1.173023
1.1850598
1.2245222
1.3531606
1.4719838
1.6057581
1.2995028
1.5613359
1.5128967
1.5823104
1.5502139
1.4929588
1.6459746
1.8129183
2.2159648
1.9913517
2.232023
1.9999907
1.7288492
1.7090427
1.6405532
1.6614028
1.5597284
1.1560376
1.3159311
1.2604302
1.1001581
0.98448133
1.2653778
1.3824788
1.2987318
1.2426081
1.2888072
1.3203671
1.2851129
1.3826725
1.4352239
1.4151187
1.1992924
1.4378598
1.252966
1.1753377
1.3148482
1.3776733
1.618901
1.2857381
1.0070064
0.97322345
1.0509348
1.2953064
1.2528255
0.8814594
1.2188871
1.1915561
1.1481097
1.1330457
1.479095
1.423823
1.623567
1.3322787
1.5749717
1.8645828
1.4323959
1.4880806
1.5677963
1.7269378
1.3494207
1.241084
1.327779
1.2875668
1.2573346
1.060256
1.2702564
1.1726892
1.3654574
1.1827691
1.6316252
1.1907976
1.9166687
1.8554729
1.7040854
1.58176
1.7277042
1.7237219
1.7270801
1.509623
1.6408856
1.4545325
1.6018257
1.437641
1.4900928
1.189712
0.9964823
1.1010071
1.2791811
2.4864442
2.4502764
3.0043962
2.912287
2.7909741
2.4488282
2.7193446
2.7232852
2.7111537
2.7172644
2.8906507
2.8456328
2.689576
3.1695993
3.1238694
3.3206666
3.1769514
3.0640507
3.0386999
3.0020769
3.210258
3.0420659
2.925538
3.2908614
3.1521797
3.1402774
3.407479
3.5957122
3.2242072
3.147308
3.0637367
3.0168731
2.9365466
3.0898867
3.1446393
3.0254908
3.3384578
3.0194228
3.0946531
2.8779116
3.255078
3.1503713
3.1453457
3.0997012
3.2914243
3.0845854
3.3567564
3.3067029
3.2358737
3.3414023
3.7107716
3.42252
3.4042222
3.125476
3.2484813
3.2326844
3.0954065
3.1148355
2.9924116
2.7258284
2.6815753
2.4354534
2.1651208
2.131574
2.0377245
1.7670573
2.0770512
2.2698376
2.2427921
2.1223416
2.0890894
1.9971702
1.8882403
2.2250552
1.9539168
2.0427268
1.749362
1.8829734
1.9377422
2.6631567
3.2217493
3.15842
2.5081909
2.7416072
2.7684278
2.7232118
2.655828
2.5940652
2.6818583
2.6713524
2.5387414
2.5886388
2.5178874
2.3722043
2.1949573
2.2564228
2.3802803
2.3086383
2.378469
2.5977354
2.1717474
2.146708
1.7541957
2.1685798
1.892509
1.9412849
1.8073242
1.7319542
1.8212435
1.7179701
1.8340496
1.8407604
1.7426064
1.902214
1.9325393
1.9102185
1.9643855
2.0001469
1.9923841
2.183833
1.8848454
2.1496415
2.0209816
1.9299853
1.9568114
1.8142089
2.1430366
1.9812287
2.2149897
2.2671683
1.9818985
2.1781373
2.0776443
2.0512176
2.146702
2.1380231
2.1600199
2.181401
2.139924
2.145775
1.6863687
1.8417585
1.7489743
2.1261547
2.0596132
1.9803885
1.8939923
1.8885214
1.9193645
