10000
8.140777
8.109125
8.080437
8.040825
8.038639
8.017804
8.259765
8.223424
8.107559
8.125827
8.039588
7.9073586
7.62016
7.6138954
7.688397
7.676981
7.7015376
7.7216897
7.7711544
7.666524
7.5607843
7.4823136
7.6487193
7.56874
7.57292
7.5245295
7.420184
7.495507
7.482423
7.315853
7.264931
7.4751325
7.6385756
7.7910123
8.016636
7.958996
7.958629
7.9307823
7.983901
8.022589
8.018946
8.032029
8.215666
8.190604
8.130489
7.8948803
7.7406883
7.595154
7.385221
7.397854
7.4187946
7.47873
7.4701376
7.628817
7.637106
7.480997
7.483902
7.3879623
7.472096
7.323855
7.4015274
7.4228845
7.3230658
7.2998495
7.431436
7.289714
7.184813
7.397054
7.536758
7.741735
7.8403754
7.8077154
7.7062297
7.7652493
7.850635
7.829505
7.869974
7.813161
7.8646936
7.7691116
7.688474
7.6790776
7.5542955
7.3794622
7.324944
7.3547554
7.459393
7.411468
7.486071
7.354808
7.440282
7.3427596
7.422761
7.286905
7.48017
7.640682
7.505191
7.394325
7.405214
7.3103642
7.1970396
7.183949
7.3113365
7.582904
7.5485234
7.786602
7.828824
7.816862
7.809476
7.82298
7.816241
7.871126
7.9252415
7.861953
7.7792635
7.753334
7.740305
7.700926
7.615723
7.4147186
7.546484
7.611392
7.75051
7.7511415
7.9969707
7.871668
8.03083
7.899658
7.8947783
7.7976465
7.743479
7.7543507
7.7305427
7.5116115
7.4075975
7.161941
7.1150627
7.187881
7.4133863
7.6692266
7.824521
7.966357
7.887721
7.78953
7.8462
7.9919105
7.8976827
7.7747383
7.9236736
7.9050345
7.703661
7.7284408
7.654848
7.6015415
7.3981566
7.394402
7.4882708
7.6366944
7.5894866
7.654576
7.762944
7.7939987
7.8090963
7.8113933
7.735613
7.676751
7.8173976
7.8271604
7.8097157
7.703651
7.7089577
7.456587
7.269371
7.3330107
7.594312
7.6242137
7.817342
7.900608
7.871485
7.837328
7.7788343
7.7610126
7.8222713
7.739693
7.8302226
7.8643947
7.7527676
7.684012
7.6250134
7.468343
7.4249725
7.549701
7.6206336
7.7700686
7.793064
7.8459616
7.8299108
7.833507
7.891901
7.786772
7.8449063
7.717318
7.8767376
7.856481
7.8027797
7.590465
7.411297
7.2248535
7.1350036
7.363437
7.5593166
7.6938825
7.840022
7.854657
7.8401194
7.903778
7.9418807
7.8986197
7.835441
7.8992605
7.874237
7.800594
7.6991625
7.5703955
7.4612317
7.3630037
7.3594685
7.4910927
7.515938
7.589505
7.709072
7.664777
7.792078
7.7867026
7.755893
7.766926
7.802509
7.7303967
7.755164
7.7812257
7.5723743
7.569581
7.5384216
7.275069
7.150125
7.3426304
7.6451893
7.855619
7.967906
7.867222
7.722004
7.687439
7.687931
7.7147202
7.658685
7.765016
7.8680525
7.9559755
7.8339305
7.8167353
7.697094
7.7106953
7.422501
7.525785
7.553746
7.652049
7.542855
7.662825
7.4999413
7.4819455
7.563868
7.4491105
7.607281
7.446927
7.577561
7.329668
7.39278
7.406781
7.329343
7.1666293
7.1315203
7.2601457
7.6017103
7.685648
7.6728544
7.684664
7.5166483
7.473679
7.4811177
7.5663633
7.634598
7.766615
8.004207
7.830757
7.8320613
7.704077
7.5639505
7.471246
7.3559265
7.4097414
7.4783006
7.5038652
7.503735
7.520013
7.477715
7.4220257
7.7039585
7.5066905
7.654396
7.7165747
7.5450068
7.6305413
7.4639225
7.455101
7.309003
7.2033563
7.158612
7.3792
7.624845
7.581172
7.7035913
7.703662
7.553099
7.5382953
7.5976334
7.6312428
7.8349366
7.7022476
7.974368
7.7704926
7.6936
7.3949876
7.4053245
7.3346467
7.445188
7.5164695
7.607202
7.5604386
7.608662
7.6089864
7.7274365
7.7237935
7.489912
7.6911793
7.5754395
7.555003
7.498898
7.292077
7.2271967
7.256004
7.1288753
6.9382157
7.0745525
7.3746986
7.555853
7.600546
7.55974
7.4850407
7.500063
7.450592
7.4775734
7.5226502
7.6728935
7.5892234
7.7134614
7.6601624
7.713897
7.5793815
7.4198656
7.201275
7.2845283
7.321169
7.362253
7.3370695
7.1847887
7.321822
7.392426
7.528833
7.3593607
7.377817
7.218391
7.4234285
7.5480866
7.3889623
7.3263383
7.2103844
7.208484
7.171896
7.180702
7.5084424
7.509005
7.607483
7.651163
7.536645
7.4765143
7.399983
7.475397
7.5233727
7.558914
7.5220733
7.653983
7.524192
7.551195
7.305631
7.1944084
6.8853374
6.9593077
7.1102552
7.1905637
7.1603475
6.924523
6.9914713
7.1556263
7.378215
7.47024
7.3990355
7.4386187
7.206607
7.277788
7.1839275
7.2483463
7.060105
7.1922607
7.0970078
7.065651
7.048241
7.240818
7.289855
7.3924227
7.348598
7.3707347
7.2712464
7.326472
7.3174195
7.3525715
7.4112554
7.4378943
7.5515585
7.5183916
7.5315146
7.4514046
7.280265
7.182542
7.321365
7.4109206
7.5173883
7.3130016
7.2822948
7.346372
7.594896
7.6971345
7.621945
7.6162505
7.6295376
7.6879697
7.5553985
7.472167
7.447362
7.4322248
7.4365807
7.3486385
7.3515086
7.5527115
7.66511
7.7218533
7.720947
7.7313867
7.6788454
7.6860294
7.651854
7.7759204
7.7250915
7.860947
7.7892046
7.7332354
7.6614833
7.5922956
7.458547
7.2323017
7.2076445
7.2010674
7.3179812
7.4131985
7.208566
7.4384184
7.1705666
7.4188957
7.312273
7.528105
7.430751
7.51518
7.4881535
7.5983577
7.536327
7.480813
7.3237944
7.4419913
7.399032
7.467306
7.7390237
8.057331
8.070959
8.07681
8.103881
8.191324
8.153361
8.201252
8.321836
8.2795315
8.147844
8.235851
8.120678
8.029355
7.8165145
7.686785
7.6939583
7.6264896
7.9207907
7.9078197
7.8711877
7.887069
7.832895
7.8694696
7.9793205
7.995817
8.012242
8.084733
7.9543743
7.930817
7.9153433
7.8439703
7.769545
7.602019
7.596283
7.7776556
7.8465633
7.9222918
7.993042
7.989974
7.9805202
7.9663596
7.9369144
7.9759083
7.939848
7.9154096
7.87962
7.8156886
7.8073106
7.8472996
7.798046
7.787874
7.7702656
7.61077
7.642161
7.7350817
7.779417
7.76478
7.7484927
7.636297
7.7547007
7.782387
7.7782993
7.730079
7.7700205
7.5765104
7.639207
7.6033974
7.6877027
7.7330246
7.7678094
7.8817534
7.9272537
8.018907
8.007153
7.9680223
8.070395
8.032979
8.006033
7.9276195
7.8507686
7.831484
7.769323
7.744866
7.74786
7.830577
7.7767334
7.759805
7.7384605
7.6527114
7.59866
7.7617936
7.7432323
7.748103
7.621274
7.55453
7.5658307
7.7434983
7.7259917
7.7623615
7.7264295
7.723263
7.6426835
7.6215944
7.6652446
7.755737
7.788981
7.9175215
7.9380956
7.970421
7.9149513
7.992919
8.002655
7.8193736
7.848603
7.729022
7.6413736
7.5720162
7.6478906
7.54963
7.5022345
7.5952663
7.5777698
7.547117
7.6096334
7.578602
7.5547695
7.6580143
7.709367
7.6414285
7.7000957
7.528628
7.527042
7.5459094
7.7165313
7.7444396
7.7245
7.804916
7.6476235
7.688394
7.7512164
7.8380284
7.8816915
7.8450994
7.887866
7.8438725
7.766038
7.766897
7.669574
7.579353
7.730647
7.6342626
7.569075
7.5998435
7.482444
7.4706306
7.380271
7.420162
7.5514865
7.515088
7.5758133
7.6232657
7.514318
7.6361194
7.7370634
7.774665
7.5745583
7.349356
7.3208427
7.420085
7.474175
7.5073185
7.5434422
7.536537
7.482032
7.3080363
7.3612595
7.4979696
7.59833
7.68252
7.741101
7.6115046
7.5302596
7.6639147
7.6550975
7.416759
7.397074
7.2240453
7.249118
7.1828017
7.1385674
7.195732
7.2254577
7.261942
7.2512455
7.220798
7.266725
7.359069
7.5507116
7.4614835
7.6422787
7.6490216
7.7836456
7.560216
7.2885485
7.3866496
7.548946
7.4467473
7.5401716
7.7077074
7.668067
7.683643
7.486218
7.3336267
7.5148654
7.6011696
7.6449084
7.7591934
7.6237864
7.469278
7.2153587
7.251365
7.241416
7.1503406
7.2186327
7.220224
7.270652
7.2203016
7.20857
7.2998457
7.308831
7.3814454
7.2047715
7.0978003
6.9815164
7.2182198
7.328013
7.4336276
7.4964237
7.551684
7.4123635
7.50912
7.463487
7.6674805
7.609248
7.5168576
7.584038
7.5760574
7.607436
7.5862455
7.313319
7.2419395
7.3581853
7.386175
7.264663
7.177601
7.106986
7.0070086
7.092241
7.059103
6.8714056
6.8204527
6.8108435
6.8652925
6.943253
6.798882
6.784034
6.8483896
6.811695
6.813918
6.7556796
6.9561777
7.027199
7.035531
7.113608
7.3986135
7.5342364
7.289468
7.3876743
7.5788703
7.512366
7.500302
7.4265428
7.480221
7.369067
7.3984847
7.2821417
7.21542
7.0218406
7.0239806
6.9630594
6.8116846
6.702381
6.5155277
6.503835
6.6435494
6.724688
6.451033
6.6281567
6.4265556
6.346269
6.394549
6.465896
6.4628577
6.5382752
6.573716
6.8263283
6.8182545
6.8348794
7.0358872
7.1643558
7.031639
7.1064634
7.1843095
7.25724
6.954327
7.2462764
7.2955723
7.1982093
7.100009
7.2716002
7.2780848
7.346011
7.081958
6.8973713
6.7657614
6.721378
6.682566
6.609288
6.476766
6.3745794
6.0483503
6.506827
6.383966
6.3911085
6.38913
6.2677903
6.2860184
6.427123
6.4586735
6.743505
6.485806
6.675895
6.703108
6.624068
6.6030226
6.581046
6.526485
6.6479883
6.6881766
6.815614
6.574263
6.7211084
6.9360003
6.9681773
7.0111933
7.0830307
7.033674
7.093422
7.063422
6.833845
6.7783766
6.84378
6.67526
6.89764
6.792325
6.714948
6.5764437
6.4873996
6.756011
6.6197057
6.541498
6.4204125
6.602433
6.488543
6.6605554
6.606433
6.781338
6.8924017
6.828074
6.6336007
6.517365
6.6065016
6.8544707
6.81996
7.117114
7.176933
7.2292514
7.077189
7.057617
7.267064
7.248408
7.23128
7.2490253
7.2045326
7.198756
7.2098656
6.882034
7.034521
6.98159
6.9742646
7.022313
6.9995036
6.9695983
6.90342
6.869772
6.871413
6.7992134
6.789033
6.7147655
6.7184815
6.809022
6.88238
6.938601
6.959823
6.9321327
6.921278
6.8244295
6.879176
6.7957115
7.109694
7.2296977
7.4107513
7.2748976
7.295663
6.795403
6.6673594
6.754773
6.635446
6.7903433
6.785456
6.908057
7.0765347
7.104379
7.0696483
6.9937053
6.968923
6.649515
6.778973
6.5204525
6.5913124
6.771246
6.56772
6.402048
6.554604
6.4461894
6.235587
6.205829
6.3776803
6.4799175
6.574249
6.5213757
6.6352425
6.5237207
6.4554906
6.5436873
6.4633713
6.8239865
6.701671
6.863517
6.837428
6.603617
6.55618
6.567331
6.464452
6.534188
6.4475384
6.4320445
6.515566
6.588935
6.473087
6.6049724
6.341124
6.3855596
6.1410007
5.8995657
5.917121
6.079673
6.3064003
6.1431646
5.9302945
6.013113
5.9214206
5.871131
5.974886
5.901213
5.8992147
5.840749
5.8601823
5.895318
5.688766
5.8580813
5.9707074
5.9438467
5.951629
6.080677
5.906878
6.0329065
5.8716316
5.9877596
6.0559626
6.0875435
6.14167
6.140345
6.20532
6.2512264
6.3023424
6.353805
6.5155125
6.315659
6.4239836
6.3088417
6.200041
6.353414
6.375143
6.2956967
6.2843003
6.3819175
6.320365
6.455641
6.3755383
6.397201
6.2644353
6.2823315
6.2442255
6.4564557
6.4652176
6.5608587
6.60183
6.600726
6.4637523
6.556574
6.3911734
6.3819733
6.1426907
6.0677767
6.179834
6.1470222
6.1287
6.1640816
6.076275
6.0680504
6.1389556
6.193909
6.273488
6.3100605
6.435234
6.4996815
6.538415
6.6243534
6.6002517
6.5513444
6.5999346
6.5905375
6.3607626
6.329055
6.543909
6.249202
6.2669873
6.2944818
6.1858554
6.253539
6.164579
6.2998533
6.1936975
6.1375017
6.1396484
6.120163
6.052458
6.0328865
5.897834
5.750672
5.7933173
5.740173
5.8875866
5.996747
6.111537
6.207126
6.33796
6.271657
6.1642942
6.3919926
6.301911
6.313956
6.341958
6.2754908
6.284215
6.2983546
6.45546
6.1395054
6.1433783
6.0451264
6.066149
6.0455265
6.236354
6.0977015
6.16488
5.9955425
5.914953
5.9023714
6.0284677
5.873949
5.8595343
5.726715
5.688337
5.51827
5.513426
5.331084
5.3357697
5.2889767
5.209681
5.079941
5.0724063
5.2106247
5.154175
5.351762
5.2187138
5.4297714
5.3979125
5.5169244
5.5845585
5.5232835
5.489242
5.362817
5.059182
4.916542
4.434767
4.7979383
4.51555
4.596508
5.0051403
5.0059958
4.933656
5.260181
5.361463
5.3766356
5.621169
5.4650774
5.949952
5.788581
6.1302915
5.62196
5.4145107
5.4028664
5.2567983
5.5188456
5.5313616
5.497699
5.4858365
5.644649
5.8874755
5.865325
6.136319
6.1281257
6.181402
6.146805
6.307809
6.3600316
6.3924804
6.418915
6.343709
6.2808914
6.2277727
6.1895227
6.3324046
6.3728113
6.419287
6.547288
6.470973
6.443712
6.395403
6.382298
6.2768426
6.3990803
6.414749
6.355961
6.3507557
6.291452
6.1081495
6.1098742
5.9839187
6.077076
6.159153
6.278281
6.3134384
6.383531
6.6112566
6.5149636
6.6515284
6.634205
6.4592476
6.6755185
6.5738893
6.617792
6.55877
6.5375724
6.265107
6.1522336
6.3647394
6.256872
6.450551
6.539661
6.6411533
6.6210856
6.646098
6.5712347
6.3660803
6.600099
6.529849
6.710808
6.455182
6.5412345
6.3911257
6.2074966
5.993453
5.926599
5.8561854
5.986843
6.138013
6.2113843
6.3235416
6.442209
6.3547587
6.3650837
6.313559
6.260086
6.3833623
6.4096966
6.4059587
6.473739
6.324946
6.174448
6.0566216
6.033141
6.270414
6.375157
6.421556
6.534369
6.671234
6.8882895
6.900455
6.896094
6.8184776
6.6729302
6.7283673
6.746051
6.622674
6.655197
6.4758735
6.3634253
6.3021355
6.1530223
6.0069523
6.1459002
6.079502
6.4490247
6.387059
6.6204753
6.5723677
6.58117
6.577129
6.6311226
6.687791
6.664004
6.739605
6.5180435
6.593037
6.3699317
6.5005255
6.5996065
6.779568
6.781804
6.7308583
6.876194
6.896371
7.115116
7.045182
6.9543085
6.9242992
6.9098225
6.7440844
6.6586065
6.539295
6.4894576
6.6244035
6.370212
6.32974
5.9776497
5.794082
5.8082595
5.9769917
6.0561485
6.279539
6.470992
6.577807
6.693041
6.697081
6.6613007
6.7098875
6.617881
6.371868
6.3383484
6.199211
6.0220976
6.1394105
6.383093
6.1676726
6.2909994
6.181293
6.375181
6.3794403
6.3101263
6.6782627
6.817851
6.8464775
6.7116313
6.8238115
6.9206424
6.99308
7.061269
6.822597
6.8620276
6.685951
6.5525117
6.4858265
6.469989
6.6411877
6.873358
6.948747
7.252063
6.9994206
6.637891
6.486338
6.365208
6.5224
6.2240047
6.292311
6.330864
6.1486
5.8730526
6.0647635
6.249598
6.5180435
6.7009845
6.598241
6.756235
6.6880856
6.8615885
6.708346
6.7969327
6.9239287
6.8586373
6.8096366
6.8614764
6.438549
5.947657
5.909339
5.816956
5.7553988
5.7574534
5.4214196
5.3726444
5.642834
5.889674
6.368215
6.5868816
6.6035185
6.636825
6.411613
6.619917
6.682777
6.835317
6.8563657
7.072495
6.886633
6.89844
6.846933
6.6889367
7.002377
7.0527267
7.4529605
7.408842
7.1882114
7.313065
7.330347
7.398131
7.436365
7.4822955
7.579448
7.528321
7.3655925
7.3279986
7.265005
7.079124
7.127863
7.2278805
7.0856466
7.031593
6.8783803
6.896522
6.916585
6.95971
6.8612585
6.976374
6.9390044
6.867235
6.5939612
6.383623
6.386478
6.468452
6.525987
6.3390226
6.2984858
6.2423997
6.0869493
6.0118437
6.0088687
5.552941
5.526742
5.7431555
5.5968623
5.748272
5.691927
5.7388573
5.830374
5.992378
6.0581164
6.0113173
6.2593107
6.277995
6.14901
6.0227075
6.2195115
6.0076914
5.9212046
5.6732416
5.514257
5.4331236
5.3941755
5.5907526
5.725632
5.894479
6.11299
6.166523
6.4418697
6.5081334
6.448708
6.407886
6.515126
6.4581385
6.519608
6.856418
7.013168
7.0824156
7.07021
7.1141953
7.1665115
7.000439
7.046486
6.9326825
7.1679854
7.239086
7.302736
7.2233777
7.2244487
7.133438
7.1622977
6.9954634
7.108324
7.179646
7.1134706
7.084757
7.1986055
6.9046283
7.0886326
7.09604
7.220717
7.0399404
6.907085
6.7130456
6.755091
6.87414
7.0162745
6.8729124
6.7169585
6.828098
6.697068
6.8469687
7.092044
7.5057054
7.4071517
7.215725
6.809773
7.0024805
6.8012943
7.0614514
7.1138186
7.2764635
7.0180798
7.029461
6.9799504
6.8798485
6.7638426
6.85413
6.7951274
6.868634
6.9297767
6.999247
7.1012764
7.18513
7.2175655
7.142517
7.14336
7.0341873
6.8803086
6.709303
6.978344
6.792586
6.841736
6.5845284
6.3375435
6.347935
6.526444
6.777302
6.881801
7.5314603
7.4754896
7.139863
6.5118623
6.8404264
6.839506
6.9000287
6.9062257
6.874775
7.0009933
6.761634
6.589121
6.356184
6.4669223
6.1021132
6.094719
6.1045117
6.2924457
6.270632
6.2266974
6.681943
6.449187
6.4223595
6.22593
6.2037225
6.2719016
6.237226
6.1556187
6.2075305
6.4493856
6.3668447
6.129309
5.7700944
6.057106
6.3250318
6.921401
6.9102325
6.999603
6.79873
6.8010406
6.6081185
6.5120497
6.7796097
7.0301685
6.872959
6.858619
6.986902
6.834369
6.5174274
6.6294622
6.6214314
6.6115274
6.4745417
6.750861
6.6892986
6.639286
6.9031754
6.623356
6.768184
6.497037
6.510487
6.2833266
6.284103
6.54828
6.514491
6.4683957
6.256981
6.06606
5.896777
5.8949227
6.154364
6.241639
6.5538588
6.596517
6.3491263
6.3271112
6.2456303
6.8097825
6.6144156
6.6548243
6.8705597
6.637144
6.6736937
6.4098983
6.2733955
6.3795333
6.210076
5.936641
6.1367416
6.1691446
6.336607
6.5167575
6.5326777
6.3413596
6.3397865
6.322037
6.2000585
6.089463
6.3425517
6.156878
6.1900487
6.175756
6.0269365
5.8625836
5.8237324
6.0425134
5.968496
6.1142454
6.3536916
6.457653
6.2270274
6.11131
6.4302125
6.4200273
6.593462
6.4402156
6.460912
6.5304503
6.433463
6.291235
6.2137814
6.1300163
6.0260735
6.019853
5.826541
5.968773
6.045961
6.3277073
6.250059
6.3643403
6.202195
6.374904
6.2776318
6.2759943
6.1503224
6.2126317
6.2348676
6.365145
6.2801337
6.000741
5.712773
5.6459594
5.4768505
5.6526976
5.534454
6.40527
6.271046
6.2656064
6.1881294
6.394066
6.609589
6.420129
6.4113817
6.3621325
6.362313
6.48495
6.1277957
6.2105007
6.209783
6.200004
6.2222824
6.312125
6.360991
6.3706837
6.1802773
6.419706
6.327667
6.2147775
6.114745
6.195733
6.2711864
6.273323
6.40332
6.430999
6.3875265
6.1915517
5.899917
5.906219
5.932207
5.9828296
5.894697
6.310964
6.674715
6.355246
6.270679
6.6776376
6.6346116
6.587891
6.612299
6.596819
6.5001445
6.6121273
6.811987
6.470727
6.3250227
6.31904
6.533013
6.645834
6.595662
6.95136
6.5800295
6.953072
6.7613306
6.703433
6.5925617
6.475851
6.507845
6.632348
6.727781
6.546703
6.44706
6.3696394
6.091451
5.9294252
5.817616
5.889866
5.8986335
5.766445
6.3541203
6.5775476
6.118601
5.9297915
6.2665224
6.3926196
6.422925
6.6074805
6.6344166
6.5279403
6.5234065
6.411239
6.3478885
6.289407
6.403397
6.562853
6.800399
6.7624435
6.7108703
6.693965
6.6718826
6.5435357
6.649539
6.5960274
6.516033
6.4570475
6.630998
6.4700594
6.529192
6.290952
6.2787356
6.037491
5.92155
5.9099874
5.6724544
5.891395
6.3125267
6.654808
6.3350663
6.276495
