10000
8.672948
8.519941
8.483223
8.587599
8.517504
8.541133
8.608244
8.539936
8.564795
8.6234045
8.622406
8.639285
8.599836
8.726588
8.62793
8.673333
8.6198635
8.605414
8.686068
8.728974
8.692012
8.707292
8.673237
8.750421
8.661171
8.789836
8.6815605
8.760564
8.731306
8.727225
8.774055
8.726227
8.632346
8.6268635
8.602633
8.600632
8.57003
8.671302
8.57007
8.614573
8.488723
8.429231
8.440737
8.401133
8.319351
8.162696
7.985493
7.6868644
7.6281805
7.6897516
7.441672
7.5288906
7.5207233
7.604634
7.5039725
7.4182997
7.3440433
7.4728074
7.5441527
7.7069297
7.827216
8.066013
7.930703
8.026393
7.9030924
7.7441683
7.26015
6.8010945
6.819795
6.449007
6.144695
6.000423
5.943225
5.889354
6.0803843
6.0933366
5.982366
5.7203803
5.694419
5.2961454
4.914968
4.7326064
4.815632
4.860773
4.823207
4.7958026
4.8102307
4.7934422
4.7797003
4.718298
4.7512527
4.8859353
4.8226056
4.8720016
4.7961483
4.8880835
4.927356
2.403861
2.450259
2.408721
2.4547725
2.3384101
2.2962136
2.3052619
2.3813043
2.2255194
2.1397476
2.299934
2.356297
2.807595
2.942227
3.0231113
3.0767033
3.011973
3.2807245
3.2662423
3.5877984
3.722592
3.7049124
3.7194095
3.768517
4.107564
3.9930596
4.1005497
4.133552
4.1840615
4.3625627
4.389085
4.6094007
4.556659
4.748069
4.96509
4.970416
4.993632
4.927174
4.7641006
4.530049
4.30893
4.152393
3.7905812
4.4790583
4.6487827
4.4361153
4.5098977
4.624879
4.5191436
4.5839295
4.4616027
4.428646
4.5265756
4.5699453
4.719307
4.532378
4.6562376
4.608514
4.822361
4.8425817
4.9813805
4.9340973
4.7253695
4.709487
4.7875032
4.994975
4.934782
4.973056
4.940358
4.8604946
4.899306
4.9554133
4.8803377
4.8816853
4.8439417
4.836255
4.7999945
4.8256783
4.8221416
4.755414
4.830925
4.7466173
4.66652
4.751496
4.537842
4.3819504
4.4962606
4.267574
4.1452427
3.9782863
4.1847878
4.1945906
4.068437
4.370061
4.39536
4.508674
4.514173
4.486657
4.6747174
4.876196
5.0309
4.9573016
4.9714293
5.095011
5.111168
5.0834427
5.1292586
5.158174
5.2458096
5.132161
5.0575657
5.0111628
5.051629
4.717529
4.504343
4.5084324
4.6748185
4.753494
5.0012517
4.3580446
4.6438904
4.596065
4.6831098
4.6630797
4.5278187
4.5379395
4.575762
4.5076504
4.319615
4.469846
4.3487597
4.2786546
4.36249
4.294729
4.3064733
4.31777
4.2909374
4.4147058
4.327344
4.2156324
4.142236
4.1330204
4.265103
4.1349883
4.1672254
4.225255
4.1799307
4.2118526
4.3247867
4.3244405
4.245853
4.3362455
5.061016
6.093035
6.096866
6.136504
6.230523
6.1250906
6.1045194
6.2809925
6.2819786
6.3144846
6.2571955
6.305429
6.408858
6.4185586
6.375667
6.3741627
6.4092355
6.419196
6.5282836
6.473983
6.4872
6.353146
6.5052266
6.663256
6.614297
6.646684
6.6178
6.639549
6.6696534
6.745568
6.7531886
6.7757926
6.785818
6.781689
6.7888746
2.1038632
4.147405
4.250798
4.205126
4.1987605
4.2376776
4.0800695
4.014196
4.416625
4.204616
4.5355344
4.4071317
5.3315806
4.299392
4.4016976
4.0599422
4.0629926
4.200857
4.1901736
4.2407646
4.3590126
4.3617644
4.478757
4.467914
4.443604
4.4954996
4.573054
4.5291524
4.6097155
4.5099974
4.6953554
4.493028
4.362743
4.28003
4.2242403
4.3263755
4.3881717
4.343332
4.4988136
4.372412
4.511009
4.474273
4.4483204
4.286331
4.3729687
4.3112144
4.310703
3.9940443
3.9586809
3.9911492
4.195008
4.2685947
4.101407
4.286904
4.2151537
4.2575397
4.417038
4.191104
4.247692
4.312782
4.4838085
4.546804
4.5914354
4.570016
4.6167474
4.6916776
4.7268744
4.869726
4.7180943
4.7871265
4.8217764
4.8041534
4.8697815
4.98069
5.0042734
4.875761
4.856134
4.8542633
4.791357
4.7744064
4.6760187
4.7007885
4.72981
4.6462235
4.733371
4.6806846
4.4689693
4.646019
4.547432
4.4932547
4.3781285
4.2395916
4.3733053
4.3741307
4.5266914
4.456174
4.614201
4.5390835
4.508534
4.6069155
4.5095086
4.3748164
4.467906
3.3865924
3.3922825
3.7204242
3.7640657
3.6894941
3.5931818
3.5889578
3.4303427
3.4879584
3.370074
3.4922404
3.4850411
3.5796046
3.6299644
3.618054
3.6036823
3.5772038
3.5218542
3.590285
3.7831922
3.8217027
3.8328612
3.686759
3.5325027
3.5539806
3.6484814
3.5557146
3.7103696
3.5569916
3.5408864
3.365251
3.5131803
3.631062
4.4076753
4.305869
4.424988
4.4430075
4.524481
4.6893215
4.590383
4.7435703
4.672882
4.6409345
4.8072667
4.7293324
4.8276467
4.8274755
4.8940296
4.7706256
4.827059
4.813255
4.8193507
4.768611
4.734491
4.815774
4.742776
4.779816
4.759782
4.7118726
4.778096
4.78054
4.7527504
4.781887
4.7288394
4.7219086
4.666898
4.785293
4.7970014
4.7472134
4.765868
4.701358
4.7532682
4.818524
4.8303514
4.853412
4.8285594
4.8135405
4.909731
4.861249
4.889947
4.8346004
4.852586
4.7210855
4.900902
4.712783
4.8144436
4.696815
4.877691
4.837699
4.8230443
4.816429
4.8365846
4.973467
4.858163
4.967619
4.922454
4.9195914
5.0495834
4.9824905
5.0106726
4.9621925
4.894386
5.1207085
5.2303047
5.203578
5.1903667
5.1631656
5.290214
5.38911
5.3384423
5.346864
5.365452
5.425867
5.504762
5.467759
5.450507
5.4088526
5.432903
5.4144826
5.173367
4.897767
4.929716
4.8491135
4.7641487
4.748413
4.62229
4.6756973
4.643458
4.603286
4.365449
4.342784
4.162284
4.1944427
4.143958
4.1476445
4.2089515
4.2242203
4.2399893
4.144041
4.099642
4.145176
4.1694574
4.1381807
4.4207616
4.43446
4.369641
4.509165
4.395275
4.3850956
4.3207173
4.2968264
4.3168287
4.310592
4.329266
4.354596
4.382739
4.3292007
4.3110924
4.3233757
4.3727474
4.387622
4.27711
4.220639
4.148438
4.1846004
4.065878
4.026002
4.0231013
3.9709027
3.9022248
3.9577308
3.8472922
3.9462276
3.8087034
3.905134
3.894109
3.8934455
3.8799326
3.9869087
3.874743
3.8472905
3.8433595
3.8173401
3.8057137
3.9356031
4.096821
4.119719
3.99115
3.8272274
3.7482617
3.5201066
3.6151164
3.739567
3.5059686
2.970116
2.9058251
3.431178
3.5171475
3.7420907
3.695219
3.5907164
3.649578
3.687753
3.7041774
3.598166
3.633741
3.689516
3.6620932
3.9944248
4.0041046
3.8599293
3.8251047
3.8660138
4.0164356
3.893978
3.8554306
3.7871025
3.8759232
3.9083214
4.1746755
4.397761
4.3955607
4.4054337
4.2103786
4.3023376
4.010295
4.0818486
3.895779
3.9051018
3.9697084
4.045423
4.1396785
4.014133
3.864394
4.265357
4.147332
4.19956
4.1142993
4.2535787
4.582379
4.4552693
4.409157
4.3129716
4.1302805
4.142877
4.2217793
4.3428264
4.296433
4.442743
4.8343887
4.901772
4.857499
4.910073
5.034046
4.848498
4.635377
4.7026224
4.754316
4.671271
4.5678873
4.202784
4.3246965
3.99006
3.3354287
3.072562
2.934811
3.1203356
2.9941673
3.2373216
3.342752
3.3912752
3.7548275
3.4175284
3.454677
3.804916
3.970283
3.5723543
3.011674
4.297037
3.9934769
3.9187715
3.6896749
3.288853
3.4302366
3.6760688
3.5055826
3.4377995
3.603371
3.799512
4.3846035
4.384014
4.631484
4.5137577
4.372015
4.6256523
4.838128
5.0123925
4.698405
3.664626
4.13383
4.1049824
4.128822
4.156486
4.1811376
4.3519826
4.383845
4.5044146
4.424261
4.359547
4.2962904
4.4500327
4.2633405
4.2926884
4.250169
4.17493
4.262763
4.172327
3.8246772
3.7687745
3.6604984
3.6516962
3.41146
3.1335144
2.988025
2.8730018
3.0731854
3.0856469
2.8498502
2.8221824
2.3027432
2.4178762
2.0155401
1.8400925
2.127965
2.9351377
3.6321673
3.734024
3.68402
3.550823
3.5686235
3.4503345
3.5764363
3.432899
3.324181
3.3629096
3.4623382
3.4783382
3.5681934
3.483416
3.5242348
3.5558891
3.4752061
3.4712002
3.4817994
3.5961812
3.5434265
3.5538833
3.620846
3.6525018
3.5402002
3.491723
3.5486097
3.5092933
3.5758772
3.5001335
3.5035024
3.452938
3.6230562
3.5150657
3.6034846
3.6487
3.6646612
3.6089582
3.688928
3.8099592
3.7757573
3.6725054
3.7302632
3.8226779
3.9257362
3.9618695
4.020477
4.099888
4.109201
4.2254114
4.1530414
4.185693
4.3129163
4.3216925
4.252988
4.2994385
4.3186703
4.5500717
4.3584967
4.5018673
4.274584
4.4276695
4.209402
4.45444
4.2825394
4.275649
4.3220687
4.229266
4.239742
4.319941
4.25329
4.3108287
4.283349
4.3401985
4.210966
4.4075065
4.2914
4.4062653
4.232361
4.3387675
4.1982746
4.3928103
4.2852516
4.4459906
4.285926
4.45497
4.3006263
4.273449
4.331248
4.282725
4.2604656
4.413763
4.1524363
4.3504333
4.1243753
4.4095287
4.196261
4.322986
4.173435
4.293213
4.3149548
4.300089
4.2163734
4.282683
4.308037
4.396907
4.253038
4.2839146
4.3460875
4.283689
4.23095
4.2359514
4.2512603
4.072518
4.1835327
4.2085013
4.168238
4.1276016
4.1742268
4.0189633
4.022242
4.0232162
4.0898266
3.9547963
3.7267447
3.7774014
3.7259414
3.6021595
3.4945514
3.8085287
3.7104776
3.9536808
4.037129
4.0492334
4.0849295
3.9781413
4.0951786
4.06879
3.8723228
3.920654
3.955718
3.9178982
3.9140844
4.0349894
3.8798144
3.8280919
3.696685
3.5746517
4.0868134
4.0596595
4.1294584
4.537202
3.8187497
3.526557
3.899985
3.743491
4.2065716
4.563242
4.7132993
3.981884
4.042713
3.686153
3.7175822
4.196137
3.6302595
3.6015909
3.6823947
3.8691142
3.617986
2.8147886
2.7209117
2.9543414
2.8621564
3.486181
3.2161872
3.103744
3.2273219
3.0391364
2.896917
3.1728787
3.3626614
3.345167
3.7624755
3.61021
3.3396401
3.5063324
3.7039456
3.3592665
3.5264452
3.25008
3.3096342
3.1807892
2.998077
3.080129
3.2460105
3.0510237
3.2773144
3.2199626
3.1773362
3.2217095
3.215331
3.183413
3.3641949
3.5771856
3.6376467
3.6535208
3.6627033
3.730548
3.6774755
3.4909534
3.428969
3.2574701
3.362521
3.3609514
3.1775465
3.1968555
3.0959163
3.0709326
3.0977333
3.1073713
3.439465
3.1628623
3.0373511
3.0271766
2.954318
2.8905802
3.09985
3.078242
2.8655891
3.2544198
3.2531462
3.4003441
3.71738
3.3120146
3.2395332
3.178771
3.4031117
3.3577745
3.5422575
3.451705
3.605609
3.697409
3.6763806
3.9332469
3.7571526
3.8320708
3.8482
3.7934217
3.8767986
3.786157
3.9168541
3.8024702
3.815502
3.9394596
4.0752196
3.9259722
3.898311
3.9400737
3.9698095
4.0156054
4.0580273
4.0198894
4.113954
4.0237117
3.9972348
4.0078297
4.0373383
4.066147
4.1035943
4.0951724
4.2168713
4.1447306
4.215213
4.059546
3.7404935
3.7998946
3.6816125
3.1897674
3.340098
3.29852
3.3400006
3.5361938
3.8336084
4.096201
4.1797705
4.247933
3.6838846
4.0056458
4.48787
4.5642285
4.6349826
4.6313477
4.714543
4.7097874
4.593961
4.711508
4.6271443
4.5792017
4.5878973
4.6255965
4.5041566
4.6381526
4.578289
4.5971813
4.6249046
4.579706
4.5673437
4.707778
4.5670247
4.6136017
4.545638
4.663399
4.6403756
4.668379
4.5125227
4.533039
5.7692547
6.4942923
6.577009
6.5284576
6.3426166
6.37436
6.3771544
6.4426093
6.504001
6.3739243
6.4272227
6.4675026
6.45321
6.3220215
6.432438
6.3956375
6.268817
6.0136366
5.7967978
5.6594815
5.359054
4.9568295
4.4802327
4.1352572
4.15399
4.1306634
4.008597
3.9838457
3.7773657
3.8434405
3.886259
3.9461336
4.1090403
4.390031
4.407731
4.7565947
4.977127
4.942501
5.1023073
5.0682554
5.5440636
5.5175714
5.9250536
6.055663
5.861874
5.995656
6.296624
6.322761
6.314698
6.335081
6.365758
6.4971476
6.469516
6.339509
6.2842264
6.283198
6.2226324
6.0667515
5.954991
5.9818892
6.0428686
6.0014043
5.907279
5.8934464
5.887132
5.8306494
5.7945056
5.8046546
5.8599625
5.8980374
5.903292
5.8824215
5.835458
5.8126116
5.772498
5.838477
5.866865
5.893509
5.850645
5.8694096
5.776767
5.675724
5.5666037
5.565143
5.571356
5.5039587
5.250221
5.207752
5.1043935
5.119684
4.991785
5.08616
5.060614
5.044533
5.001322
5.0308595
5.0331025
5.006579
4.967134
4.9034815
4.938795
4.9363947
5.024712
5.0304413
5.1075315
5.239945
5.2764935
5.308557
5.411245
5.508322
5.4329433
5.518535
5.569901
5.7268972
5.7120175
5.8978424
5.996609
6.05909
6.0460434
6.0514417
6.0927906
6.0854177
6.197338
6.1849585
6.087223
6.2382293
6.009426
5.9752684
6.088698
6.0063496
6.064492
6.088906
6.035577
5.9830756
5.9485083
5.966266
6.0810556
5.9581313
5.9746113
5.9998646
5.8840866
5.8383527
5.9040833
5.888643
5.889381
5.812095
5.922671
5.80581
5.843927
5.835151
5.8794265
5.754052
5.792241
5.8750505
5.888024
6.0093803
5.954233
5.9144726
6.045375
6.0121546
6.072168
6.1498013
6.1610293
6.075061
6.1477885
6.159159
6.151376
6.1774793
6.042079
6.0371904
5.8704896
5.9575996
5.9696355
5.902746
6.0790906
5.8690324
6.030987
5.9421844
6.0213056
5.8741975
5.8802013
6.0325327
6.052353
6.1265097
6.0252833
6.2011714
6.181897
6.0889096
6.1284385
6.0795093
6.14451
6.094945
6.0722923
6.240128
6.09689
6.219968
6.1932454
6.150135
6.125342
6.168143
6.0751967
6.124475
6.072801
6.0315175
6.0692463
6.02299
6.0573206
5.9606476
5.9720387
6.0086293
5.882453
5.959949
5.9784546
5.920183
6.03034
5.8078933
5.8532615
5.808737
5.701224
5.7081366
5.677402
5.6857142
5.831279
5.8538203
5.830189
5.8733444
5.841629
5.931782
5.845603
5.8784614
5.9091616
5.7980494
5.799302
5.9885516
5.85051
5.9470806
5.8431396
5.980241
5.891818
5.925608
5.873291
6.0573573
6.03491
6.031263
6.0100594
6.025372
6.1362815
6.1339707
5.990479
6.0022893
6.009915
6.113788
6.121264
6.1463656
6.1928463
6.0822496
6.0572767
6.1377916
6.201925
6.15868
6.1550207
6.0874896
6.0338464
5.967533
5.971941
5.9360843
6.0082507
5.8737316
5.9076185
5.930006
5.9505787
5.9127207
5.727085
5.9387875
5.780633
5.9564333
5.783225
5.9950986
5.947256
6.104639
6.0181103
6.064312
6.0088816
6.055952
5.9499083
6.0634193
5.995332
6.0505505
5.942611
6.1023264
5.9281173
6.0782223
6.044554
6.038646
5.9767685
5.9892387
5.909899
5.8705506
6.048714
5.893058
6.0146546
5.9130697
5.891841
5.966418
6.016001
5.9961076
6.116174
6.031914
6.1000786
6.093542
6.176511
6.0391574
6.143053
6.25392
6.2982297
6.120409
6.1870346
6.065821
6.1384573
6.1752443
6.236249
6.163968
6.207293
6.320835
6.2040634
6.236093
5.9640784
6.006694
5.9897194
5.905309
5.917774
5.957489
5.870449
5.8864737
5.9058166
5.9374795
5.9049444
5.92953
5.758528
5.744134
5.667529
5.587473
5.4920583
5.511466
5.572385
5.4929643
5.377148
5.6462917
5.6743283
5.752949
5.839671
5.9110093
5.80693
5.818853
5.8127437
5.848544
6.024811
6.149049
6.139142
6.271764
6.263597
6.219611
6.203433
6.0497284
6.0833473
6.013151
5.973044
6.163755
6.1896667
6.1973524
6.1944714
6.219317
6.1552715
5.912734
6.121767
6.0483
5.991007
6.0299263
6.140764
6.063789
5.7063456
5.636919
5.63776
5.489096
5.505667
5.4700513
5.4307413
5.460354
5.508772
5.483259
5.5968165
5.6105604
5.9152293
6.095584
6.3649297
6.1679053
6.1963406
6.1395216
6.308463
6.184183
6.296223
6.141554
6.2399526
6.3978405
6.3988385
6.3508205
6.35495
6.431464
6.502782
6.3909264
6.383157
6.1833777
6.171959
6.1861906
6.201306
6.1626472
6.42037
5.757391
5.6258082
5.583072
5.688696
5.670088
5.6985455
5.7945004
5.90359
6.1322374
5.818992
5.8821545
5.7875624
5.75828
6.164008
5.890791
5.664278
5.7782297
5.9215074
6.187073
6.352772
6.172303
6.153037
6.0102077
5.9225454
5.578021
5.304487
5.168579
5.1634264
5.1901917
5.191832
5.2830715
5.4755983
5.5292993
5.740872
5.884556
5.5411515
5.158737
5.179063
5.3038626
5.427656
5.257847
5.2271776
5.3621645
5.254739
5.531782
5.6369977
5.6273246
5.711571
5.7904863
5.88044
5.658598
5.6403913
5.5300593
5.5022817
5.540187
5.56633
5.472177
5.5916977
5.5258074
5.7049665
5.7070913
5.847348
5.9114614
5.8190126
6.01022
5.948981
5.707487
5.619357
5.2487707
5.2805996
5.216598
5.2757225
5.1806307
5.311895
5.271497
5.3760715
5.293024
5.266413
5.4002066
5.4678354
5.347477
5.178704
5.2211633
5.0759525
5.0794387
3.8348923
3.897563
3.8987584
3.8426611
3.89719
4.0947757
3.9282618
3.8734813
3.8663003
3.8786407
3.9220164
3.9284725
4.0066013
3.848319
3.7193937
3.5133414
3.615962
3.5974188
3.4159327
3.3974323
3.39854
3.5900693
3.5120082
3.6614127
3.9396574
3.9817429
4.3608465
4.4604173
4.161027
4.0600133
3.4322047
3.5885847
3.4810538
3.7584524
3.7333298
3.6580884
3.6709988
3.7178836
3.645223
3.8049579
3.8786616
4.0880656
4.1356177
4.104642
4.1281524
3.9587576
3.8128679
3.9051511
4.0942607
4.011404
4.0421495
3.998475
4.1283655
4.130549
4.1055512
4.057664
4.0547295
4.0917883
4.173327
4.2284694
4.2050495
4.270891
4.2492557
4.205169
4.200564
4.165993
4.1687384
4.193076
4.1958065
4.1550107
4.155973
4.1805196
4.15347
4.1692286
4.129299
4.1418595
4.1437287
4.2055435
4.1558886
4.1913013
4.10776
4.139507
4.1665645
4.1532826
4.1033697
4.160473
4.1831584
4.191377
4.18277
4.201804
4.1781917
4.214804
4.1290092
4.157116
4.177616
4.1980963
4.190387
4.137475
4.1688333
4.194881
4.069539
4.1162972
4.166173
4.1767883
4.0709825
4.1760154
4.078906
4.1762967
4.1253366
4.188806
4.128361
4.1469555
4.122923
4.1065917
4.1378574
4.1138673
4.1477823
4.1705217
4.1115227
4.1379175
4.133548
4.1970334
4.1365175
4.1548066
4.1568885
4.2389827
4.2285414
4.2447414
4.1696377
4.1953716
4.2001944
4.2157307
4.2074933
4.2180886
4.2107472
4.171536
4.232687
4.235118
4.160135
4.133561
4.200266
4.163156
4.2102666
4.185777
4.232162
4.1664624
4.2128587
4.1515255
4.2051687
4.181293
4.179488
4.1813693
4.12521
4.186264
3.0233285
2.993807
3.0845
3.1389287
3.169105
3.2342603
3.2466226
3.3480349
3.4113858
3.4170315
3.447363
3.4674172
3.5155213
3.5087118
3.531931
3.5464447
3.615667
3.625771
3.6230009
3.711827
3.6724448
3.7541294
3.6693332
3.6964014
3.6596112
3.7578368
3.6953096
3.7964885
3.7273858
3.700441
3.6765773
3.745004
3.7785144
3.7560318
3.853493
3.868844
3.8510869
3.8165967
3.8639405
3.959652
3.8707552
3.9922943
3.9594016
4.0046253
3.906137
4.0273833
4.0091977
4.0144296
4.059943
4.127901
4.061797
3.9643059
3.9343982
3.9262657
3.8816633
3.952435
3.9075086
3.9415584
3.9512258
3.9464526
3.972197
3.9904232
3.9785643
3.9901395
4.088214
4.0560856
4.125543
4.008234
4.0275526
4.0476027
3.9454074
3.9068537
3.9902415
3.8627524
3.9508102
3.9463274
4.015291
4.0282435
3.9861817
4.066997
4.108236
4.1245136
4.0954676
4.151644
4.0540395
4.0260267
4.103423
4.0487866
4.1376176
4.0453763
4.0994124
4.0756483
4.0500784
4.04175
4.008386
4.0475497
3.9214165
4.015644
4.0646157
4.059036
4.047888
4.008127
3.9880803
4.0801435
4.1058326
4.1346188
4.198028
4.214459
4.0430417
4.171776
4.133708
4.1806455
4.122376
4.1577773
4.0987053
4.006199
4.085025
4.0125117
4.0321846
4.12574
4.0828085
3.9082959
3.9380717
3.9068177
3.963019
4.0415974
3.9563198
3.996862
4.2477255
3.9233243
4.0501328
4.0047207
3.9246638
3.911101
4.153133
4.10592
4.1355257
4.1717734
4.1043563
4.1985526
4.2635255
4.2929316
3.9711988
3.9782581
3.9370217
4.067498
3.9909866
4.0380716
5.3819637
5.4352913
5.3005004
5.2157345
5.210354
5.036352
5.0265694
4.9331737
5.088274
5.1246142
5.0183573
5.003436
4.9682183
4.9993377
5.2070637
5.1007314
5.2759767
5.231891
5.338967
5.253607
5.277767
5.0839386
5.1107945
5.001823
4.9620543
4.962166
4.8890553
4.941435
4.847344
4.873251
4.7761445
4.844754
4.9303856
4.8791122
4.9053526
4.884524
4.947477
5.012735
4.951164
5.021519
5.0012283
5.0710564
5.132479
4.9917216
5.0606756
4.9992146
5.145258
5.033652
5.120347
5.077643
5.106311
5.0219455
5.1060266
5.0238523
4.9220276
4.96115
5.0253153
5.0091825
4.91707
4.9635835
4.949373
4.853396
4.943556
4.95673
4.8566475
4.8492875
4.8561397
4.9799504
4.9675245
5.0247736
4.9243317
5.1248055
4.9721093
5.135393
4.950781
5.1035943
4.9508057
5.1531544
4.985826
5.1623263
4.997803
5.1231976
4.9799128
5.09066
4.982611
5.1494384
4.961574
5.103421
4.942118
5.0041437
4.977726
5.0999923
4.905423
4.9519672
4.9011073
4.959453
4.914027
4.9968133
5.0153337
5.1031847
4.9760933
5.1407065
4.962411
5.1570005
4.9791613
5.0002346
4.929078
5.1243653
4.9532757
5.1283617
4.943419
5.0984764
5.003594
5.136558
5.0209584
5.065734
4.9992332
5.081415
4.9657497
4.941081
5.101811
4.9742165
5.098886
5.0287714
5.089758
5.0116334
5.1290913
5.076732
5.0524235
5.018186
5.1081595
5.009403
5.11347
4.957567
5.0156384
5.096817
4.9710336
5.030858
4.923019
4.854132
4.891261
4.99916
4.9978437
4.9163113
5.052803
4.8930464
5.0021086
4.9489927
5.0274515
4.950692
4.9745617
4.905573
5.0070763
4.878335
4.9444857
4.8865485
5.0107856
4.9041643
5.0520763
4.8959236
4.993469
4.9690657
4.976239
4.902651
4.9934497
4.9429345
5.0454464
4.9728255
5.061917
4.982936
5.096704
3.812781
3.7788298
3.688908
3.7038534
3.7427468
3.8072405
3.7884789
3.8613791
3.9319794
3.884859
3.9316308
3.8619657
3.8916717
3.7992299
3.8896492
3.9114542
4.021068
3.8658905
3.8710108
3.8889718
3.8646994
3.8497796
3.8084176
3.8210902
3.6823819
3.6902
3.870556
3.8042667
3.8041048
3.673658
3.8255196
3.7086911
3.789327
3.5802648
3.539016
3.3980129
3.4761226
3.4829404
3.4382823
3.372558
3.5028443
3.3559332
3.2507515
3.2214599
3.2900255
3.2931333
3.3108323
3.4877987
3.2747416
3.3065743
3.527117
3.5483148
3.6184049
3.7337503
3.6897619
3.8208137
3.9719603
4.27454
4.2706075
4.243477
4.15428
4.045058
4.0496387
4.048375
4.036841
4.162722
4.2442517
4.5889683
4.474725
4.667546
4.6002617
4.4049025
4.146827
4.1257114
3.7472558
3.4246783
3.2808535
3.091939
3.1754255
2.8630884
2.9136133
2.8363001
3.193634
3.0589828
2.9430766
2.7338328
2.4015605
2.4500763
2.4696891
2.731342
2.3391016
2.1698396
2.392245
2.3389144
2.5389671
3.1322649
3.1569073
3.3917427
3.4704974
3.6428053
3.863093
3.8781602
3.9621449
3.9357998
3.8570695
3.7517436
3.892878
3.8143213
3.82275
3.745005
3.912507
3.7992568
4.129388
4.037528
4.1910124
4.1401215
4.3945026
4.271047
4.407336
4.3964214
4.499216
4.443969
4.5539603
4.5390496
4.588071
4.6581974
4.7648373
5.0327864
5.048973
5.051159
5.116934
5.2461705
5.226166
5.2201777
5.088541
5.1849966
5.242028
5.37338
5.2933483
5.454621
5.4765205
5.5225577
5.4374433
5.348445
5.3868895
5.349302
5.411504
5.370937
5.4741488
5.3757143
5.446283
5.41681
5.3602858
5.3180475
5.385991
5.424606
5.3499956
5.425978
5.3566947
5.4548354
5.3514047
5.41983
5.4056044
5.434748
5.408737
5.3315954
5.4446898
5.497692
5.6257343
5.5642695
5.612244
5.740568
5.54372
5.5132437
5.7554803
5.7101254
5.5835037
5.647077
5.6287594
5.7986097
5.7258797
5.7459197
5.6754875
5.5221133
5.782661
5.6163263
5.703857
5.666388
5.677209
5.7197876
5.7382045
5.6429195
5.70735
5.7098355
5.5882154
5.760604
5.7429924
5.739807
5.684681
5.7415
5.538906
5.4786806
5.664175
5.5594487
5.597863
5.601079
5.415578
5.527506
5.4465685
5.530775
5.4210224
5.4755974
5.4258323
5.533678
5.428506
5.4579177
5.5035324
5.560129
5.439888
5.5858235
5.5215254
5.5889373
5.4603024
5.533094
5.5908737
5.63898
5.5880523
5.603074
5.5042157
5.617677
5.5660744
5.5631495
5.6011577
5.6178293
5.591242
5.634873
5.6314125
5.679514
5.5998583
5.6585836
5.635413
5.6053877
5.6367326
5.730644
5.7228403
5.654906
5.610096
5.7200985
5.592567
5.7277703
5.734446
5.7808895
5.6771836
5.7697845
5.715305
5.748752
5.7278204
5.8168507
5.657604
5.820209
5.769621
5.8156047
5.78812
5.869686
5.7528768
5.894929
5.9484644
5.995181
5.914766
5.998885
6.023713
6.0046587
5.892257
5.9731436
5.891473
5.9394803
5.8563623
5.8190804
5.857151
5.820163
5.824961
5.8265
5.7989745
5.8431935
5.854621
5.851407
5.803559
5.7878447
5.786601
5.894312
5.799117
5.8126373
5.7498
5.773758
5.820862
5.8801136
5.765019
5.878032
5.7969303
5.8573403
5.8446736
5.8818593
5.7573533
5.783986
5.7571588
5.85305
5.728429
5.8322263
5.7248344
5.8481426
5.763461
5.8885884
5.7447863
5.806908
5.734211
5.792897
5.6747327
5.7897563
5.6413937
5.811479
5.7434816
5.8264723
5.81078
5.7088213
5.7089195
5.8338065
5.785203
5.823432
5.816053
5.7946067
5.745894
5.692051
5.750782
5.7398396
5.773054
5.719673
5.8072615
5.6979127
5.6942368
5.7818604
5.733028
5.720374
5.7159777
5.714386
5.573925
5.728257
5.649319
5.734174
5.6904316
5.681095
5.636382
5.643359
5.6536527
5.664326
5.639584
5.7091064
5.599263
5.6348963
5.6307483
5.662773
5.5902023
5.6371737
5.6282616
5.646906
5.5959477
5.5813046
5.6713767
5.703234
5.58831
5.6795945
5.6545305
5.739752
5.712328
5.761899
5.71201
5.6843925
5.547578
5.703891
5.481641
5.652086
5.620414
5.644497
5.6628513
5.6611233
5.619645
5.652067
5.7196693
5.604013
5.7103806
5.5688367
5.7204394
5.636007
5.7117815
5.622329
5.7390227
5.5761895
5.6355295
5.650334
5.536875
5.5276146
5.4946814
5.500271
5.7293673
5.5127063
5.7641325
5.6661525
5.8865247
5.7926917
5.8643117
5.862241
5.9580355
5.855043
5.8182483
5.8210335
5.754782
5.8583717
5.8138986
5.765514
5.7996635
5.6677847
5.3935156
5.493167
5.4671926
5.635262
5.577979
5.7298684
5.8160243
5.8834925
5.860366
5.9123077
5.735823
5.7573724
5.7264953
5.735551
5.7504697
5.7071924
5.568871
5.578971
5.535016
5.5798173
5.5692654
5.6476974
5.801304
5.7150116
5.613146
5.6238346
5.760028
5.706733
5.6996646
5.6716104
5.657487
5.7598405
5.780324
5.719733
5.7218947
5.753213
5.6611676
5.6965227
5.6472125
5.6908364
5.5850077
5.6314697
5.6335273
5.677603
5.6610856
5.7280273
5.750672
5.6979275
5.7166367
5.6554947
5.7225738
5.6627316
5.655313
5.6281276
5.646211
5.7056665
5.6703916
5.6656566
5.6179423
5.697083
5.6764393
5.6530232
5.6458178
5.701785
5.66903
5.6878667
5.626589
5.658257
5.676398
5.6551185
5.6691003
5.6319675
5.65331
5.6653643
5.707967
5.725475
5.7235007
5.7332554
5.719065
5.6756816
5.6838765
5.6627007
5.701103
5.7042418
5.6872153
5.6954155
5.7763433
5.752673
5.7724905
5.837901
5.757943
5.8460836
5.758106
5.7223024
5.6449904
5.485668
5.6473646
5.600373
5.630198
5.9096217
5.76271
5.5789704
5.4135146
5.4508476
5.229939
4.9623804
3.1853921
3.3449848
3.324004
3.3899434
3.463642
3.3845563
3.4426537
3.5359623
3.4440343
3.4446154
3.3889441
3.440421
3.3717532
3.4007154
3.2420816
3.40261
3.2690663
3.3866327
3.4026005
3.5023563
3.4357753
3.4654667
3.4326005
3.5141158
3.4021897
3.5176482
3.535445
3.533493
3.4894009
3.4400375
3.6098216
3.543137
3.622942
3.615097
3.5268385
3.5646143
3.5601573
3.5676572
3.4903216
3.4797342
3.474018
3.4515913
3.4346628
3.5336754
3.4742172
3.446663
3.399972
3.3783712
3.3448381
3.3936517
3.42393
3.5160391
3.5076237
3.517693
3.4731226
3.453326
3.4326134
3.472796
3.513496
3.516797
3.434711
3.495862
3.5208917
3.5559754
3.5761232
3.4815695
3.5778625
3.6227977
3.639026
3.5441368
3.6326904
3.5843863
3.6078613
3.5764825
3.5760338
3.5445309
3.5741146
3.5223393
3.5747488
3.5568962
3.557338
3.5863943
3.5489538
3.5749407
3.5672936
3.7170315
3.6209164
3.617897
3.6584582
3.704693
3.6409283
3.6327484
3.6864994
3.693265
3.629993
3.6743245
3.6191487
3.619012
3.6285627
3.6216364
3.6310878
3.6507363
3.635645
3.6406786
3.6999483
3.6054735
3.594972
3.6109407
3.6827192
3.5741594
3.6870136
3.6415367
3.6718748
3.6624105
3.7081833
3.6766207
3.6760962
3.6873302
3.7347229
3.7016473
3.7429402
3.6610045
3.6309755
3.721737
3.779484
3.7111125
3.762544
3.7944372
3.8301857
3.8726923
3.8004134
3.7227483
3.7889538
3.7279677
3.7098465
3.756463
3.678223
3.6977856
3.6517532
3.5897899
3.625454
3.5906203
3.6067924
3.6111002
3.6160724
3.6200943
3.6125138
3.644947
3.5577722
3.5844417
3.6926415
3.745549
3.6517303
3.670146
3.650856
3.5679111
3.5146325
3.7085142
3.5258963
3.671844
3.529806
3.6112947
3.5075848
3.5047572
3.6416748
3.4985943
3.6014235
3.6267896
3.6118212
3.637785
3.6358232
3.5831134
3.6146996
3.5631652
3.5513039
3.5879803
3.5884197
3.6141336
3.600144
3.5743942
3.522437
3.5045173
3.5700738
3.544301
3.5743024
3.5646029
3.6494567
3.5789208
3.5664887
3.52918
3.550933
3.5556746
3.5833833
3.629856
3.6583083
3.6836102
3.6769013
3.711633
3.7455797
3.6661313
3.7471304
3.8022478
3.6977055
3.6840034
3.772546
3.6615727
3.6985304
3.7990139
3.7330165
3.7770455
3.6813226
3.6688313
3.699041
3.7132638
3.7100377
3.7360647
3.6935823
3.7103848
3.6659381
3.7243912
3.6904712
3.69652
3.6986413
3.7049193
3.6518626
3.6324472
3.6470766
3.684346
3.6154513
3.6014528
3.6122339
3.6454296
3.626664
3.5800276
3.622663
3.6679666
3.5904748
3.6756334
3.6757693
3.5965166
3.6469307
3.62137
3.6111119
3.578799
3.596589
3.6232169
3.5796244
3.640619
3.5463514
3.5764813
3.5865083
3.5763783
3.6075294
3.5855446
3.6201954
3.598712
3.7213671
3.6108744
3.6564465
3.639146
3.6866534
3.692553
3.6459236
3.3862906
3.4085948
3.4761138
3.331864
3.3768983
3.2730134
3.3303506
3.4264836
3.2363095
3.2003093
3.1943944
3.2908986
3.2034287
3.215304
3.229743
3.2332375
3.196669
3.3101451
3.2449431
3.2745316
3.1271176
3.1578043
3.1820848
3.168182
3.1280475
4.765889
4.6658144
4.666706
4.585134
4.7101564
4.671184
4.7092724
4.6716967
4.714862
4.663608
4.7013946
4.6615195
4.7121906
4.7172537
4.711581
4.6845245
4.6716523
4.6390543
4.7149115
4.6809535
4.769086
4.76961
4.807711
4.75513
4.7863
4.8414254
4.7887764
4.7793384
4.807865
4.7623463
4.826756
4.8376265
4.796237
4.756673
4.8213654
4.8007097
4.793218
4.777778
4.8187304
4.7989273
4.8086143
4.7136326
4.7408943
4.750506
4.7969513
4.73057
4.731935
4.6932735
4.7078443
4.746164
4.8331695
4.852785
4.834208
4.823431
4.8498344
4.7526283
4.7388477
4.733387
4.7997637
4.76458
4.692319
4.904819
4.7139473
4.7688446
4.6693926
4.746326
4.615491
4.7562
4.623598
4.689577
4.6734977
4.7478166
4.701559
4.7310367
4.6876645
4.5997086
4.645828
4.5156255
4.682618
4.6316786
4.590207
4.628623
4.6421685
4.618331
4.6521688
4.4461927
4.560361
4.5152884
4.489313
4.5038447
4.5541677
4.640574
4.5507965
4.6091056
4.6059103
4.630675
4.7264996
4.6547112
4.757453
4.642129
4.806934
4.797117
4.8397202
4.78342
4.858914
4.6696386
4.5673685
4.6024756
4.614436
4.726795
4.6945925
4.875
4.8364697
4.795385
4.808118
4.7580185
4.8247437
4.8206253
4.7926726
4.7312126
4.847845
4.7500696
4.8268785
4.8376083
4.7854624
4.8844686
4.7968044
4.8409233
4.820921
4.8713202
4.8519373
4.865481
4.825414
4.8052387
4.8406053
4.764869
4.8488154
4.941236
4.8703284
4.937455
4.832068
4.935411
4.8733525
4.9030824
4.8701515
4.8989987
4.87131
4.8858995
4.833835
4.9239907
4.856516
4.887158
4.8864965
4.9641066
4.9896793
4.9438643
4.8902264
4.944128
4.9074907
5.0462074
4.889398
4.8983655
4.826754
4.9808125
4.8520412
4.918673
4.851913
4.89805
4.887008
4.849791
4.884675
4.9692445
4.966116
4.9662056
5.0704355
4.868433
4.9283113
4.9563823
4.9362063
4.887988
4.9411745
4.846019
4.9009385
4.8914657
4.777249
4.945486
4.9843874
4.975243
4.946512
5.031376
5.098201
5.085204
5.043575
5.0343876
5.0912976
5.1031322
4.9722843
5.0271945
5.0738277
5.1815414
5.147675
5.0355797
4.961115
5.031492
5.0989165
5.1014676
5.1245446
5.095001
5.0686245
5.0564194
5.0393224
5.052225
5.015421
4.9929886
5.0745487
5.013149
5.0351205
4.963583
5.042225
5.020451
5.043324
5.045473
4.9916415
4.969758
4.966453
5.0495954
4.975115
4.975833
4.985788
4.9575295
4.9746275
4.88439
4.9755917
4.8279943
4.968467
4.876258
4.814599
4.854973
4.971072
4.87789
4.9522715
4.8602347
4.924863
4.9014835
4.8924603
4.9691353
4.8778057
4.9758573
4.89498
4.961576
4.885312
4.93392
4.941753
4.9011574
4.889826
4.938908
4.8671675
4.925975
4.796982
4.912714
4.881658
4.9034877
4.908107
4.8352375
4.9971366
4.9601073
5.0206485
4.834182
5.0555525
4.9669595
5.0092597
4.9062996
4.957033
4.9025235
4.9813976
4.942254
4.931411
5.038892
4.9366713
5.00731
4.930972
5.0029907
4.9387355
5.059556
4.8813453
4.9392643
4.852195
4.9510865
4.8922505
4.9843016
4.8159266
4.9207773
4.835657
4.9813566
4.8562474
4.985905
4.8329353
4.9809213
4.79066
4.8959184
4.8716
4.9548535
4.8194532
4.9240026
4.895637
4.9305162
4.911933
4.904006
4.9195747
4.988555
4.8859024
4.930697
4.947082
4.91086
4.8985944
4.8762913
4.882793
4.8789015
4.762679
4.9410005
4.9440117
4.887779
4.906971
4.7438507
4.7435737
4.892089
4.8470297
4.765286
4.7882915
4.9358854
4.7364545
4.727108
4.8580112
4.6193767
4.7319
4.8363113
4.7121463
4.659694
4.7386518
4.808433
4.712895
4.631616
4.6388774
4.8137164
4.613947
4.804164
4.5513835
4.6215167
4.6171646
4.8248467
4.5355225
4.587689
4.639615
4.7491393
4.751585
4.7763543
4.631633
4.815629
4.6085753
3.1537979
3.1785867
3.2230656
3.2103763
3.1894755
3.2765827
3.287696
3.3241174
3.3500934
3.3197825
3.2994404
3.309253
3.2960877
3.238875
3.0816486
3.0904157
3.1517184
3.1557744
3.2340636
3.1948338
3.234074
3.2349284
3.194494
3.0703647
3.1130123
3.096003
3.0873256
3.0645976
3.0352871
2.9788368
3.0731368
3.1151612
2.9925256
3.0599303
3.1257768
3.0602248
2.938087
2.9556704
2.9879265
3.0003102
2.9719012
3.0269053
2.9891613
3.089952
3.0762296
3.0838282
3.0434194
4.0100183
4.1098065
4.0814476
4.13962
4.096317
4.180031
4.152987
4.1847415
4.151456
4.040513
4.1044927
4.049005
4.0916295
4.083781
4.0948653
4.138949
4.1277437
4.145403
4.1144557
4.1365695
4.1612263
4.142044
4.1424794
4.101685
4.1589546
4.131346
4.189626
4.223242
4.1406026
4.2251234
4.121481
4.180282
4.213967
4.3062983
4.246017
4.180834
4.2355485
4.3058105
4.1931963
4.1593795
4.2265477
4.192039
4.1485057
4.123881
4.208576
4.091137
4.1981044
4.1464176
4.1259327
4.220656
4.2157154
4.2636895
4.2603507
4.155919
4.114766
4.1483426
4.103894
4.1412244
4.1481123
4.1401043
4.106871
4.177327
4.1059136
4.151483
4.1844907
4.1326795
4.2271967
4.170385
4.163032
4.227814
4.1340413
4.212674
4.1569004
4.2146063
4.2214384
4.198607
4.2923894
4.227738
3.8257327
3.6044245
3.6665065
3.625406
3.5637283
3.5607858
3.5834732
3.611133
3.5922487
3.5773456
3.5792828
3.617883
3.5160396
3.5858102
3.6096427
3.551629
3.4289632
3.3856485
3.419025
3.414009
3.442729
3.4387174
3.5123758
3.4586568
3.5394864
3.4928987
3.435998
3.4563966
3.401378
3.4309661
3.2465937
3.290031
3.1844091
2.9941356
2.9347982
2.9725974
2.9233801
3.0539887
3.0282776
2.890219
3.0213764
2.9890232
2.8654075
2.893919
2.8297641
2.9659038
2.8262498
2.8261685
2.825252
2.7732522
2.7249284
2.7843065
2.7644212
2.839572
2.8914678
2.7884126
2.8446174
2.734522
2.8188128
2.8266144
2.7486432
2.7591145
2.7402942
2.7639928
2.743544
2.7648923
2.7032325
2.7392364
2.7836103
2.8432195
2.754253
2.8611665
4.35313
4.382115
4.2708097
4.3382645
4.369523
4.3686647
4.385261
4.402346
4.3723245
4.3560543
4.432419
4.441365
4.444721
4.5335226
4.518283
4.4937797
4.406034
4.439808
4.3981237
4.335945
4.3391333
4.30483
4.3869877
4.325564
4.2706285
4.3228683
4.2921343
4.3568344
4.31895
4.353977
4.338023
4.3668275
4.355283
4.4310513
4.4229393
4.38903
4.3331547
4.3584228
4.298253
4.3312836
4.365571
4.480235
4.424143
4.3996687
4.3995047
4.516713
4.4353466
4.4505196
4.4725413
4.5342913
4.572468
4.643404
4.633001
4.585077
4.561002
4.718026
4.690716
4.726925
4.6769376
4.7459016
4.748801
4.6186743
4.7807245
4.6161623
4.7305217
4.589366
4.6485815
4.563042
4.606454
4.676688
4.580188
4.63369
4.6312017
4.619628
4.6090574
4.666731
4.600925
4.6920614
4.610574
4.644527
4.6214094
4.701894
4.6043015
4.6454678
4.474235
4.648595
4.5506372
4.6533875
4.52907
4.6481276
4.6219826
4.6103315
4.551882
4.6121645
4.5312023
4.6287055
4.574302
4.607734
4.589429
4.658764
4.5486894
4.6070857
4.6088095
4.6643286
4.5934267
4.709425
4.5314927
4.6783895
4.5466847
4.6801805
4.503521
4.6912675
4.515403
4.684494
4.494138
4.6494603
4.467607
4.7347174
4.488695
4.666153
4.4813175
4.600917
4.433376
4.6671734
4.4600973
4.6782207
4.5324507
4.642535
4.4541416
4.6797676
4.4149895
4.545501
4.4159384
4.648842
4.4025745
4.511899
4.421179
4.417308
4.447405
4.514751
4.4234753
4.548521
4.3733225
4.689488
4.4225335
4.6896057
4.408324
4.712155
4.3805447
4.539137
4.3853474
4.5993934
4.397674
4.563549
4.4034104
4.5358715
4.3772564
4.619982
4.3754563
4.5121417
4.43258
4.505928
4.454902
4.454156
4.4348316
4.398673
4.5325947
4.427954
4.5375853
4.411442
4.3941107
4.513166
4.5153246
4.585698
4.4647775
4.5082784
4.4429216
4.499978
4.6546307
4.727388
4.632894
4.717777
4.726229
4.652006
4.725275
4.7011786
4.7548122
4.6763697
4.7453127
4.6639433
4.7375517
4.649709
4.752855
4.6609106
4.7690763
4.621545
4.782406
4.720318
4.798653
4.7738476
4.852738
4.7384543
4.8267593
4.7955103
4.8563023
4.818081
4.810952
4.7710767
4.8021374
4.7854896
4.7797227
4.7117767
4.795577
4.761232
4.760956
4.7446456
4.7751236
4.780914
4.807649
4.9292574
4.74721
4.840648
4.7510653
4.810644
4.7807884
4.8389273
4.752766
4.85548
4.7852926
4.8507433
4.7881193
4.8467655
4.72523
4.8486094
4.7848835
4.8239737
4.8498898
4.7900248
4.846083
4.866405
4.802747
4.9502907
4.907864
4.92898
4.842606
4.91189
4.886863
4.943618
4.873645
4.9864407
4.9141884
4.9410744
4.979286
4.972149
4.853414
5.03776
4.8709607
5.0978107
4.9521785
4.9538083
4.9992065
5.0177555
5.0393195
4.9749537
5.0884266
5.0944133
5.0542774
5.0242367
4.986782
5.063554
5.035804
5.106284
5.0836596
5.1210775
5.163019
5.1750016
5.149064
5.273492
5.2048597
5.2246456
5.265731
5.264353
5.41458
5.2325087
5.327787
5.213534
5.3595943
5.2135158
5.2940316
5.2430186
5.345619
5.2297096
5.346305
5.1794763
5.320302
5.290063
5.3500805
5.290942
5.317685
5.219493
5.289663
5.3360066
5.2378426
5.2695537
5.2577467
5.2553153
5.2877517
5.1775665
5.1349998
5.3167377
5.123764
5.1699166
5.2635446
5.343356
5.218048
5.23016
5.2453833
5.3403206
5.2105694
5.287776
5.3024883
5.292247
5.2852645
5.2024918
5.3306174
5.3452373
5.3562117
5.267877
5.310094
5.239903
5.267602
5.1919427
5.33299
5.3074536
5.226668
5.3458185
5.3235397
5.2524633
5.166416
5.229693
5.2110567
5.225869
5.2321024
5.157287
5.1784496
5.178829
5.1585913
5.097316
5.057714
5.005265
5.075367
5.2091503
5.0447
5.1455207
4.9945416
4.9687085
4.9973845
5.0343127
5.028303
4.993974
5.0130625
5.040436
5.0403137
5.0014963
5.0484667
5.082988
5.0381413
4.9373646
4.8740773
4.9754295
4.8853455
4.9899836
5.048523
4.915107
4.9845386
5.101205
5.0529366
4.912449
4.985883
4.8937354
4.925479
4.9169436
4.9615636
4.953946
4.912371
4.8884254
5.0367208
5.0874085
5.1099606
5.0789056
5.111228
5.0906696
5.083148
5.009479
5.050359
5.22296
5.158133
5.041927
5.086195
5.080997
5.1422367
5.080184
5.161895
5.1923466
5.185503
5.15201
5.216054
5.226575
5.18457
5.214348
5.243038
5.209476
5.121498
5.0435934
5.13099
5.0570726
5.1321764
5.107494
5.0813994
5.0866747
5.083078
5.143909
5.052755
5.1282663
5.1268687
5.120403
5.053707
5.152396
5.125985
5.2008014
5.156866
5.1655498
5.1368713
5.1250696
5.0689564
5.0652714
5.1303287
5.090417
5.191425
5.094699
5.102091
5.0448427
5.135046
5.078597
5.1129737
5.161165
5.2322354
5.2523036
5.2576447
5.194653
5.242323
5.233742
5.2685986
5.1646023
5.1567183
5.2642164
5.1458054
5.2378826
5.2116814
5.3254566
5.2495213
5.292389
5.1294446
5.2714176
5.2037134
5.3286943
5.1387467
5.3243394
5.1962905
5.2590256
5.263368
5.2504053
5.1965923
5.2373857
5.2044396
5.208478
5.2566133
5.2904096
2.5243995
2.5076642
2.5364847
2.5719557
2.4365244
2.4704401
2.631702
2.5504892
2.5816245
2.6617045
2.683774
2.7789927
2.7732954
2.6162422
2.797416
2.7796538
2.8303995
2.7493453
2.7479649
2.8277547
2.7991805
2.7630813
2.824894
2.8288462
2.6731062
2.7176862
2.7274642
2.613073
2.659322
2.6483345
2.430301
2.5425007
2.589484
2.5720081
2.493104
2.3397202
