10000
7.75108
7.73318
7.4744253
7.2913327
7.189029
6.898941
6.579673
6.540404
6.674879
6.9067216
6.985797
7.1258307
7.1689034
7.172596
7.251164
7.314251
7.1581984
7.0384502
7.1955576
7.1990213
7.644446
7.7098117
7.59581
6.9269104
6.234669
7.2089906
7.5740743
7.577051
7.414282
5.995173
4.1520224
4.1454315
4.700843
4.7014494
5.081332
5.3292456
5.336009
5.283964
5.243577
5.1320252
5.063401
5.121654
5.4639683
5.106758
3.5574136
3.627434
3.8838124
4.2038608
4.643856
5.0964055
5.4842467
5.984157
6.175478
5.790597
5.147034
4.868148
4.8048577
4.8775725
4.798848
4.8030577
4.804187
4.972337
5.252071
5.3100567
5.7533526
5.925159
6.116648
6.049237
5.9336014
6.217845
6.3947287
6.420307
6.525711
6.8028536
6.878308
6.9297886
7.203401
7.4040804
7.3063807
6.8566093
6.1475306
5.079769
4.9509645
5.3582883
4.738325
4.4011874
4.1803713
4.24529
4.10605
3.5669644
3.9484534
4.386664
4.4155407
4.1054525
3.1947923
4.092158
4.5375996
5.063417
5.255559
5.208395
4.906999
4.169186
5.241628
5.7356234
6.509245
7.2645035
7.976737
8.164653
8.302169
8.204447
7.4798856
7.4601607
7.8703365
7.4883256
7.0972753
7.0758305
7.247604
7.7446494
7.787405
7.474344
7.320269
7.214159
7.556147
8.000209
7.8778677
7.760161
7.6665945
7.4922814
7.5486765
7.4269114
6.982426
6.073064
4.4084363
3.6196635
3.5083175
3.1097345
2.5608907
2.5573728
2.576426
2.7940786
2.7934954
2.6114478
2.610114
2.822165
2.5245023
2.7499683
2.7872047
2.6314027
2.9320269
0.6080831
0.6426019
0.5968319
0.5985082
0.5865519
0.57520366
0.6099713
0.53691804
0.4911863
0.4856556
0.43606213
0.4574937
0.4466064
0.43168342
0.43900046
0.46518826
0.55889946
0.52270085
0.5154571
2.535214
3.1543694
3.6893027
3.6911216
3.3078187
3.604598
3.4252033
3.4897141
3.5487218
4.0239387
5.2176023
6.682762
7.5218487
7.2101145
6.9978766
7.3898177
7.0433292
6.6404953
6.2491627
6.515855
6.6632495
6.7778606
6.573101
6.262087
6.004977
6.100903
6.057239
5.8994412
5.698058
5.825347
5.7128954
5.6507287
4.003859
2.890848
2.4941962
0.26502356
0.2941633
0.30145988
0.29845127
0.38654986
0.397396
0.39211106
0.3759411
0.31926447
0.35160732
0.3207844
0.3425889
0.38191336
0.37647572
0.40724236
0.38820976
0.39293876
0.40851656
0.41341057
0.3894023
0.40495837
0.46191564
0.474733
0.5268675
0.5066525
0.5167716
0.5549641
0.5625376
0.556106
0.53933245
0.5414796
0.57471097
0.5865151
0.5305862
0.5539337
0.51572967
0.51945966
0.44411722
0.54353946
0.5623822
0.39021325
0.39667943
0.382022
0.37045935
0.35292
0.38868198
0.3760682
0.3694762
0.37147695
0.38738444
0.3586937
0.34825176
0.3056432
0.31870437
0.37546855
0.3280406
0.3453856
0.30105054
0.34241983
0.33373976
0.3329755
0.32456726
0.29819882
0.30014253
0.34762213
0.3572218
0.317988
0.33517167
0.3101917
0.26915622
0.26691645
0.27484605
0.23727174
0.26143363
0.27198657
0.31140035
0.32729614
0.30489343
0.28358242
0.2786625
0.28753784
0.2817344
0.28049096
0.27556664
0.2974853
0.2943486
0.28041866
0.30484107
0.2962219
0.34734383
0.30555886
0.34538576
0.3770109
0.3824967
0.3819915
0.34071633
0.35243678
0.32225463
0.33397576
0.31076315
0.31885013
0.35234836
0.35161188
2.1939816
4.208603
4.2794065
3.602792
3.651554
3.6542614
3.25056
3.9297032
4.0535116
4.0412464
4.1216226
4.192751
3.4769592
3.4152503
3.0351522
3.333858
2.985257
3.1835654
2.9917054
3.4223797
4.2218986
4.4391804
4.682876
2.7932165
3.1473322
3.1773157
2.7267752
3.6050935
3.943781
3.3666422
3.2775412
3.4474096
3.5218732
3.0225763
2.9173653
3.2084556
3.396847
3.2438693
2.9305105
1.9147012
1.3081819
1.3431712
1.2669435
1.4417418
2.9541557
2.7102227
3.2506688
3.0064163
3.763849
3.6777222
3.533999
4.1199126
3.0391781
2.718668
2.9694529
3.0655336
2.8594096
3.0429776
3.2816703
3.4891274
4.308986
4.4452314
3.514861
3.944131
4.1453085
3.23618
3.6393962
3.986674
4.4922447
5.1896496
2.4867442
3.563513
4.1302304
4.263286
1.445557
0.4774567
0.77789557
0.40423235
0.68814176
0.40740618
0.63369507
0.2899667
1.234502
3.2049599
4.0422735
4.428612
3.8330278
3.7885165
3.162026
2.928341
2.6766326
2.6013358
2.5922446
2.3301668
2.3896153
2.978786
3.2701685
3.1322558
3.1632226
3.3663104
3.6225064
3.8341427
3.4778647
3.3528192
3.79166
3.4666746
3.1045985
3.5010977
4.922569
4.984361
0.8259374
0.7568444
0.848463
0.8718778
0.7114004
0.9493185
0.7268455
0.8809753
0.8125134
0.76505816
0.7270407
2.0342553
2.447022
3.014716
4.4379797
4.8066354
3.470696
2.9122899
4.6132045
4.6972723
3.993564
3.0122793
2.9866858
3.2337797
3.1898022
2.4298158
4.0685763
6.0745234
5.184102
3.7317238
2.6456227
3.401862
3.331341
2.3841043
3.599595
4.2899594
3.1415334
3.79965
2.8982036
2.4863513
2.9918594
2.6102471
3.2277055
3.1747684
2.9441705
2.8734658
4.3704085
3.5256631
3.537006
3.3158715
3.2111976
3.1432252
2.7032526
2.7801597
2.960217
2.975188
2.9111152
2.3577566
2.5884943
0.5778579
0.9631771
0.93714
0.9787777
0.95359164
0.8556599
1.0109628
0.90225655
0.9649978
0.979858
0.91488135
0.94225025
0.79165053
0.7379938
0.68409705
0.6061293
0.6239887
0.5547905
0.6035834
0.6663498
0.60637015
0.65389276
0.6518002
0.6281856
0.6785417
0.68057317
0.75306094
0.6583296
0.69920367
3.0132322
2.6670046
5.1292305
5.3515825
4.919331
3.850943
4.0962706
3.199507
2.2711606
3.2952926
3.8543146
4.101742
3.5509257
3.1835184
2.6747932
2.7420545
2.9494016
3.2252119
3.3455768
3.0201974
2.9047732
2.4933631
2.4121976
2.3952978
2.9253442
3.5009203
3.7603915
3.45839
3.274969
4.353745
4.7285275
4.484906
4.1759815
2.684001
4.3254123
2.8092303
1.9316458
1.5696031
1.9674743
2.1079268
2.8021836
4.6800613
4.7876897
4.9755077
5.8320017
3.4144132
3.6907363
1.811231
2.6530292
2.401732
2.99555
4.123685
4.5973825
4.1281195
4.2936006
4.516035
4.2502966
4.470646
4.4917636
4.4403944
4.43998
3.9716022
3.72753
3.4137712
4.1007075
4.803889
5.8472214
6.1974015
6.5143313
6.4389315
6.07912
5.922154
5.9269295
5.6740866
5.790046
5.880598
5.771849
5.803719
6.0126867
5.284566
4.8656797
4.4337606
4.3228593
3.7552476
2.6866715
0.8570988
0.76701176
0.79447895
0.9027544
0.85109484
0.94266725
0.99278367
1.0293593
1.0608385
0.99286604
0.8502594
0.89692473
0.9234975
3.25173
3.1756086
2.904917
2.8286557
3.8723845
3.58054
2.7727437
2.919933
3.0844574
3.1327345
3.1014657
3.1487052
3.0214283
2.9265213
2.8397658
2.8938055
2.9096882
3.052823
3.1176348
3.126775
3.0062518
2.930198
2.8432724
2.8730495
3.0450833
3.0212512
3.469426
3.9066443
3.762263
3.2963169
2.9655952
2.9199028
2.8131266
2.687999
2.8378747
3.1154068
3.573108
3.961969
3.9973958
3.7253335
3.9226658
3.7603347
3.6287732
3.4865303
3.2506547
3.010338
3.0076923
3.069235
3.344683
3.5051403
3.8505673
3.6724932
3.557161
3.6193488
3.5425868
3.5303712
3.5390322
3.5865958
3.6332638
3.7135637
4.0941863
4.099441
4.231048
4.349457
3.9429808
4.0554934
3.8636854
4.0329924
4.0504313
3.8186567
3.904549
3.8536973
3.7527015
3.6744363
3.633603
4.1012487
3.5761662
3.3085132
3.163173
3.37257
2.9477592
3.0623708
3.1626353
3.135065
3.4483562
3.3701837
3.038321
2.6094234
2.8256662
3.141811
3.3811948
3.4312515
3.4201002
3.3935971
3.7034838
4.0897026
4.314554
4.74414
4.9457636
4.8850546
5.2742996
5.046447
4.9202557
4.7781878
4.7823114
4.811911
4.1639543
4.210472
4.2766285
4.140917
3.9383748
3.6505675
4.010883
4.5880895
4.670409
4.3310986
4.0204782
3.8708422
3.5587542
3.4639585
3.5825963
3.6192017
3.352356
3.9398866
4.109832
3.9265103
4.1397133
3.8465605
3.6335297
3.7392108
4.200471
4.1107965
3.8188653
3.71022
3.9013233
3.764217
4.1155524
4.7481027
4.7696557
4.908223
4.989171
4.933335
5.057785
5.1659923
5.3227024
5.403142
5.4394903
5.391551
5.450021
5.5257435
5.720474
4.888359
3.6695974
3.9564319
3.9155693
3.8026597
4.0504217
4.128031
4.0361423
3.5161283
3.4625635
3.8567576
4.102028
4.2702055
4.3010654
4.0105743
3.9838371
3.229816
3.357195
4.0589366
4.0530906
3.8674011
3.6623116
3.8756568
3.8503685
4.10272
4.083078
3.796436
3.618465
3.1527424
2.9570541
2.9570024
3.1378386
3.0165927
3.143727
2.8296845
3.273024
2.704289
2.7285216
3.6783102
3.7228212
3.6432922
2.8856046
2.9692178
2.8258216
2.9554737
2.8571184
2.885943
3.1308246
2.6428256
2.7277184
3.0499492
3.3525457
3.7723768
3.0871763
3.9490702
3.3897226
3.1359355
4.0276804
2.9988267
2.7201705
2.8828516
2.7979012
3.9633708
5.1710215
3.62218
4.381656
1.057674
1.083128
1.1334608
1.4501559
1.1278704
1.1730753
1.2797917
1.125595
1.236966
1.2485625
1.3411891
1.0917952
1.0808303
1.3277688
1.4138248
1.3441907
1.2922012
1.0566812
1.1807446
1.1402092
1.1200023
1.245555
0.98544514
1.0597322
0.8439061
1.2289022
1.1848803
1.2113527
1.2280641
1.141891
1.0477225
0.88013554
0.91509885
1.0356197
1.1666011
0.9893485
0.7535709
0.75768983
0.7269403
0.76481855
0.78206146
0.80303806
1.0015928
0.9281553
0.6974608
0.9459786
0.95119774
0.7482414
0.87712616
0.7051583
0.594496
0.78266954
0.87560105
0.8438847
0.8702081
0.85942
0.87090075
0.68053913
0.68604356
0.8373819
0.6893481
0.7587222
0.60447145
0.82617456
0.80967253
0.7428982
0.6934783
0.5592241
0.4238424
0.42779538
0.610073
0.68166757
0.7199821
0.83500147
0.8038019
0.8103878
0.8610336
0.65178514
0.47512138
0.5392741
0.5830171
0.8590265
0.8142245
0.79842496
0.86845416
0.881911
0.60327864
0.8462183
0.64968485
2.2461426
3.2448661
3.4793184
2.7424333
3.0486302
2.8793554
3.0911403
2.9677842
4.8202143
4.0984864
2.5063243
2.707277
3.1477714
3.7751396
3.5354922
3.1616623
3.567428
3.6890936
3.2110152
3.6305945
3.545258
3.4067974
3.7420914
3.3300426
3.3685615
3.68465
2.0421007
1.4565916
1.3876548
1.3854754
1.3947939
1.3601314
1.3948708
1.4083652
1.2762977
1.179572
1.1017014
0.88543195
1.0459266
0.99157995
1.1429294
1.1327161
1.1934892
1.1452606
1.1729618
1.0279557
1.1695416
0.9604346
1.1423591
1.0274779
1.1400797
1.1047112
1.211503
1.2247483
1.2193844
1.255006
1.2562693
1.2584226
1.1797144
1.2096611
1.2048476
1.1390023
1.1530826
1.196353
1.1590267
1.1562657
1.1616931
1.1698326
1.2384051
1.2273681
1.1952655
1.229534
1.1949314
1.2433735
1.2166971
1.213307
1.1808903
1.1140863
1.1053362
1.1153854
1.0825152
1.0355756
1.0814749
1.0594999
1.1199192
1.1507398
1.0898144
0.6498772
0.79124504
0.69721174
0.80963045
0.640945
0.56502813
0.9436179
0.685936
0.9438759
1.13233
0.8651248
1.1710982
1.1439971
1.0208331
1.2010983
1.0778233
1.2060606
1.1128765
1.298438
1.3781502
1.2976118
1.3508893
1.3051553
1.0399926
1.284687
1.2069743
1.2923325
1.2336562
1.2937777
1.2643888
1.3074073
1.2933961
1.8918892
3.5859592
4.083105
4.1815753
4.4554577
4.9080467
3.1444285
2.2931485
3.4660127
3.8329754
4.045474
4.8864026
5.4453454
5.281307
5.326137
4.8111215
4.7702103
3.8256164
3.3754454
3.659286
3.6820033
3.5144727
3.6067896
3.7552562
3.6484544
3.857935
4.1869707
4.221493
4.2536516
4.0963817
4.078417
3.91101
3.8214233
3.5107346
3.5005739
3.489309
3.387142
3.2536657
3.0135953
2.7840803
2.8914952
2.9498467
3.2129295
3.1366045
3.5276895
3.556199
3.9217906
3.74645
4.0380597
4.3846703
4.3843236
4.1670704
4.0382214
3.6264966
3.5216563
3.4623744
3.4844456
3.6665938
3.7648485
3.9924512
3.9622998
4.129317
4.2161336
4.1642246
4.1600237
4.234629
4.06546
4.030241
3.7631612
3.726928
3.6690109
3.7290378
3.9149456
3.8327289
3.765699
3.8078575
3.872225
4.215859
4.091803
4.271506
4.602139
3.8534539
3.7018368
2.9665515
2.9506176
3.366807
4.1773143
5.0546064
5.37812
5.6638346
5.8932376
5.3685193
4.9401245
4.818345
5.000102
4.86751
5.053561
5.0356245
4.2648335
4.4390316
2.715639
2.7181888
2.6923084
2.4237397
2.3032944
2.3388765
2.5087523
2.5284498
2.508272
2.3655899
2.6344109
3.9155073
4.558734
5.1214542
5.2032766
5.061934
5.1249423
5.24934
5.1710677
5.2462993
5.301272
5.0940633
4.9592156
4.6379266
4.777229
5.295005
5.4968977
5.092681
5.5187445
6.0875506
4.5937033
3.659116
4.0018687
4.362363
4.4089837
4.1242623
4.51617
4.6501575
4.6409793
4.651371
4.573161
4.6645384
4.56691
4.5797896
4.431749
4.3878784
4.670153
4.9870143
5.3068614
5.5005155
5.4253235
5.4847054
5.6047854
5.8148174
5.94662
5.7703667
5.8647723
5.8571663
5.766871
5.655702
5.5583124
5.622296
5.4620667
5.6269684
5.5670176
5.6370664
5.588352
5.6833186
5.790139
5.9000473
5.8781457
5.988365
6.1793118
6.115082
6.0612597
6.098126
5.787339
5.6029696
5.747581
5.4386463
5.3156447
5.332974
5.246194
5.1470776
4.9702587
4.9688754
4.855261
4.948987
4.876482
4.909967
4.8048596
4.8386664
4.900265
5.089947
5.419727
5.767258
5.7997303
5.82497
5.961183
6.3154483
6.2865376
6.3739576
6.1517477
6.0356255
6.0543323
6.218661
6.112311
6.302405
6.4303036
6.3334036
6.4424624
6.9153605
6.906434
7.0859776
7.0266547
7.1047072
7.259695
7.44812
7.2874575
7.52976
7.4430084
7.641303
7.5588903
7.9704337
7.9389343
7.936368
7.8086767
7.7373767
7.6691103
7.5474567
7.504394
7.6133785
7.2841287
6.7447777
6.670124
6.8838615
6.835034
6.7086687
6.6052184
6.534425
6.4457088
6.4469714
6.563644
6.525812
6.6039324
6.724311
6.455313
6.1643457
6.186674
5.8541813
4.6556296
3.5578122
2.692367
0.6522706
0.59622145
0.5551187
0.576973
0.5258379
0.5611183
2.5931866
5.099329
7.271448
7.34625
4.0696054
3.589316
3.5268836
5.3954873
6.3255672
6.6356864
6.6954255
6.701865
6.5296054
6.8608017
7.0641603
6.909053
6.540636
5.2996078
5.2018967
5.455302
5.0376863
4.2919645
3.8509996
3.5850315
2.8654542
3.4028487
3.5340834
3.2861319
3.3838105
3.2298503
2.9910192
3.2900577
3.714643
3.3775208
4.1029572
5.266257
4.9468136
4.8574305
5.3060436
5.646654
6.0204635
6.2445793
6.4040556
6.2047615
6.4761057
6.540959
6.4945493
6.415865
6.3651323
6.397897
4.4537168
3.4768775
2.683074
3.2283716
3.224889
4.0282216
5.1862235
5.671083
4.946584
4.1486235
4.204837
4.598486
4.224779
4.258262
3.9874332
3.948767
3.830108
3.916412
3.9407678
4.093568
4.285975
4.273417
4.3323216
4.600109
4.3143454
4.259143
4.095048
4.0937862
3.9706914
4.1330967
4.218387
4.2748156
4.261159
4.196164
4.2393894
4.1186476
4.0336833
3.9920192
3.6762254
3.606251
3.6698434
3.630768
3.4741633
3.4147444
3.410139
3.1781983
3.080781
3.134085
3.2831812
3.638051
3.51486
3.4743276
3.36661
3.614731
3.5054066
3.809359
4.083355
4.1080756
3.2794538
3.2391644
3.3685765
3.5875869
3.5705724
3.5221786
3.5457904
3.591671
3.1439986
3.6383963
3.9963923
4.0456305
4.5324636
4.5640025
3.9151037
2.3744287
1.1558741
1.1515088
0.92238736
1.0549134
0.910686
0.96397483
1.0521817
0.89603806
1.2451625
1.0567337
1.222769
1.1512994
5.760197
5.7859173
6.132435
5.567053
2.734555
2.9665554
3.7274024
2.3264604
0.9691894
1.1129558
0.8732296
1.1405267
0.9536749
1.1337769
1.0245237
1.0141402
1.0467365
1.171197
1.6357223
2.328901
2.1604998
1.9902706
1.0952468
0.89395857
1.1348001
0.89325094
1.017691
1.1864388
1.0498427
1.0271441
1.0686331
1.0578816
1.0545338
0.8773519
1.0679005
1.3192956
1.157667
1.137167
1.0816051
0.9742399
1.1119391
1.2477696
1.3627938
1.2958822
1.1960557
1.278131
1.6395546
1.5133252
1.0539167
0.9585163
0.89494866
0.8554095
1.1170096
1.1548688
0.8270178
1.3562312
3.3989482
5.9146695
6.797386
6.7082777
6.7992873
6.8535905
6.944972
7.1525993
7.2832747
7.395913
7.3587484
7.485813
7.5944185
7.6439066
7.615509
7.6315303
7.5185633
7.5229883
7.5427556
7.560139
7.462026
7.677399
7.5809507
7.654236
7.546116
7.3477216
7.298323
7.1776285
7.0528326
6.9802475
6.91167
6.8415594
6.7486
6.7421737
6.622969
6.6543484
6.5204864
6.5805993
6.4249287
6.4018254
6.4160485
6.402714
6.4220266
6.4949465
6.553911
6.6167107
6.5913215
6.516756
6.574913
6.4690557
6.540675
6.6941614
6.747267
6.8578796
6.9383683
7.138671
7.289036
7.281186
7.3494906
7.441879
7.61417
7.495804
7.1626234
7.076103
7.1605315
7.2720823
7.110243
7.171409
7.0557027
6.890777
6.772471
6.5679455
6.5214233
6.548304
6.4438987
6.5416136
6.4719687
6.461242
6.377211
6.349361
6.216104
6.309287
6.282269
6.4875093
6.608373
6.6793227
6.774128
6.982142
6.9827924
6.956617
7.012567
7.1184263
7.2119184
7.1855316
7.276333
7.2859597
7.2873497
7.3139715
7.2821927
7.1937504
7.181085
7.1501055
7.2534266
7.316755
7.131103
7.137059
6.976857
6.805287
6.8499994
6.422144
6.4278584
6.1091247
5.8724003
5.602651
5.7273397
5.617347
5.7339563
5.9833975
6.1960526
6.04115
6.0431056
6.0144014
6.044012
5.889135
5.682805
5.8106117
5.8582053
5.8168807
5.818137
5.928931
5.8771963
5.724603
5.7936325
5.8818803
5.741468
5.771285
5.8904157
5.871326
6.0598774
6.2220883
6.389331
6.4769545
6.51559
6.626993
6.7420206
6.996443
6.9764514
7.1529646
7.3805447
7.6005173
7.5300837
7.434227
6.735705
6.2770195
6.153655
6.5745955
7.1287727
7.3658905
7.142627
7.766514
7.761057
7.8555017
7.761082
7.515603
7.238063
6.735339
6.2845745
5.9306254
5.6039
5.1994014
5.2388115
5.0716224
4.911901
5.1710773
5.5124264
6.2130237
6.6160603
6.946284
7.0098
6.9936724
7.194804
7.20256
7.123495
7.255558
7.0347157
7.0043783
7.124497
6.7419796
6.9085307
6.882877
6.9013634
6.7090816
6.753751
6.6663914
6.7887692
7.063392
7.189645
7.269084
7.2827425
7.1129823
7.1351213
7.220023
7.1970906
7.0670767
7.2721977
7.2014384
6.8660736
6.8938065
6.9390626
6.6025467
6.563131
6.3539352
6.5025063
6.402436
6.631629
6.964
6.7994647
6.6854887
6.562378
6.645955
6.613877
6.475764
6.5217657
5.9622726
5.5484242
4.9069734
5.6707916
6.5049257
6.3787546
5.3270674
4.4625297
3.9429991
3.8860672
4.0702524
4.859057
5.2443113
5.258354
5.2259665
5.0791583
4.00403
3.7053957
3.8123603
3.5854216
3.5628352
3.8578122
4.0249395
3.8245533
3.777597
4.0494275
4.0658846
4.0980463
4.016102
3.903785
3.7289906
3.6006136
3.9035542
3.8886232
3.9382687
4.023098
4.103377
4.177555
4.4878273
4.314176
3.614609
2.3431091
1.927902
1.1246578
1.2583303
1.4530597
1.6216645
1.7146357
1.3344184
0.7918985
0.715832
0.5944996
0.8399442
0.8594881
0.70294625
0.8015278
0.5912115
0.72387224
0.7609204
0.8264202
1.1323403
1.5693476
1.4827161
1.8403825
3.5165312
5.13918
3.9747808
3.828804
3.9096513
4.1567435
4.339157
4.5625052
4.3443575
4.6397038
4.999249
5.5001283
5.518833
5.5337954
5.587261
5.5111156
5.6086855
5.497792
5.3756394
5.083946
4.8276715
4.5389433
4.1077127
3.641024
3.223032
2.6532757
2.4197474
2.595233
2.6638637
2.932129
2.7269037
2.8280718
2.8812597
2.8631625
3.05752
3.0827413
3.2455976
3.51072
3.8647015
4.158394
4.238
4.3133054
4.5244064
4.738075
4.832979
5.374443
5.0406647
4.5136786
4.9812584
4.3656063
4.77586
4.714609
4.504517
4.3506136
4.1560984
4.111786
4.0593767
4.094545
4.0941286
4.133215
4.133982
4.3036695
4.000916
4.13654
4.726962
4.7896605
4.8925323
4.9624457
5.126799
5.083928
5.089326
5.237988
5.350993
5.310403
5.2482524
5.3376184
5.339684
5.1088324
5.2515764
5.189302
5.388115
5.332569
5.3497095
5.4322386
5.508532
5.564899
5.5894003
5.6884413
5.6205354
5.6448793
5.6654763
5.6376247
5.611505
5.562593
5.6930118
5.866424
5.8690825
5.598679
5.2498693
5.17156
4.8939486
4.722665
4.330583
3.869971
3.8516028
3.871446
4.038526
4.1040406
4.546247
4.738132
5.1574335
5.4415083
5.7857714
6.13229
6.057289
5.969885
6.247157
6.0808425
6.1371794
6.359469
6.337891
6.2844553
6.0690017
5.856531
5.7587614
5.671972
5.559504
5.4530377
5.1570425
5.3903856
5.449427
5.458834
5.591024
5.4009743
5.37669
5.210231
5.199876
5.2898593
5.1705246
4.856924
4.733242
4.726197
4.712138
4.431752
4.321801
4.1734357
3.9963171
3.7456274
3.6299274
3.7791986
3.8928037
4.081339
4.664416
4.9827466
5.0670056
5.0862107
5.1283054
5.1529593
5.2060895
5.620656
5.504295
5.364354
4.6586237
4.3296504
3.6274323
2.98692
2.9587893
3.260803
3.193456
3.1377926
3.1713083
2.6610434
2.7172832
2.8296585
2.9873269
3.433932
4.0325174
4.0302544
4.1124654
4.1312594
4.402425
4.1241913
3.9185853
4.224831
4.025369
0.85340726
0.84564203
0.9351684
0.9258497
0.94725245
1.3070468
1.6473266
1.8084748
1.8736974
2.1197472
4.3222046
4.4280477
4.226779
4.1198134
4.1593866
4.239126
4.2513037
4.1199207
4.064772
3.883359
3.834223
3.4819117
3.4798357
3.460726
3.4728193
3.245773
3.4124913
3.2745461
3.4409218
3.8058264
4.3453207
3.768621
3.7066107
4.1845355
4.546632
4.7070737
4.831866
4.907825
4.6487575
4.1061373
3.5816474
3.55437
3.4120483
3.7053676
3.7539616
3.3451614
3.1366425
2.8923435
2.8497536
2.7363374
2.9056592
2.8694766
2.8475711
3.0866964
3.1830258
3.8118904
4.5596457
4.7262936
4.8586693
4.5133123
4.267686
4.3093667
4.6064124
4.491523
4.4858704
4.2606688
4.4410725
4.101503
3.9447124
3.7869418
3.803357
3.643716
3.560139
3.5879111
3.5986414
3.6551023
3.4810112
3.8753436
3.758543
3.884543
3.9673343
3.143371
3.0854213
2.1198459
2.7859817
3.4946563
3.82556
5.3808694
5.682623
5.3243103
5.6802983
5.5343337
5.3233294
4.372286
1.9938697
2.6016119
2.292625
2.026771
1.9889836
1.5728847
2.55437
4.3260007
3.1942444
2.5610442
2.026604
1.0302428
1.3989378
2.890098
3.7869627
3.5401845
2.847733
2.3090415
1.4407065
0.5252315
0.53142047
1.0794468
0.25383198
0.33900863
0.30220297
0.3114553
0.33103487
0.31159824
0.32363385
0.23978838
0.28164434
0.21490213
0.22402279
0.23749799
0.23083352
0.2690382
0.31869426
0.124848805
0.30396196
0.40897954
0.14931285
0.06932447
0.49704412
1.0848237
1.4659204
0.70094657
1.0200142
1.0256771
1.0506569
0.9123503
0.8009671
0.9843105
0.9342284
0.9996542
1.2271532
0.84359455
0.41420585
0.47270754
0.5716509
0.42927247
0.41616863
0.36799765
0.36447793
0.42980936
0.66984004
0.72287977
1.8157903
2.2359493
3.1634977
3.4410214
3.8425422
3.9767487
4.051549
4.147816
4.36067
4.4026737
4.634102
4.796231
4.765519
4.486137
4.3415656
4.0562572
4.1124525
4.1343646
3.8913097
4.193144
4.1346564
3.7866206
3.7360802
3.81017
3.476154
3.4577494
3.6494014
4.07515
4.056749
4.998005
5.105527
5.0986843
4.891266
4.761792
4.9947147
4.96462
4.71484
4.6184106
4.5640044
4.3820624
4.498411
4.405658
3.8877554
3.6940572
3.479876
3.1496768
3.469379
3.8433373
4.274919
4.5997744
4.570943
4.863212
5.0528193
5.025637
5.1466603
5.2704062
5.3486834
5.5526237
5.4939775
5.623088
5.566227
5.634095
5.534333
5.469466
5.5785384
5.7511673
5.98481
6.2376003
6.544153
6.807645
7.0853386
7.137723
7.2004995
7.1739
6.917448
6.7934484
6.8303404
6.808924
6.8769684
6.817924
6.758705
6.7937484
6.670122
6.60417
6.6941166
6.8103914
6.746953
7.050249
7.0395517
7.1736283
7.2685575
7.3845434
7.4500155
7.24737
7.004199
6.909726
6.7312956
6.723268
6.85484
7.0260468
6.81837
6.705352
6.7692313
6.805938
6.625347
6.607149
6.327383
5.821545
5.3314643
4.975866
4.4984837
3.7906473
3.345324
3.1142526
2.7275145
2.4629064
2.874138
2.5802054
1.9732553
2.691721
2.9016562
3.1549582
3.26367
3.6732388
3.0997832
3.5136805
3.9815392
4.4460196
4.453781
4.2386417
4.171926
5.1317925
5.130342
5.4136434
5.3085556
4.9103365
4.697566
4.2870307
4.3318043
4.3092575
4.340626
4.3766317
4.437667
4.08154
4.0050035
3.8962429
3.5134213
3.0238352
2.9103584
3.0258787
3.0804825
3.1967447
3.1539006
3.0892942
3.2286701
3.1997492
3.1240206
3.0289688
3.243584
3.1967065
3.0218825
3.0077791
3.1308599
3.1692314
3.2134485
3.0467274
3.0286267
3.0595608
3.2333202
3.0608702
3.192881
3.4207325
3.4842012
3.4622507
3.4123979
3.2600443
3.1643639
3.0829806
2.8791337
2.8617764
2.9944134
2.7546446
2.8137856
3.1611178
3.3353071
3.2793262
3.232964
2.9842663
3.04246
3.0699222
2.9168305
3.0835311
3.501315
3.5662036
3.7121744
3.632734
3.6621318
3.6076562
3.5719316
3.5062113
3.4509935
3.5128267
3.607722
3.704403
3.7202456
3.872236
3.8974
3.9759116
3.919365
4.1617417
3.9872732
4.1293697
3.9470801
3.9640837
3.9311194
4.1783886
4.017104
4.0086794
4.001701
3.9163332
3.8375793
3.7126493
3.6003013
3.4703476
3.3946726
3.3808458
3.3068404
3.3429332
3.5814042
3.8729303
4.2901297
4.4634047
4.4961557
4.423983
4.479857
4.338564
4.3404174
4.586175
4.4034996
4.5254135
4.6242146
4.614323
4.52345
4.5715857
4.3055825
3.98315
3.8826113
4.049627
3.9511213
3.4932067
2.7019048
2.3277967
3.7091925
3.8828378
3.2352598
3.263567
3.1588688
3.2009366
3.3301475
3.7442381
3.5875945
3.3784971
3.281639
3.536213
3.567128
3.583646
3.7323198
3.9830854
4.3758144
4.6042333
4.4811573
4.4808936
4.2856317
4.215772
3.9963
3.787079
3.8213606
3.717464
3.6782339
3.534123
3.1243293
3.149596
3.2326949
3.359303
3.3362608
3.5513303
3.8458908
4.067659
4.232781
4.359217
4.570565
4.340069
3.7759042
3.5990987
3.8533492
3.802876
3.6523435
3.6198087
3.5950515
3.7396283
4.528175
4.410813
5.024977
5.126561
5.007251
5.176204
4.979968
5.0734096
5.378875
5.6890054
5.6442757
5.806888
5.8061786
5.1931796
4.889714
4.617613
4.837491
4.8331876
4.9701133
5.3067665
5.5028367
5.7352233
5.9350486
6.6008754
5.8102922
4.995252
5.3257246
5.779276
5.886141
5.65247
5.657266
5.8624573
5.982198
6.108829
6.1731443
6.3605437
6.5633864
6.87416
6.893629
6.8353195
6.9310956
6.8118415
6.9535885
6.999441
6.7903786
6.722364
6.5934544
6.7752237
7.0620613
7.1186075
7.1637335
7.2610655
7.3591046
7.5084596
7.416608
7.519223
7.312956
7.233817
7.368204
7.216817
7.1390977
7.0229635
6.9145083
6.7979927
6.671175
6.6226897
6.67538
6.6926017
6.701453
6.5764217
6.547648
6.432356
6.2843676
6.3381834
6.270682
6.1341963
6.135512
6.2778482
6.193729
6.19839
6.1098857
6.1100554
6.060571
6.1794114
6.029297
6.04332
5.9276443
5.994715
5.940548
6.0519624
5.913619
5.978509
5.938468
6.023261
6.043129
6.175266
6.0582027
6.1738005
6.0914173
6.0750923
6.262597
6.2643895
6.4325237
6.4373136
6.685199
6.670238
6.7456
6.767956
6.7137556
6.7526793
6.8813887
6.891787
7.0510764
7.153556
7.336998
7.2730527
7.2728224
7.0441236
7.198351
7.268996
7.3910837
7.180844
7.0910606
7.1331253
7.0212708
6.75612
6.8668156
6.7749033
6.66297
6.7499666
6.7612243
6.819728
6.85975
6.7765794
6.781446
6.8175282
6.5584817
6.552289
6.5238686
6.4569297
6.460915
6.4248557
6.3372717
6.264173
6.2823515
6.4406233
6.410165
6.339712
6.47242
6.719303
7.0785103
7.104757
7.0388203
7.190873
7.3197308
7.332161
7.4102335
7.578385
7.617877
7.4704404
7.613297
7.5113354
7.767662
7.8219175
7.764267
7.8205724
7.7246637
7.538402
7.1655345
6.91726
6.7611723
6.6918254
6.5350122
6.3302555
6.2373238
6.069907
5.9362063
5.9163237
5.9408345
5.9508767
5.899338
5.8006673
5.767562
5.7385216
5.8158407
6.0310516
5.906247
6.0748825
6.1547165
6.1710224
6.1928964
6.258786
6.308894
6.4098225
6.629328
6.765478
7.054779
7.4092712
7.5870485
7.83288
8.019124
8.091339
8.15406
7.969614
7.9792852
8.12131
7.8426595
7.817962
7.736944
7.647376
7.561259
7.4824324
7.3426814
7.400349
7.459694
7.442582
7.3616295
7.449543
7.4938297
7.2459536
7.122402
7.147603
7.2070055
7.164124
7.2284255
7.2177744
7.1443424
7.2076364
7.290419
7.4098706
7.7547884
7.6902885
7.844123
7.785319
7.8161554
7.710828
7.699456
7.928994
8.134094
8.132197
8.204262
8.088759
8.107898
