10000
9.127735
9.237596
9.192965
9.400202
8.92515
8.979034
9.303655
9.143495
9.288351
9.191364
9.101468
9.146963
8.9611025
9.052863
9.050734
8.9487295
8.835424
8.651402
8.73789
8.808837
8.737416
9.031959
8.939013
8.670271
8.638456
8.497423
8.630397
8.524872
8.506102
8.263899
8.212169
8.156236
8.358874
8.497564
8.436804
8.528158
8.633654
8.384823
8.866694
8.653126
8.649952
8.383846
8.4913025
8.619913
8.734858
8.452275
8.339542
8.744726
8.748965
8.73577
8.870468
8.830268
8.855257
8.828547
8.762755
8.774288
8.790632
8.882116
8.795026
8.782534
8.785212
8.850988
8.765127
8.745954
8.815748
8.72088
8.679741
8.693958
8.568682
8.688245
8.646178
8.501261
8.796534
8.676088
8.781563
8.703937
8.830128
8.816136
8.883758
8.845694
8.832037
8.834925
8.691545
8.731925
8.724025
8.620815
8.663142
8.6674
8.665425
8.72112
8.707473
8.709054
8.579114
8.59125
8.566625
8.644469
8.614472
8.605146
8.544539
8.359505
8.4681015
8.400374
8.76079
8.731694
8.45816
8.557632
8.585119
8.5229435
8.597146
8.644199
8.583119
8.647351
8.694333
8.677796
8.766541
8.80636
8.771803
8.780737
8.624069
8.610519
8.556422
8.3902855
8.422736
8.456836
8.373466
8.339843
8.471126
8.621065
8.534906
8.512197
8.535783
8.557549
8.4964485
8.367364
8.435318
8.431953
8.457571
8.406514
8.49971
8.472857
8.594846
8.716226
8.781468
8.850088
8.662115
8.822445
8.878791
8.889742
8.782515
8.750626
8.744035
8.710075
8.844802
8.745382
8.8482895
8.485751
8.319187
8.266445
8.3404665
8.506455
8.538273
8.728471
8.79711
8.827738
8.851114
8.708156
8.845714
8.892435
8.874597
8.81943
8.628806
8.695292
8.64393
8.565573
8.47071
8.503093
8.370299
8.505266
8.524556
8.41956
8.415404
8.405451
8.387433
8.500935
8.467136
8.519645
8.586967
8.710606
8.563276
8.672407
8.84993
8.777136
8.71153
8.558962
8.366575
8.362332
8.357837
8.460574
8.324009
8.646946
8.410214
8.511941
8.383858
8.297099
8.129284
8.088387
8.0624
8.071704
8.11838
8.012424
7.9822326
7.828868
7.8372283
7.778409
7.753257
7.759254
7.838967
7.829006
7.924522
8.058817
8.142832
8.022098
7.87096
8.012664
7.8338604
7.771412
7.697967
7.7013416
7.627429
7.698196
7.6945615
7.7246876
7.814108
7.844565
7.938318
7.8502245
7.82172
7.823398
7.9184246
8.049406
8.134524
8.015878
8.129408
8.053274
8.017785
7.994831
7.8939962
7.9406176
7.896189
7.5257416
7.784919
7.581299
7.8519034
7.6817074
7.8646154
7.9184923
7.849472
7.912631
8.055561
8.03035
7.990559
7.9035554
8.086891
8.05594
7.8921595
7.991989
8.118693
8.054466
8.091858
8.290503
8.431995
8.381491
8.439591
8.356246
8.468643
8.2749195
8.200668
8.201179
8.147629
8.219884
8.216713
8.420223
8.445141
8.419411
8.5933695
8.398342
8.124898
7.958559
7.9276466
7.9592056
7.931484
7.9955626
7.958933
7.9782276
7.9975405
8.108895
8.0186825
8.223211
8.268488
8.230067
8.261672
8.119003
8.25704
8.138043
8.042643
8.017974
7.980961
7.9310966
8.100091
8.004738
7.8275123
7.7431607
7.7168913
7.8741374
7.8664966
7.6268826
7.8987303
7.743037
7.8762827
8.013879
8.201107
8.100608
8.1082535
7.691347
7.463538
7.403972
7.418904
7.505493
7.604378
7.711874
7.6551094
7.5660777
7.390832
7.525057
7.6183763
7.544596
7.5345626
7.5526752
7.7342815
7.673646
7.5883584
7.496615
7.521629
7.492781
7.5674644
7.685424
7.8846083
7.9751062
8.2020035
8.1447525
8.259796
8.328277
8.391513
8.325129
8.349795
8.253509
8.243355
8.276815
8.254199
8.187032
8.271747
8.111891
8.133561
8.003354
8.003367
7.899494
7.8805766
7.8737144
7.6887507
7.467782
7.5853233
7.4872365
7.271504
7.377915
7.320568
7.446538
7.333928
7.388738
7.493822
7.3274856
7.547333
7.640308
7.615838
7.737211
7.7178555
7.879981
7.972005
8.019895
8.09028
8.053972
8.0882845
8.009955
8.010018
7.936015
7.7674365
7.693064
7.9648647
7.672998
7.5848975
7.8287845
7.9836144
8.109373
8.252706
8.384957
8.443639
8.302321
8.247517
8.015824
7.851213
7.7138247
7.440433
7.487998
7.4435434
7.283298
7.3647437
7.3921947
7.3864155
7.4604697
7.5510454
7.6470566
7.6955237
7.6636524
7.518678
7.472196
7.4913726
7.4518447
7.5175505
7.6847653
7.326413
7.458223
7.5453763
7.479102
7.618735
7.2059813
7.2696652
7.409098
7.160249
7.138245
7.0877686
7.4359846
7.2032943
7.1502204
7.0373683
6.901578
6.9175086
6.801925
6.5652966
6.471881
6.210587
6.2516685
6.249732
6.1587086
6.2985883
6.2425203
6.396321
6.466733
6.6212587
6.727584
6.6312504
6.6301413
6.486923
6.444164
6.3618603
6.339886
6.475211
6.275807
6.2483397
6.400619
6.7970467
6.6855154
7.0123596
7.2529755
7.0452867
6.8647523
6.606779
6.2365484
5.9602423
6.037346
5.921615
6.040234
6.414894
6.2325664
6.1802893
6.4290614
6.2617927
6.3652472
6.3948913
6.171628
6.1385884
6.15753
6.2100077
6.166591
5.9780345
6.225081
6.0581694
5.8178906
5.7120786
5.5279903
5.295179
5.142391
5.209915
5.1623936
5.3049297
5.2422714
5.17488
5.434519
5.4559574
5.375576
5.4579496
5.509794
5.415974
5.416266
5.3071856
5.2437115
5.2543535
4.932163
5.414182
5.2786527
5.4095345
5.4091444
5.211965
5.3727365
5.623512
5.384457
5.5150843
5.2910967
5.386252
5.103182
5.1479206
5.2991524
5.5535793
5.588854
5.9723315
5.866832
5.9935517
6.195495
4.67363
5.255399
5.3198338
5.4444857
6.061797
6.4079723
6.2500696
6.4371996
5.9391828
5.9592166
6.0761623
6.128072
6.3997965
6.5928097
6.634198
6.5491858
6.502027
6.582817
6.537498
6.6843033
6.993058
6.536914
6.539365
6.316435
6.026243
6.362544
5.615338
5.8628936
6.214262
6.3388677
6.1065326
6.327115
6.2248936
6.2478924
6.2098184
6.307845
6.396031
6.2320995
6.1493955
6.1195908
6.47891
6.659832
6.890738
6.710194
6.337965
6.337763
6.366771
6.3414855
6.058374
6.0087595
6.0381284
6.136359
6.088847
6.2413306
6.1910725
6.012108
5.872101
6.034507
6.0752506
6.2201605
6.3336754
6.27182
6.3301835
6.3671684
6.5366163
6.697385
6.538886
6.6650195
6.6528873
6.5128336
6.3661046
6.4233446
6.2257967
5.946961
6.00894
5.8424706
6.2880793
6.2151594
6.5301905
6.447988
6.547666
6.630489
6.9621105
7.03288
7.0601573
6.815455
7.1939487
7.223614
7.0879908
6.73071
6.765211
6.7689433
6.8547435
6.4729886
6.551629
6.5192246
6.580074
6.497059
6.4585075
6.6015496
6.3779216
6.4083524
6.4249053
6.604895
7.037699
6.950976
7.053937
7.034948
7.308205
7.0534306
6.881032
6.852711
6.9300814
6.809554
6.5668364
6.4406443
6.6394806
6.4708905
6.6536393
6.851515
6.9146776
6.7730536
6.6627216
6.8331857
6.806548
6.6683307
6.968363
6.496974
6.665108
6.4820595
6.506152
6.6535797
6.927149
7.0140123
6.8592234
6.468717
6.1770945
6.2172823
6.147366
5.868952
5.7790303
5.6194396
5.4541197
5.223234
5.113445
5.207981
5.4471493
5.599038
5.342424
5.293449
5.50791
5.7012253
5.6350794
5.2917023
5.1769695
5.6213923
6.2078953
6.447282
6.6057973
6.278705
5.9457655
5.6644144
5.2074876
5.1900454
5.058798
5.0665946
5.3311
5.633204
5.7257195
5.847696
5.948294
6.252173
5.976097
6.1704025
6.1210027
6.6686525
7.032748
7.1899457
7.1357713
6.9828506
7.1948
7.5039277
7.5674486
7.494736
7.5170817
7.343795
7.3166966
7.1880593
6.9753556
6.7755966
6.8071427
6.630481
6.461523
6.172882
6.3875666
6.434026
6.245061
6.4178667
6.263363
6.2385044
6.169493
5.865985
6.0157814
6.2046156
6.3503447
6.267416
6.3987603
6.57626
6.4268355
6.6375804
6.437193
6.428492
6.633415
6.740316
6.8538785
6.911005
6.8609715
6.445723
6.062435
5.8835487
5.855169
6.2031507
6.2461267
6.3156652
6.393606
6.3841906
6.562572
6.456586
6.3228564
6.4079814
6.4220567
6.304903
6.19696
5.8349705
5.4795933
5.510247
5.7690516
5.887987
5.6737413
5.331444
5.105438
4.830972
4.709272
4.938948
5.261674
5.441491
5.3764944
5.279621
5.390151
5.5782304
5.553988
5.4726725
5.7941546
5.509254
5.571432
5.408005
5.375748
5.5701256
5.471152
5.5413127
5.6465015
5.9870415
5.9668674
6.1786613
6.306387
6.188345
6.3499813
6.232625
5.84411
5.774221
5.843226
6.0466986
5.989587
6.137825
5.9339714
5.8386407
5.888118
5.801813
5.7219415
5.6062727
5.7606235
5.8114905
6.190737
6.330824
6.205158
6.187778
6.0313015
6.3826823
6.2683945
6.349407
6.5429506
6.430939
6.247611
6.360913
6.4640923
6.536606
6.7750773
6.714103
6.709943
6.776267
6.646581
6.771124
7.0033693
7.127926
6.841374
7.107922
6.8986273
7.1333017
6.943271
6.712329
7.011615
6.841383
7.128067
6.9845757
7.106271
6.9727073
7.350231
7.2649164
7.5295167
7.455017
7.4430943
7.1908913
7.534915
7.286086
7.0793047
7.1181493
6.9036713
6.989912
7.085428
7.0052786
7.1535854
7.0716624
7.2254543
7.2557135
7.205865
7.1843157
7.146682
7.256431
7.208931
7.193798
7.1052203
7.067249
7.105927
7.0487304
7.1356797
7.178777
7.2699904
7.279766
7.118716
7.189102
7.1163707
6.890273
7.3173084
6.7685747
6.6146226
6.303495
6.013891
5.857137
5.983548
5.956122
6.158143
6.263967
6.1243687
6.090893
6.219609
6.369575
6.6088724
6.3051934
6.612342
6.3883867
6.527835
6.505077
6.4260077
6.464691
6.7394514
6.8500915
6.678274
6.630222
6.944031
7.142912
7.321481
7.0688653
7.033633
6.8886867
6.9030066
6.7529325
6.6758947
6.6762657
6.5143423
6.691924
6.6867714
6.876033
6.7649727
6.9304776
6.8090353
6.8829384
6.848518
6.8868217
6.8302183
6.918832
6.987895
6.884356
6.864452
7.052822
7.0464
7.257476
7.252851
6.9375234
7.1646442
7.183344
7.1923046
7.2807865
7.3885603
7.3517036
6.9140563
6.878891
6.9444733
7.026924
7.086357
7.177671
7.077706
7.1377487
7.2110033
7.0738754
6.8329
6.577329
6.513439
6.6017365
6.7502823
6.486329
6.504919
6.5341964
6.7589426
6.5735793
6.650514
6.4728255
6.5999866
6.7409515
7.0720706
6.8410373
6.514806
6.17762
5.951524
6.239626
6.5286922
7.0150266
6.9915967
6.862023
6.6958666
6.825693
7.042946
7.0438747
7.0262513
7.0778313
6.987528
6.671031
7.0762815
7.017499
7.2716417
7.1394644
6.935933
7.0255604
6.869687
6.891306
6.590496
6.796152
6.944657
6.6864576
6.5527554
6.57071
6.6849446
6.591698
6.7125883
6.500622
6.803128
6.7316327
6.879834
6.746636
6.8750253
6.6810465
6.8519907
6.840999
6.900874
6.977561
6.770771
6.7987523
6.5878983
6.495905
6.4477177
6.2374454
6.394162
6.4705863
6.6212626
6.4518385
6.6703196
6.4867373
6.863028
6.7546244
6.579459
6.755064
6.731783
6.72673
6.802206
6.7564344
6.776045
6.621866
6.7062564
6.7480526
6.9874043
6.9282913
7.036251
6.8729024
6.8913774
6.8064117
6.741169
6.756537
6.680484
6.6878605
6.5513735
6.4795756
6.203593
6.277901
6.2994165
6.1349955
6.222083
6.252875
5.67774
5.5910726
5.6786337
5.6353664
5.5790105
5.7220416
5.9431653
6.4540358
6.9554906
7.0999994
6.6820893
6.7296352
6.682127
6.934755
7.0031705
7.109577
6.87182
6.7013173
6.3292613
6.2557344
6.101319
6.1836424
5.996269
6.106695
5.758079
5.8468094
6.1658535
5.953068
6.1603513
6.7437034
7.0282063
7.0020657
6.90697
6.6928153
6.8046985
6.804722
6.9343686
6.8050246
6.9548554
6.868635
6.839426
6.821086
6.7075796
6.7747245
6.8907537
6.8586154
6.3572826
6.0805874
5.6889143
5.4969873
5.4070582
5.6034355
6.006118
6.0746965
6.120685
6.2305174
6.31776
6.234191
5.987109
6.452554
6.382238
6.5067825
6.7358027
6.467916
6.6309543
6.5441437
6.3272014
6.4842434
6.476368
6.5323925
6.62614
6.7180896
6.7564354
6.8056464
6.8494673
7.013624
7.0119424
6.906349
6.9091825
6.8474874
6.6941986
6.7846723
6.714164
6.7543383
6.788484
6.6798377
6.5013485
6.535175
6.320657
6.357496
6.3121376
6.0894127
6.265049
6.1376534
6.134053
5.814864
5.9016795
5.949176
5.906524
5.8525114
5.898715
5.847165
5.9093266
5.8661304
6.042659
6.5597095
7.2350507
7.3600936
7.1582117
7.0089984
7.1088233
6.9507337
6.923512
6.880061
6.3822784
6.554048
6.3363376
6.5199842
6.5948343
6.710305
6.6982713
6.772286
6.7787066
6.8598337
6.855214
6.6540804
6.981877
6.933834
6.8995686
6.8667855
6.941414
6.76866
6.6518116
6.5942516
6.818229
6.4792023
6.8018923
6.7417717
6.917019
6.7014284
6.8971496
6.80867
7.0123606
6.8652964
6.8070784
6.654727
6.752347
6.831977
6.831292
6.8584204
7.044347
6.8604927
6.8185883
7.06203
6.8725085
6.810178
6.796241
6.745083
6.799984
6.7371526
6.775797
6.784638
6.9388022
6.8875995
7.0249896
7.020246
7.0852184
7.036023
7.1541357
7.168832
7.243848
7.446501
7.4493217
7.421529
7.46525
7.3897066
7.432562
7.4980435
7.568862
7.5258293
7.634825
7.484193
7.3856263
7.2931404
7.2274036
7.301697
7.249812
7.250198
7.122934
7.0587096
6.91484
6.9330845
6.9883814
6.945816
6.914776
6.738606
6.6128573
6.697395
6.8028483
7.1062827
7.2918253
7.313543
7.182771
7.0743904
7.029874
7.1271753
7.144566
7.058129
6.9579487
7.044827
7.0319867
7.107853
7.1156945
7.0845656
6.961918
6.929183
7.046189
6.9060364
7.00648
6.8823156
6.7780724
6.7295003
6.694852
6.652342
6.6316915
6.660668
6.4216623
6.321246
6.3435082
6.296171
6.1723785
6.2768655
6.4725375
6.2114887
6.1534195
6.048912
6.1328216
5.8304863
5.774623
5.3970037
5.622056
5.9651995
5.9629445
6.0905657
6.2852936
6.0206747
6.0292597
5.861097
5.830571
6.1368656
6.0486383
6.2974095
6.5954466
6.56149
6.375022
6.3764677
6.6107025
6.440184
6.866666
6.433283
6.542506
6.629192
6.9000688
6.62007
6.366697
6.4868116
6.6047797
6.553244
6.754427
6.8166027
6.218597
5.921896
5.958
5.8863106
5.8461237
6.114365
6.234519
6.119288
6.0561757
6.0944033
6.0401535
6.249681
6.4190283
6.452274
6.4705906
6.577092
6.6071215
6.8732777
6.9434705
7.10433
6.8035097
6.5148406
6.596393
6.7737656
6.7009344
6.660698
6.679647
6.7008615
6.849044
6.6727204
6.493542
6.506833
6.469156
6.497002
6.6040244
6.5811796
6.7679577
6.5936103
6.6129856
6.334405
6.4131465
6.3591127
6.7218328
6.6785183
6.886183
6.905536
6.6985297
6.5693135
6.5301375
6.4313235
6.4359083
6.4536815
6.454501
6.5180607
6.3720627
6.535756
6.6186237
6.6695805
6.690445
6.548023
6.4032164
6.3868113
6.4266973
6.284375
6.2438602
6.1185327
6.1608715
6.5423174
6.369191
6.475748
6.378982
6.266182
6.1445494
6.2868557
6.4007
6.3126316
6.3197627
6.036948
5.999966
6.112556
6.1916533
6.287758
6.393218
6.327254
6.3180485
6.2656446
6.301087
6.3975453
6.4761086
6.4479446
6.3578987
6.3011746
6.16039
6.1059785
5.9898624
5.959864
5.937642
5.86506
5.8100586
5.8351045
5.7417607
5.843821
5.661428
5.824638
5.7397614
5.8959265
5.9177623
5.8790197
5.762538
5.559022
5.2340503
5.3110247
5.1526566
5.213956
5.101367
5.272677
5.15209
5.316694
5.6357765
5.8822637
5.882124
5.915103
5.8027954
5.8672166
5.808195
5.750308
6.255471
6.319188
6.2904015
6.0850215
5.940717
5.81146
5.6120653
5.6402793
5.659134
5.7620845
5.775536
5.515443
5.495687
4.8546343
5.03098
4.7898536
4.914492
5.212576
5.515602
5.2359157
4.8664155
4.8717465
4.9479117
4.953075
5.210472
5.4700265
5.5196176
5.4801965
5.370664
5.413641
5.4828043
5.553956
5.588983
5.5488625
5.5139666
5.47388
5.289267
5.291975
5.163534
5.113077
5.1868167
5.3131695
5.236966
5.279211
4.882666
5.111809
4.7981544
4.870564
4.9352407
5.0252986
5.253049
5.300868
5.5234337
5.418438
5.57837
5.5874844
5.6041107
5.6222057
5.5184255
5.4362955
5.479716
5.532369
5.297558
5.534054
5.665884
5.684419
5.672818
5.449575
5.093108
4.9883633
5.02369
5.0939
5.042386
5.1366115
5.1302123
5.261852
5.215902
5.1944537
5.110924
5.058443
5.0075493
4.863668
4.9331746
4.896987
4.9074836
5.0806165
5.1329293
5.2324514
5.0685453
4.9414964
5.113226
5.187993
5.170636
5.2798195
5.4017096
5.3427544
5.2731447
5.2787094
5.3756685
5.23762
5.1473627
5.2579985
5.058654
4.932141
4.939217
5.0182858
4.82782
4.6463227
4.6507792
4.624855
4.511736
4.4727364
4.4371204
4.2207165
4.2766833
4.258984
4.2893906
4.223168
4.428742
4.348187
4.40722
4.5472383
4.4603376
4.4615755
4.4397
4.4134927
4.3845825
4.4032187
4.419358
4.554154
4.5367594
4.5526223
4.6642656
4.5999656
4.6870656
4.7030573
4.734644
4.589153
4.572382
4.48354
4.7050223
4.6283264
4.465409
4.567506
4.4369273
4.25171
4.48582
4.3512225
4.5873065
4.757544
4.7501216
4.7678294
4.8322845
4.722554
4.6686845
4.5063577
4.874142
4.6693945
4.9821033
5.0902476
5.199869
5.2181387
5.398848
5.504476
5.3660574
5.2762337
5.08392
5.249522
5.216576
5.4085064
5.3154645
5.361419
5.2832537
5.4856133
5.514711
5.4970145
5.364449
5.256915
5.4602003
5.2992325
5.324778
5.434353
5.3602095
5.3062654
5.457775
5.556138
5.7568874
5.8564296
5.8272543
5.622642
5.759869
5.736213
5.722675
5.7977996
5.5658655
5.6629972
5.713295
5.6649055
5.6624804
5.7097344
5.7855663
5.785799
5.991489
6.0720387
6.372191
6.824814
6.7709594
6.899314
6.5135164
6.8540716
6.512556
6.4912925
6.4930415
6.467799
6.5353503
6.719962
6.637026
6.3477154
6.1785254
5.990181
5.933217
5.8344927
5.7689357
5.747207
5.8285527
5.6287766
5.592809
5.6532874
5.885573
5.860654
5.8899937
5.922238
6.1988945
6.119168
6.0952797
5.8843393
5.691958
5.6710377
5.8070374
6.0237722
6.1433387
6.170128
6.2799563
6.2327337
6.4865155
6.9427004
7.1173267
7.206825
7.4322443
7.660433
7.691484
7.8390813
8.088552
7.665066
7.126625
7.1349483
7.181145
7.3271465
7.153447
7.0554347
6.944418
6.9529934
6.8414183
6.950068
6.820687
6.712583
6.345299
6.3170547
6.2621756
6.298602
6.212764
6.147617
5.789083
5.840988
5.7261467
5.358707
5.6340876
5.74438
5.719704
6.0859776
6.2978034
6.513183
6.442767
6.816841
6.8214755
7.291615
7.3474884
7.311681
7.296591
7.5892763
7.5791025
7.6924777
7.952208
7.9537745
7.812621
7.359578
7.2064915
7.350518
7.36928
7.5194397
7.780139
7.6281734
7.6333375
7.522642
7.611087
7.474647
7.6317363
7.3181868
7.3749523
6.994959
7.201677
6.939102
7.157716
6.996771
6.9537535
6.8000474
6.85164
6.484987
6.493941
6.329892
6.129112
6.397675
6.609238
7.070309
7.160034
7.3201017
7.123687
6.965415
6.8904533
6.7236466
6.668273
6.8908505
7.0017257
7.2878957
7.1544313
7.246095
7.5166025
7.730365
7.9273105
8.097023
7.8740435
7.5240774
7.3573112
7.2318206
7.820493
7.852024
7.8825555
7.6033726
7.6644773
7.5859637
7.536145
7.323495
7.356759
7.05076
7.0036077
6.8899217
6.7170935
6.458631
6.568779
6.294368
6.26061
6.299971
6.315351
6.199609
6.190995
6.1194153
6.3297987
6.281072
6.6601195
7.121427
7.102498
7.152036
6.9636145
6.7289305
6.7512097
6.7516885
6.6253905
6.6191683
6.750173
6.6532693
6.423487
6.2990084
6.241152
6.3631883
6.0706353
6.147627
6.126717
6.6074743
6.820404
7.164988
7.351577
7.258984
6.907859
6.6677833
6.2684445
6.2234516
5.9246154
6.2388268
6.5985603
6.7297196
6.441617
6.5726943
6.3657084
6.6504726
6.954258
6.904624
6.9585986
7.0497713
7.0734954
6.9080358
6.9378796
7.000771
6.8829074
7.1319623
6.8773727
7.2443166
6.9384127
7.134429
6.9349976
6.9460664
6.728775
6.598035
6.4917483
6.671511
7.1314692
7.126232
7.380361
7.43173
7.674784
7.78437
7.903076
7.8436036
7.880599
7.793935
7.6909947
7.7225943
7.7904587
7.961288
7.8048377
7.802596
7.6582165
7.8921576
7.687499
7.8380976
7.4635005
7.748948
7.507153
7.752271
7.504686
7.8583584
7.5642657
7.4576945
7.482346
7.4188647
7.4359517
7.199711
7.1224666
6.9012694
6.867687
6.820249
6.897177
6.9334574
6.819629
6.4303703
6.2812195
6.4168706
6.275572
6.4631457
6.699755
7.335841
7.0656376
7.419816
7.2514954
7.5039377
7.5030675
7.9307213
7.719815
7.791296
7.9734244
7.860241
7.8944173
8.166194
7.969429
8.063543
7.692786
7.4943852
7.0271587
6.9928985
7.062091
7.1696424
7.168505
7.1549516
7.0501075
6.8867044
6.7237306
6.7746205
6.662171
6.6853986
6.4548807
6.654895
6.36968
6.2809243
6.5476995
6.466252
6.4795055
6.82881
6.745647
6.54894
6.8099027
6.4229794
6.435891
6.6352515
6.521519
6.8060236
7.0005317
7.0567036
7.202329
7.215159
7.388567
7.4731464
7.695515
7.6490326
7.6236067
7.3831544
7.3787
7.168776
7.2973285
7.0899982
7.088148
7.070352
7.247525
7.031795
7.0773416
6.868749
6.843863
6.853423
6.8610377
7.0064197
6.8841915
7.128369
7.129393
7.0271482
6.78793
6.794687
6.421105
6.308475
6.473593
6.390397
6.28374
6.450692
6.2401214
6.2445745
6.1169486
5.972487
6.0263596
5.9943385
6.019341
6.233749
6.431671
6.6552954
6.6210093
7.1314325
7.5444317
7.3025794
7.375765
7.1552906
7.2942095
7.332895
7.1865473
7.149138
7.1764603
6.9526267
7.12809
7.2414756
7.1866617
7.272326
6.9584246
6.950706
6.8028545
6.6188216
6.6576753
6.585651
6.0974984
5.8474092
5.884019
6.0109677
6.194991
6.3428173
6.298889
6.2451396
6.1603904
6.172465
6.125505
5.8368864
5.749376
5.8248343
6.2037983
6.115613
6.5530553
6.93413
7.201871
7.169504
7.1444964
7.453719
7.4658065
7.7174587
7.7632103
7.8167624
7.7989845
7.7566624
8.200787
7.6787806
7.6541624
7.3755245
7.5927954
7.586263
7.330785
7.295182
7.082343
7.0339565
6.9576793
6.6707063
6.700697
6.356891
6.112244
6.165059
6.0193186
5.9097667
6.2302704
5.997226
5.657186
5.7147937
5.569948
5.4119334
5.6371193
5.424439
5.443736
5.626771
5.596776
5.8958426
6.2672935
6.3609347
6.6794705
6.7711954
6.785749
6.9478903
7.2410975
6.790082
7.280666
7.489023
7.7468696
7.7550044
7.5577593
7.749398
7.838072
7.7743134
7.367443
7.469434
7.159476
7.186189
7.144474
6.955792
6.941501
7.0342307
7.0908465
6.981854
6.999322
6.9904523
6.79459
6.8572845
6.7152743
6.863517
7.148946
6.763676
6.9617476
7.0138135
7.026426
6.829817
6.782909
6.367956
6.4119616
6.0451126
6.194008
6.1757965
6.4037933
6.436601
6.663223
6.77166
7.2064147
7.287735
7.3938227
7.3150744
7.1699953
7.4148884
7.440318
7.44108
7.478221
7.351918
7.205283
7.118645
6.523487
6.1406116
6.3329463
6.2712493
6.5229993
6.4444685
6.535103
6.5019107
6.531129
6.276851
6.472626
6.41023
6.4289465
5.972146
6.0600543
6.0815163
6.208549
6.2894382
6.0724425
5.976668
5.961569
6.011753
5.9968925
6.212475
6.402641
6.4955645
6.645132
6.678643
6.6434126
7.068604
6.880701
7.073064
7.0674725
7.0661316
6.998836
6.851249
6.309477
6.4050603
6.402819
6.495244
6.518897
6.2189927
6.366762
6.3196297
6.359457
6.2498255
5.9450645
6.116064
5.915675
5.585421
5.6733303
5.965584
5.930404
6.2582583
6.2191753
6.0898414
6.3571124
6.2071967
6.597578
6.541671
6.6746187
6.733439
6.9560385
6.8919206
6.992937
7.0719013
6.9068174
6.8132544
6.9681063
6.9448853
6.9837785
6.9209433
6.979124
6.394469
6.6417227
6.54377
6.3912706
6.283337
6.1826873
6.333179
6.0207496
6.0533442
6.0608683
5.854533
5.866172
5.7976756
5.5964165
5.831787
5.9918747
6.0575647
5.943827
6.169845
6.3316154
6.476464
6.293626
6.373478
5.9880986
6.1241374
6.102832
5.715357
6.1484375
5.7661886
5.305023
5.1425724
5.482271
5.829561
6.007452
5.9620667
6.4605927
6.197521
6.1746087
6.105515
5.7152996
6.0088964
5.997876
5.9836855
5.653324
6.131057
6.4670134
6.451854
6.463886
6.602502
6.4638143
6.4659686
6.3547473
6.556105
6.3749065
6.414413
6.2856207
6.178955
6.244953
6.1524315
6.58078
6.290275
6.2584634
6.3587866
6.6077747
6.4469867
6.4689336
6.299567
6.110957
6.139176
5.717477
5.884343
5.7391286
6.0133686
6.2481933
6.495711
6.5369897
6.822767
6.916969
6.873687
7.236476
7.397996
7.550414
7.327354
6.9571633
7.109796
6.3284016
6.662343
6.3805113
6.473024
6.9523873
6.704507
6.695872
6.4813085
6.2415366
6.5254784
6.511063
6.541547
6.2417874
6.021111
5.4500647
6.2620487
6.2952905
6.6982803
6.544888
7.046351
7.191109
7.240369
7.106131
7.058832
7.155834
7.1534705
6.945084
7.215985
7.3207483
7.1610737
6.8827944
6.9711385
7.412257
6.891821
6.6230597
6.3060956
6.358841
6.255785
6.868164
6.8544254
7.225816
7.5422225
7.340293
7.1823516
7.288163
7.210081
7.243719
7.058363
7.424136
7.2889466
6.862425
6.878616
6.936866
6.994703
6.8209367
6.9234667
6.928957
7.032757
6.87534
6.796976
6.790478
6.7815566
6.7433906
6.7499256
6.860452
6.6646204
6.912537
6.7082615
6.7419033
6.682325
6.738447
6.722621
6.819303
6.5666995
6.8456345
6.8437185
6.7156787
6.7288895
6.6083164
6.7845206
6.5927434
6.7381315
7.3597097
7.283904
7.2960277
7.1585546
6.950851
6.749399
6.8938494
7.060308
7.0600085
6.6353755
6.7883873
6.443321
6.4373236
6.668072
6.716929
6.570707
6.4304557
6.629039
6.2859797
6.235093
6.057448
6.167451
6.2089596
6.173191
6.1941643
6.086169
6.2233596
5.8329263
6.366293
6.46385
6.2656837
6.1271753
6.077881
6.286873
6.2434573
6.5328813
6.896264
6.9941106
6.939898
6.9764643
7.09411
7.3723764
7.156673
7.227763
7.1412945
7.2662864
7.5718875
7.5575905
7.112625
7.0469694
6.7939224
6.6111784
6.5335617
6.633755
6.610116
6.3744397
6.2498555
6.10491
6.0966916
5.966961
6.1179204
6.0901594
6.176273
6.1883802
6.1852717
6.027935
5.8451257
5.881892
5.8338156
5.8864727
5.7866926
5.70503
5.674995
5.5338206
5.4065847
4.930107
5.1375604
5.474816
6.33159
6.8620343
7.062736
6.8595133
6.877346
6.6095304
6.759628
6.6962366
6.7494354
6.589763
6.033471
5.7726226
5.77733
5.756582
5.7258234
5.6471796
5.463043
5.580742
5.5946555
5.5493627
5.4565053
5.554279
5.8502035
5.9417176
5.8390446
5.943023
6.1744127
5.848874
5.740537
5.1000686
5.0180516
5.07992
5.0127106
5.135991
5.4227448
5.4226403
5.12302
5.2333937
5.3382764
5.2812853
4.813001
4.3791695
3.6037462
2.7308037
2.2477503
1.4691128
1.8057829
1.915979
2.0957458
2.225819
2.372017
2.4038944
2.3708398
2.39045
2.5171728
2.3567145
2.3366253
2.39672
2.2926424
2.2324035
2.1266708
2.058277
1.650906
1.6542085
1.6807482
1.8904123
1.5907176
1.9945043
2.1108742
1.8852699
1.4225523
1.3446063
1.3392097
1.3609124
1.3494258
1.4818306
1.2200978
1.2922025
1.385136
1.4439702
1.3289901
1.3008748
1.4196606
1.2804354
1.2368398
1.1431834
1.1830518
1.2525074
1.2448856
1.42807
1.5461344
1.5517367
1.5044
1.3918948
1.306958
1.3911165
1.3830415
1.3754921
1.2689734
1.1786277
1.4559641
1.7215433
1.597208
1.5087632
1.5293084
1.5285951
1.4978842
1.3828253
1.382971
1.3327264
1.3952918
1.3101876
1.4637692
1.347512
1.309909
1.3264087
1.319645
1.4313452
1.4040525
1.382332
1.4518033
1.4889128
1.5147862
1.5349374
1.506842
1.5729915
1.6334527
1.6070545
1.5314786
1.4979521
1.5000955
1.4884037
1.428915
1.4660994
1.5111419
1.3507663
1.4891253
1.3473147
1.3010584
1.4727932
1.3367397
1.4629179
1.3484476
1.3595393
1.4207506
1.2683495
1.4344778
1.3879845
1.4540219
1.331128
1.2141314
1.3964393
1.4710788
1.4028956
1.4381138
1.3442248
1.5066476
1.4900064
1.6088059
1.5188706
1.5548255
1.5699757
1.6203215
1.5986464
1.4377093
1.5535156
1.5752574
1.3660802
1.2459112
1.3478748
1.3469869
1.3507524
1.4201455
1.3331536
1.3867273
1.2748569
1.343769
1.4933031
1.6989807
1.6140345
1.8599043
1.6644171
1.7740172
1.4413418
1.4799224
1.7775487
1.5864565
1.4888511
1.4695807
1.536141
1.4851305
1.4062182
1.3444492
1.4992064
1.5546418
1.4668584
1.6929634
1.6144894
1.5898703
1.6408533
1.7893713
1.677575
1.8131113
1.5368258
1.5044848
1.6385012
1.5549347
1.5152346
1.5049295
1.6258152
1.6453195
1.5723946
1.5942618
1.6074034
1.6513748
2.0091088
1.8243045
1.4886047
1.5989867
1.647155
1.7622242
1.7190522
1.693851
1.6862537
1.5102698
1.4900684
1.499994
1.4773191
1.5050174
1.6632342
1.5670813
1.7505858
1.7911682
2.0203052
1.8576868
1.7909014
1.8133806
1.9475754
1.9291537
1.8858316
2.1849282
2.019625
1.627575
1.7048988
1.5966871
1.6999117
1.6605313
1.668819
1.5990107
1.805439
1.9290843
1.8069156
1.6738675
1.5470324
1.6409732
1.5607284
1.3238703
1.6243238
1.7829367
1.6337905
1.8774626
1.7845948
2.0072572
2.2153215
2.0834148
1.9518111
1.6080378
1.737458
1.7782311
1.4810644
1.6713579
1.6469185
1.6670371
1.6863968
1.5649304
1.5888876
1.6705225
1.5569413
1.5145111
1.6107485
1.3594683
1.5202817
1.433111
1.6886567
1.68982
1.5700436
1.4475323
1.5203424
1.4755704
1.5888371
1.7180984
1.594227
1.7307811
1.7843615
1.7996454
1.8249683
1.6103321
1.7109927
1.8617394
2.1021256
2.030876
2.0283706
1.7652162
1.7028334
1.6626016
1.6911523
1.6267681
1.4742986
1.5105993
1.6665308
1.8072412
1.7185107
1.7492222
2.0077844
2.0878923
2.034876
1.9450586
2.08251
1.9930466
2.0755763
1.9106318
2.0163894
1.9837172
1.770889
1.7691287
1.6460115
1.5148528
1.577919
1.4348295
1.2454591
1.2460585
1.3304337
1.2799059
1.5574366
1.4300759
1.4128815
1.3666183
1.3944085
1.501641
1.5075275
1.4565914
1.566662
1.3026339
1.236268
1.4010412
1.5245314
1.8142952
1.4783517
1.4226601
1.4510643
1.4475011
1.6197069
1.7787644
1.6215519
1.5909009
1.5904896
1.4021183
1.6111597
1.868883
1.8934969
1.6462651
1.7377481
1.7934475
1.5573423
1.7469301
1.9549882
1.8018472
1.7488437
1.6861674
1.7061595
1.7224772
1.7671036
1.9404968
1.5410987
1.6156849
1.4059675
1.3941835
1.4121691
1.4611927
1.3866307
1.3861772
1.5078747
1.6189036
1.645983
1.6362927
1.8862633
1.7258075
1.7629318
1.6085835
1.643059
1.490298
1.5076711
1.8646501
1.8373247
1.5936648
1.4589487
1.8167667
1.6904782
1.4057003
1.5794996
1.4129279
1.5885661
1.5509228
1.721412
1.857153
1.5916982
1.675339
1.5760972
1.399306
1.4143915
1.541302
1.42378
1.3888379
1.4582362
1.4937702
1.6372038
1.5300056
1.3790938
1.4377933
1.5470996
1.8249965
1.6640663
1.569556
1.5619484
1.5307608
1.7892283
1.6174451
1.6909409
1.6801413
1.5441917
1.5876946
1.6137803
1.6762009
1.5314599
1.3979906
1.5117035
1.5565823
1.3722169
1.4084628
1.4735553
1.368187
1.3646301
1.3367859
1.260534
1.3674217
1.5665907
1.4857658
1.4495392
1.4857719
1.6052573
1.6000816
1.7408444
1.5840551
1.6354437
1.505606
1.5112345
1.3292468
1.2599272
1.4695631
1.4895158
1.3889022
1.2670678
1.3276412
1.378918
1.7400485
1.7614076
1.634324
1.6620637
1.5574689
1.6218743
1.5352066
1.4714309
1.5169094
1.4931909
1.6036243
1.6255382
1.6690842
1.7288706
1.4799993
1.3727797
1.4480687
1.3710163
1.3641301
1.3029898
1.517499
1.4954221
1.4380772
1.5458144
1.5668125
1.7364073
1.7785311
1.4691868
1.5249972
1.5853751
1.5570143
1.5748322
1.7060829
1.6293757
1.665871
1.5323834
1.7487516
1.8852208
1.8545659
1.6476216
1.4542757
1.4094459
1.5307487
1.6246161
1.8700638
1.92421
1.6570666
1.4157448
1.2939053
1.2306104
1.2167934
1.3789554
1.4581884
1.479169
1.2772732
1.201113
1.5322733
1.7617426
1.4536003
1.5121373
1.8244923
1.8060087
1.8960028
1.8714287
1.4944108
1.6077801
1.6312162
1.5862837
1.5559354
1.607946
1.4642714
1.7128063
1.5824282
1.5201013
1.4723053
1.4416506
1.7686375
1.5260676
1.4404672
1.4430604
1.3923733
1.3320222
1.635356
1.6939647
1.7271905
1.5997021
1.5281997
1.3786923
1.509277
1.5224981
1.5169852
1.5568213
1.4120296
1.5015897
1.3857219
1.3027097
1.2550925
1.3043879
1.3275174
1.3215969
1.4787388
1.4353565
1.6227947
1.5944321
1.6751454
1.7728447
1.6114224
1.5186945
1.4847436
1.4768852
1.5073042
1.3316836
1.4602495
1.4979825
1.4008143
1.3503548
1.2349435
1.1564517
1.1874093
1.3054322
1.322382
1.3279017
1.3614788
1.4247193
1.3964297
1.3872749
1.1154428
1.3351477
1.3731824
1.4626169
1.2688146
1.187546
1.0072829
1.0679272
1.1711358
1.1625556
1.0992463
1.056872
1.1150131
1.1628857
1.0316236
1.1170709
1.248959
1.3314195
1.2662672
1.3087589
1.3830918
1.3653122
1.599743
1.8343883
1.2338555
1.292918
1.469657
1.4678718
1.3771937
1.308673
1.3797106
1.5038116
1.6081551
1.5126343
1.7254897
1.7010577
1.7543863
1.470904
1.6067255
1.5492147
1.362219
1.2838272
1.5400037
1.3992277
1.159538
1.2868633
1.0422063
1.077935
1.1718873
1.2447474
1.1701452
1.074183
1.1217549
1.191656
1.3698726
1.2888687
1.3477957
1.420342
1.5886017
1.6435473
1.3354844
1.2173547
1.139588
1.2920684
1.3525317
1.3446907
1.2722752
1.3590593
1.5792135
1.661289
1.6318713
1.5997287
1.2635642
1.2089298
1.3694806
1.2851334
1.5309643
1.5100005
1.5849223
1.5294842
1.4527127
1.2021539
1.2747724
1.3038929
1.4302281
1.386342
1.3753681
1.4852979
1.6913326
1.4231557
1.5577208
1.3615687
1.4543642
1.4657875
1.3456993
1.6208421
1.6407841
1.3201418
1.2820048
1.306593
1.2925755
1.2256676
1.6879743
1.7059345
1.3597627
1.1840873
1.4532579
1.5641448
1.4671181
1.3288112
1.4005814
1.5582054
1.5586059
1.637224
1.679465
1.5249857
1.5389168
1.4854149
1.768358
1.7253448
1.8510573
1.9071043
1.8927009
1.669074
1.6761827
1.6580999
1.8344246
1.7220495
1.5017407
1.3399616
1.4796474
1.5540735
1.5943475
1.5068682
1.4747524
1.4868647
1.4852087
1.4432331
1.5221134
1.3897294
1.3442729
1.3532106
1.416097
1.4476649
1.4100137
1.5972183
1.5381975
1.4425321
1.416804
1.3353825
1.3897737
1.4499824
1.605924
1.6088833
1.4401656
1.6825536
1.7326447
1.6102675
1.5963242
1.581578
1.5578824
1.4250195
1.5053529
1.5361924
1.5351919
1.4307586
1.4864206
1.4269383
1.4373178
1.4923806
1.4046111
1.3889437
1.5163884
1.5246495
1.537177
1.4951181
1.6016054
1.6909968
1.6018573
1.5727087
1.5822889
1.5861943
1.6378404
1.6533289
1.5744058
1.5288154
1.7150862
1.5182852
1.3908159
1.4970139
1.4968611
1.5334041
1.5760546
1.6571481
1.6729218
1.7390295
1.613023
1.6151322
1.593893
1.6192204
1.5381197
1.4808707
1.4938186
1.5539333
1.4899186
1.5593268
1.5266849
1.7167366
1.6120056
1.6486944
1.4961317
1.3576514
1.4824579
1.8476775
2.7742443
3.324415
3.473445
3.4120991
3.4368975
3.304357
3.5068843
3.4172053
3.4123657
3.4812777
3.5067198
3.6469567
3.601736
3.570346
3.784266
3.603468
3.824803
4.0094767
3.8640294
3.9061928
3.9103363
3.9030166
4.1480966
4.01935
3.8269534
3.4774318
3.7700438
3.0784993
3.2545104
3.1845095
3.159374
3.052578
3.162599
3.0972476
3.0032783
3.1327546
3.0467722
3.1328974
3.0698767
3.0668988
3.1323478
3.1799881
3.181646
3.198367
3.2286723
3.22545
3.2706347
3.3356254
3.2288551
3.3944077
3.3378623
3.2119222
3.2535071
3.2358763
3.2339683
3.2000098
3.1988664
3.2384307
3.1380167
3.0470846
3.0839605
3.0141194
2.9361439
3.121959
2.999838
3.1575432
3.2334068
3.236668
3.1909053
3.182003
3.2755451
3.3318791
3.4194992
3.3683124
3.4686859
3.41125
3.5942135
3.609712
3.5809836
3.483817
3.4926078
3.5012717
3.4770513
3.361604
3.5713942
3.4453454
3.597801
3.4931786
3.294063
3.3494542
3.3211036
3.4103498
3.6177323
3.9402018
3.8396637
3.834999
4.119978
4.1878233
4.4198513
4.491761
4.5750446
4.6706185
4.8606725
4.7782264
4.7455535
5.0697446
4.9127283
4.8508053
4.902193
4.835841
4.741122
4.800306
4.8175855
4.7562904
4.7865653
4.7331195
4.8139057
4.5012727
4.323402
4.3017707
4.005705
3.9963996
3.877456
3.5145688
3.6527548
3.8685966
3.5865958
3.3686666
3.5585306
3.4068828
3.3878396
3.3949447
3.3062258
3.0964673
3.015819
2.8825312
2.7875304
3.0550878
3.096271
3.2532616
3.3475351
3.247649
3.260326
3.109292
3.2494767
3.1540244
2.9051938
2.8603277
2.819625
2.852086
3.0633156
2.9865284
3.2649407
3.0248885
3.128336
3.1830256
3.090981
3.0297966
3.0104842
2.999408
3.3751738
3.359174
3.4386039
3.275513
3.3538797
3.2779331
3.0510118
3.2610347
2.9542282
3.06307
3.1538103
3.146328
3.244819
3.3370864
3.4064362
3.2947245
3.524258
3.6119874
3.3586464
3.3023612
3.059858
3.1094704
2.8732102
2.8590746
3.198337
3.2837234
3.319628
3.4737625
3.8094742
3.7670078
3.7824218
3.6391375
3.6446795
3.139944
3.1005318
2.7239664
2.4970253
2.6189833
2.4770079
2.4477015
2.781256
2.8238423
2.925006
2.9645612
2.8933434
3.0148056
3.0265207
2.7371159
2.8922427
3.0378509
3.113641
2.9231942
2.9317236
3.2183414
3.2607546
3.294495
3.645179
3.9668958
3.8999805
3.951889
3.9766397
3.7727513
3.8350484
3.7173054
3.5754173
