10000
9.850392
9.834004
9.781635
9.811677
9.7610035
9.795613
9.768841
9.749017
9.727222
9.619955
9.579202
9.557491
9.541714
9.457357
9.482418
9.415568
9.435224
9.337264
9.244602
9.211872
9.222782
9.252193
9.12878
9.021336
9.119467
9.085714
9.109679
9.015251
8.935065
8.921269
8.812565
8.814433
8.709362
8.709788
8.61178
8.611261
8.502571
8.384771
8.29703
8.351715
8.370023
8.199541
8.098946
8.054509
8.044456
7.8905125
7.771796
7.81424
7.6150723
7.5381684
7.2743077
7.49338
7.326029
7.1523037
7.072179
7.0066657
6.989273
6.852385
6.943247
6.9542956
7.0361986
7.0026145
6.938288
6.7834086
6.9441376
6.8473673
6.8262243
6.8506455
6.888277
6.9564824
6.9353724
7.0067015
6.9569793
6.947167
6.9962564
6.9774323
7.107663
6.9904814
7.06021
6.7971735
7.0493073
6.896057
6.978156
6.8513336
7.0033755
6.8444934
6.901955
7.0258737
6.9566875
6.9578342
6.97203
7.2307773
7.404481
7.3989596
7.489988
7.5618453
7.587149
7.8339453
7.9482636
8.242159
8.1588545
8.207
8.181298
8.037825
8.087455
8.237847
8.299722
8.274
8.230124
8.501688
8.40142
8.329023
8.29901
8.22652
8.176739
8.121184
8.114642
8.191563
8.134729
8.111654
8.052053
7.9738665
7.910308
8.0492325
7.981401
7.9749002
7.9824367
7.903738
7.8546286
7.780132
7.747732
7.652409
7.5950775
7.6482034
7.562375
7.585558
7.503616
7.6156864
7.5594764
7.5624156
7.608708
7.5901856
7.5495377
7.566097
7.499954
7.579872
7.5279355
7.5573177
7.6088777
7.542712
7.502846
7.608967
7.493304
7.494608
7.416248
7.4115477
7.3931913
7.41453
7.2804747
7.3267946
7.3719716
7.3361893
7.299019
7.3927608
7.3205404
7.2605524
7.2604785
7.3403487
7.353625
7.33741
7.3711634
7.398384
7.5080333
7.5380845
7.3175683
7.3882527
7.3026824
7.273336
7.316128
7.265241
7.1658883
7.126551
7.1135774
7.1236606
7.033037
7.104384
7.1020274
7.086526
7.120714
7.0118585
7.185235
7.049937
7.0182667
6.9167895
6.8716035
6.793682
6.7778425
6.6733427
6.5288577
6.8846793
6.5979404
6.6964145
6.555135
6.5691137
6.558256
6.3647876
6.3664255
6.4119086
6.386774
6.2508187
6.3356295
6.2548747
6.528107
6.4314528
6.59619
6.2228584
6.461386
6.603688
6.6269035
6.6941066
6.5027957
6.6580596
6.532189
6.827065
6.6963644
6.724175
6.484293
6.7938128
6.591708
6.7719355
6.73388
6.691484
6.657726
6.672531
6.7079577
6.696949
6.627204
6.5595837
6.67133
6.70453
6.5677805
6.641847
6.453727
6.7419667
6.6341352
6.849808
6.4766264
6.860158
6.790824
6.7329054
6.7397165
6.3657236
6.6584253
6.5487847
6.554832
6.5044246
6.602539
6.5628824
6.754585
6.7431736
6.554921
6.505501
6.6857834
6.613839
6.7162766
6.6356554
6.594392
6.7598057
6.789708
6.631434
6.7004457
6.6812534
6.633329
6.568431
6.6785026
6.467559
6.6161304
6.8178763
6.682851
6.5834355
6.7315216
6.723791
6.6639786
6.646203
6.5357795
6.633921
6.511619
6.700563
6.692313
6.60761
6.560719
6.567685
6.4546328
6.439057
6.6363535
6.2813134
6.4287577
6.506758
6.317188
6.427635
6.257945
6.342983
6.4504566
6.1573515
6.3104773
6.153952
6.641978
6.3907566
6.4700546
6.303385
6.6606655
6.5185738
6.473576
6.497548
6.258552
6.4734316
6.7110157
6.4366994
6.59923
6.4748034
6.5614395
6.4535513
6.6276393
6.5685797
6.616345
6.5250626
6.4800587
6.4790773
6.50061
6.423932
6.454634
6.3941603
6.5014324
6.2493544
6.490845
6.5130014
6.400222
6.2899184
6.1802616
6.2291117
6.309843
6.2023044
6.169404
6.2091136
6.0950217
6.467045
6.389221
6.322729
6.2937956
6.3286676
6.2985945
6.3649044
6.406436
6.2409267
6.375179
6.5147386
6.4084425
6.5686193
6.6497283
6.5338316
6.5088625
6.663344
6.740688
6.673898
6.8524837
6.8975058
6.7926993
6.807462
6.8766875
6.8724375
6.951466
6.9243364
6.9171653
7.0031605
7.087825
6.960457
7.0763316
6.9266696
7.0231915
6.8002176
6.8854823
6.824524
6.786661
6.76985
6.741099
6.84921
6.8288045
6.7495027
6.8083615
6.8243437
6.80327
6.7817807
6.7161164
6.625927
6.633993
6.516892
6.6924176
6.6480365
6.5517626
6.461788
6.641041
6.5998635
6.4469
6.471022
6.4463377
6.327606
6.427025
6.60915
6.58291
6.54264
6.4912443
6.6556396
6.542487
6.577346
6.645658
6.544669
6.7359524
6.63521
6.786992
6.7163525
6.682888
6.662528
6.748143
6.6595945
6.5169425
6.641965
6.55413
6.6746325
6.598747
6.7917147
6.710687
6.6904125
6.691365
6.935422
6.860836
6.7370114
6.7484374
6.7387524
7.02922
6.8948994
6.889372
6.8235955
6.892168
6.9043827
6.8420405
6.8368044
6.9431725
6.9236526
7.0334134
7.063174
6.9973435
6.8292513
6.9203796
6.9771166
6.78263
6.820922
6.906495
6.875872
6.8014965
6.840626
6.815434
6.853053
6.7968187
6.8491507
6.9315343
6.9075165
6.774244
6.7183967
6.937288
6.7444854
6.657613
6.904565
6.782534
6.853641
6.728912
6.8287773
6.9646206
6.902296
6.7225432
6.7461267
6.777143
6.937844
6.7520742
6.9538503
6.7819047
6.859935
6.9346786
6.9445124
6.9410553
6.8694167
7.0439153
6.963017
7.0671544
6.927539
7.0270185
7.0031395
7.229905
7.160038
7.396742
7.419439
7.2168612
7.1598783
7.351625
7.32015
7.274106
7.2705717
7.3862576
7.374875
7.4480915
7.577099
7.3783045
7.3882833
7.2774553
7.2866993
7.2286825
7.3616757
7.3686023
7.309062
7.42164
7.1293497
7.37931
7.3723636
7.1088004
7.1443114
7.127078
7.073373
6.9850297
7.0105133
6.9981427
6.8666444
6.9908347
6.855442
6.953994
6.9685125
7.022926
6.840465
7.099671
6.8775873
6.8707952
6.8477826
6.912035
6.79318
6.8578467
6.8324533
6.9461894
6.840786
6.8546085
6.9151917
6.919508
6.779665
6.7892966
6.779856
7.0252457
6.8820252
6.8725677
6.754686
6.886015
6.8113766
7.089882
6.8772073
7.134111
6.9231973
7.1255684
7.0868425
7.004288
7.02906
6.9605093
7.0674405
7.0813284
7.0971174
7.3758445
7.1903453
7.4080167
7.2445917
7.4298744
7.453435
7.475252
7.339891
7.3783426
7.4167867
7.515856
7.4050183
7.4294724
7.320533
7.1751075
7.454435
7.4590807
7.280027
7.3113327
7.2772827
7.117805
7.1368566
7.249474
7.245372
7.4114437
7.2439814
7.176524
6.9800415
6.878643
6.974096
6.9161654
7.0649548
7.0417514
6.905394
6.8316545
6.780411
6.7193217
6.8117766
6.7681394
6.7809563
6.68999
6.7396774
6.8241324
6.792995
6.8596506
6.852605
6.845946
6.8185563
7.0075493
6.775658
6.9779334
6.785156
6.8762746
6.80714
6.9331217
6.9522815
6.9194765
6.9368935
6.963085
7.082382
6.932566
7.047813
6.920266
6.8694506
7.1160316
6.98594
7.063644
7.1504974
6.890184
7.0617
7.341801
7.1655912
7.2679734
7.1418896
7.13725
7.2652817
7.106325
7.3147893
7.378208
7.3907404
7.277175
7.1199403
7.5118556
7.370528
7.2981577
7.3171234
7.5402265
7.2499404
7.319253
7.2926974
7.6181536
7.1995087
7.32125
7.2474747
7.2882957
7.242788
7.3045354
7.344238
7.425253
7.358129
7.1601834
7.2998323
7.1547275
7.112932
7.103403
7.082431
6.9768395
6.8647685
7.0445457
6.944134
6.891759
6.8665724
6.8131514
6.8657484
6.913494
6.8689256
6.801239
6.8153577
6.8967404
6.6869307
6.6518035
6.872664
6.948004
6.917369
6.8313336
6.9601364
6.661037
6.9080396
6.8958073
7.012829
6.769884
6.848078
7.0449905
6.9524264
6.9538946
6.919541
7.0206385
6.9749846
6.892413
7.097935
6.733898
7.0849247
7.0516844
7.0250373
7.211625
6.8626084
7.227332
7.2005706
7.229328
7.027586
7.1515083
7.0694585
7.1149817
7.1694303
7.1429777
7.327431
7.235257
7.369294
7.336742
7.4265685
7.465803
7.4152107
7.2556143
7.302772
7.283773
7.2323437
7.2632675
7.332303
7.320846
7.2742386
7.1907835
7.117364
7.14493
7.147144
7.1824546
7.0362177
7.2956347
7.1338725
7.1257777
6.993887
7.1021986
6.999108
7.0956993
7.054028
6.988641
6.8507266
7.0157323
6.909389
6.881875
6.922392
6.841224
6.7704945
6.913711
6.767346
6.869971
6.860562
6.922254
7.0444875
7.0584307
6.7757607
6.9827843
7.1613507
7.0768156
7.000266
6.9533157
6.5279155
6.509004
6.784836
6.6141677
6.1012416
5.8038297
5.5217566
5.132126
5.3545685
4.754301
4.5038557
4.098826
3.9146414
3.7269645
4.2032156
4.223835
4.212445
4.1678896
4.0079837
4.122654
4.1335487
4.0312634
3.9276967
3.9891114
3.8888385
3.9401088
3.9061508
4.0028653
3.7633848
3.91998
4.0773845
4.093969
4.471298
3.9883914
4.212742
3.9861567
4.030369
3.9425654
4.0187206
3.9524388
4.1777477
5.1689696
5.7738953
5.716309
5.565267
5.552955
5.2837634
5.5558763
5.8260612
6.6328487
6.415612
7.0941744
6.6936746
6.7039347
6.8550124
6.954491
6.783764
6.855652
6.838134
6.804855
6.8258734
7.0505643
7.073175
6.882571
6.973794
7.1972103
7.0755887
7.0094113
6.92536
7.0351
7.009831
7.118371
7.117724
7.1688914
7.0069227
6.9765124
7.173514
6.8447933
7.0811114
6.9894834
6.994803
6.900648
7.104621
7.2188845
7.109568
7.278284
7.3152003
7.391197
7.113239
7.4521646
7.313908
7.4477243
7.4157667
7.2417927
7.569592
7.4984307
7.589359
7.6088924
7.573093
7.503297
7.614749
7.5445294
7.4392023
7.5564895
7.5054646
7.590498
7.4931583
7.5402675
7.4992385
7.568553
7.6316223
7.5248337
7.4076343
7.3557215
7.435563
7.3690624
7.357406
7.480528
7.2596016
7.475104
7.1947403
7.2250915
7.2441964
7.4224033
7.276226
7.2758617
7.2752585
7.301032
7.2902937
7.406104
7.373474
7.324733
7.2365856
7.2966537
7.4455247
7.493978
7.5420837
7.3646264
7.6328855
7.4055743
7.5141983
7.4285755
7.5551147
7.5690465
7.4544897
7.4768896
7.5528393
7.468249
7.4664025
7.565937
7.4922714
7.6476316
7.576149
7.648377
7.6667175
7.8162994
7.6466165
7.6545444
7.876475
7.894512
7.72145
7.768502
7.6689653
7.717708
7.6467514
7.694467
7.4226823
7.5328183
7.5946436
7.561757
7.423522
7.5199094
7.399567
7.4477196
7.5539665
7.467816
7.322787
7.4618893
7.2798123
7.2776804
7.3594613
7.3865743
7.325837
7.2320633
7.3563614
7.2135878
7.506916
7.4732976
7.2675414
7.4493456
7.273077
7.323661
7.2416153
7.4492025
7.2292514
7.235097
7.3345013
7.5105786
7.3117537
7.4637017
7.6333265
7.4251943
7.4904985
7.5641756
7.664715
7.5295544
7.5315266
7.591669
7.7533493
7.765053
7.95285
7.714712
7.805993
7.6796966
7.7607865
7.8128247
7.759064
7.94493
7.7120624
7.594838
7.4985447
7.50439
7.487671
7.6801643
7.653945
7.649597
7.7201877
7.584776
7.6236296
7.611844
7.43273
7.4763613
7.2605314
7.377282
7.352168
7.3673677
7.3763447
7.463416
7.438935
7.443172
7.4450374
7.510853
7.6646395
7.420231
7.412944
7.476845
7.477126
7.618395
7.594821
7.552988
7.665655
7.741912
7.8332176
7.798876
7.9198637
7.7491775
7.6732106
7.7483654
7.7485666
7.855213
7.7741966
7.9194756
7.8012977
7.793997
7.79193
7.702585
7.7057905
7.769484
7.5830593
7.611369
7.611622
7.649723
7.655324
7.651365
7.6056347
7.523959
7.5846767
7.5504622
7.4468193
7.508114
7.581463
7.418679
7.4994707
7.443744
7.261589
7.5521293
7.517304
7.463621
7.423771
7.246223
7.2969794
7.5084314
7.487195
7.365713
7.3535643
7.700798
7.6617775
7.7776475
7.7143908
7.6824083
7.793797
7.8671513
7.70204
7.915932
7.852291
7.956761
7.8665314
7.826734
7.74576
7.6778536
7.850914
7.752732
7.389762
7.8324404
7.747368
7.697211
7.681353
7.5370755
7.609602
7.4842033
7.533175
7.3876166
7.6155467
7.5419755
7.409332
7.395033
7.56852
7.355098
7.381902
7.503025
7.4901366
7.486432
7.393824
7.349637
7.3541474
7.577593
7.5100045
7.4998775
7.595669
7.682478
7.64986
7.573659
7.6839848
7.9431953
7.736709
7.840608
7.9565067
7.758169
7.8374777
7.708106
8.0197935
7.8887243
7.918189
7.787758
7.690374
7.59985
7.7038493
7.6228514
7.697562
7.6247177
7.4235845
7.4520364
7.5080395
7.40963
7.3187194
7.2559414
7.3280544
7.348613
7.2490883
7.363158
7.3322144
7.550426
7.334249
7.2566166
7.473924
7.421114
7.2749095
7.506179
7.481057
7.549482
7.642063
7.545619
7.5759687
7.7724323
7.5614157
7.613525
7.687439
7.712734
7.5933003
7.853318
7.7576895
7.834543
7.584182
7.424188
7.7839694
7.528283
7.4069605
7.4450393
7.0989175
7.3361487
7.2120676
7.024387
7.2819567
7.1273837
7.23758
7.299169
6.9719267
7.2931476
7.1016974
6.9889154
7.088745
7.3766627
7.1246424
7.3633194
7.362326
7.4485593
7.4400573
7.5574555
7.6748695
7.325928
7.5662684
7.248886
7.599188
7.461791
7.730228
7.544117
7.7131166
7.7651186
7.494692
7.67455
7.548003
7.6854973
7.5816636
7.623174
7.3202972
7.3779416
7.5961366
7.220176
6.9619036
7.418946
7.1000175
7.1034317
7.2926397
7.040106
6.9511213
7.090144
7.0236816
6.763357
7.0876856
6.9941063
6.987591
7.0111227
7.0499873
6.9763856
7.140262
7.0661983
7.132614
7.299652
7.2564178
7.2477283
7.434072
7.3032584
7.4196897
7.586565
7.4372754
7.467412
7.6553955
7.3964806
7.325386
7.3922276
7.234473
7.3252444
7.192165
7.0967627
7.0209913
6.995645
7.091363
7.2460117
7.058028
7.0168653
6.9306087
6.787385
7.208605
7.02623
7.0380363
6.9007654
6.7387323
7.005319
6.872412
6.7762036
7.057233
7.1813507
7.1253595
7.050035
6.815941
7.0982847
6.946851
7.0511827
7.1346974
7.256141
7.3416305
7.2918167
7.444093
7.5661016
7.25744
7.566162
7.0796657
7.1427927
7.3482924
7.3770914
7.06884
7.256679
7.4924674
7.298802
7.171335
7.050029
7.1033764
7.173012
7.166749
6.8720803
6.622981
6.8730288
6.9501653
6.8767543
6.8159466
6.75105
6.833391
6.755648
6.656429
6.6928225
6.72064
6.7869186
6.902663
7.055265
6.902095
7.0518913
7.0830555
7.159859
7.0186105
7.2518826
7.207903
7.125886
7.041595
7.034028
7.2101464
6.835621
6.7305903
6.883192
6.8758626
6.7574253
6.767702
7.006031
6.715935
6.5919676
6.4285088
6.589709
6.5753617
6.556983
6.5720425
6.58485
6.5651274
6.642305
6.4215355
6.6002884
6.8100758
6.995635
6.6385193
6.8274984
6.7816224
6.749102
6.8677125
6.896554
6.926453
6.8740907
6.930163
6.8379235
6.9173493
6.821566
6.604674
6.692668
6.6033616
6.702202
6.6038017
6.4485197
6.7560873
6.620965
6.3605576
6.50434
6.4967623
6.319942
6.311679
6.2296553
6.427869
6.334636
6.0493317
6.2371616
6.127244
6.4132466
6.2842426
6.0943995
6.5211906
6.3646207
6.102522
6.422091
6.100871
6.088943
6.144717
6.333425
6.320386
6.329704
6.3091307
6.29035
6.4599013
6.310608
6.3575077
6.3691697
6.4914527
6.0916343
6.3628197
6.322992
6.162799
6.278988
6.1918163
6.332743
6.284689
6.1542697
6.376729
6.235985
6.1969714
6.1922045
6.301324
6.1792173
5.9856405
6.1382413
6.1003113
5.828144
5.913995
5.940811
6.0107675
5.919368
5.9312167
5.8786907
5.7524495
5.7859445
5.7347784
5.790166
6.1169167
5.8247457
5.7656
5.925331
6.0193496
5.867033
6.110362
6.241543
6.2622313
6.214562
6.2727995
6.1376514
6.114814
6.100613
6.25357
6.063165
5.962083
6.2397346
6.1899896
6.29719
6.3674994
6.529791
6.2149515
6.2743697
6.1445475
6.2962794
6.3392353
6.343698
6.4443274
6.4706388
6.4277086
6.38603
6.3888063
6.4128
6.3427076
6.359407
6.2355843
6.4267406
6.2234254
6.590605
6.400793
6.483094
6.399541
6.238872
6.529457
6.3849263
6.511375
6.620439
6.4575834
6.4075136
6.283487
6.518931
6.3266926
6.3730817
6.254101
6.034405
6.06182
6.0971503
6.248103
6.4213414
6.5147524
6.408024
6.4884915
6.6170955
6.5944824
6.4500456
6.5057716
6.5910883
6.490221
6.3872423
6.3124394
6.339316
6.576109
6.282326
6.297054
6.3097515
6.580184
6.6646395
6.5411973
6.6897893
6.633286
6.3349466
6.530791
6.5135984
6.571064
6.4332504
6.874673
6.890881
6.619776
6.9217873
6.8975263
6.7676764
6.5271506
6.617071
6.7662525
6.721136
6.5360007
6.365962
6.6022825
6.3905487
6.4303436
6.2997594
6.449452
6.355644
6.360807
6.563842
6.6254954
6.580314
6.58579
6.6205564
6.501204
6.578266
6.3973465
6.746013
6.5154004
6.562073
6.8637004
6.8925495
6.696007
6.8305893
6.669463
6.7875843
6.911271
6.83961
6.8338623
6.9155607
6.801132
6.873309
6.937115
6.834626
6.80892
7.1038055
6.8141685
6.7375383
6.8421926
6.6852584
6.6152463
6.882805
6.6371436
6.6834974
6.426625
6.6462812
6.8026137
6.8966227
6.895899
6.955428
6.7416716
6.8408394
6.6897225
6.656641
6.4710574
6.8259335
6.9411817
6.895919
6.737153
6.8327475
6.7865496
6.619606
6.3905215
6.4446726
6.323522
6.5542717
6.5755463
6.619787
6.641116
6.632029
6.33564
6.4757457
6.4639654
6.3999615
6.3895073
6.076398
6.0952826
5.7785144
5.9559717
6.014846
6.079489
6.24774
5.9831176
6.0384626
6.062194
6.1298556
6.1621847
5.91576
6.035534
6.074321
5.9242015
6.052077
5.936782
6.064458
6.0204496
6.020708
5.9600515
6.0044446
6.0685205
6.020677
6.140347
6.047603
6.318826
6.0111494
6.25555
6.1143103
6.1326137
6.2010117
6.169793
6.1528263
5.9664087
6.072167
6.24564
6.0799394
6.033694
5.9539084
6.0205536
5.9297748
5.96577
6.0208645
6.1269937
5.9565163
5.962639
5.81299
5.909171
5.952284
5.835961
5.8529425
6.016694
5.7706995
5.8034334
5.800754
5.740411
5.9001856
5.9112353
5.7882237
5.7961006
5.944321
5.7504177
5.8482585
5.8482394
5.646052
5.907487
5.775082
5.967865
5.9381747
5.9906
5.6926403
5.6367707
5.7306542
5.8441005
5.864028
5.7766237
5.817435
5.879447
5.8127866
5.8216324
5.7805924
5.7766504
5.749364
5.916295
5.902864
5.719531
5.6652203
5.82458
5.805641
5.6799836
5.891106
5.8977256
5.9416943
5.8344116
5.9952946
6.001576
5.932026
5.864588
5.9898324
5.7560368
6.086253
5.818983
6.0774984
5.9827757
5.925914
5.974158
5.890194
5.882117
6.004696
5.892203
5.6701803
6.111259
6.1548405
5.9857783
6.007817
6.1410246
6.158811
5.983424
5.899586
5.9648895
5.986298
5.970492
5.7644014
5.835564
5.8580627
5.9613643
5.9332776
5.881717
5.9381027
5.754036
6.0902143
5.961136
5.735873
5.7834725
5.7553854
5.703432
5.7954493
5.9637685
5.7341347
5.8370724
5.6935763
5.7110357
5.8657713
5.9486113
6.0040226
5.7692037
5.741936
5.858352
5.910861
5.9219313
5.877641
5.655847
5.8330975
5.668696
5.747605
5.5953135
5.650029
5.665645
5.526965
5.7307043
5.5039597
5.7166457
5.262152
5.6228724
5.38314
5.663849
5.4519987
5.406634
5.3799415
5.242916
5.676282
5.3375506
5.5685434
5.4858303
5.543988
5.3985624
5.578149
5.471529
5.7242613
5.227485
5.750723
5.177812
5.5866804
5.539648
5.5781612
5.6309786
5.6586523
5.5486374
5.633729
5.4854484
5.574082
5.442808
5.7057724
5.6499534
5.757248
5.398926
5.8365808
5.735028
5.306987
5.659776
5.395596
5.267492
5.639003
5.6736417
5.4089785
5.7984505
5.360613
5.6246786
5.632406
5.3391905
5.7486773
5.227567
5.373192
5.494895
5.4485335
5.4099736
5.569496
5.833165
5.453188
5.3216453
5.5625076
5.6302304
5.7002544
5.6282673
5.563979
5.624324
5.4994965
5.6658597
5.40106
5.7719707
5.475398
5.2565994
5.451571
5.559367
5.467548
5.66432
5.198313
5.1399946
5.5992107
5.4754744
5.4891667
5.3836884
5.2385616
5.4739604
5.391349
5.341672
5.3015523
5.2195196
5.229032
5.3997984
5.3358207
5.1641846
5.2591286
5.1681876
5.158692
5.195893
5.328432
5.31252
5.3554554
5.325341
5.3964014
5.3745685
5.3320103
5.246322
5.2150774
5.34482
5.3490186
5.2618203
5.282195
5.349283
5.325116
5.2326465
5.25331
5.350896
5.2653503
5.198555
5.0891323
4.9931355
5.224646
5.1853504
5.3277426
5.3174734
5.135139
5.1792893
