934.0,383.0,108.0,77.0
954.6849,385.54025,108.0,77.0
968.11194,385.90314,108.0,77.0
978.63586,385.54025,108.0,77.0
992.7887,388.0805,108.0,77.0
1008.39307,390.62076,108.0,77.0
1023.99744,395.33838,108.0,77.0
1038.8761,400.056,108.0,77.0
1051.5774,404.04782,108.0,77.0
1062.827,408.03964,108.0,77.0
1072.6251,411.30566,108.0,77.0
1080.9717,415.2975,108.0,77.0
1087.1409,418.5635,108.0,77.0
1092.5842,421.10376,108.0,77.0
1096.576,423.644,108.0,77.0
1099.842,426.18427,108.0,77.0
1100.9307,427.99872,108.0,77.0
1101.2936,430.53897,108.0,77.0
1100.9307,432.35342,108.0,77.0
1098.3904,433.4421,108.0,77.0
1095.8501,434.5308,108.0,77.0
1091.1324,436.34525,108.0,77.0
1087.1406,436.70813,108.0,77.0
1081.6973,438.52258,108.0,77.0
1076.2539,439.61127,108.0,77.0
1071.5363,439.97415,108.0,77.0
1065.3671,441.7886,108.0,77.0
1059.9237,442.8773,108.0,77.0
1053.0287,443.96597,108.0,77.0
1046.8595,445.78043,108.0,77.0
1039.9645,446.8691,108.0,77.0
1033.7953,447.9578,108.0,77.0
1026.9003,449.04648,108.0,77.0
1020.00525,449.40936,108.0,77.0
1013.1102,451.22382,108.0,77.0
1006.94104,453.03827,108.0,77.0
1000.046,454.85272,108.0,77.0
993.151,456.66718,108.0,77.0
986.256,458.48163,108.0,77.0
979.36096,460.29608,108.0,77.0
972.46594,461.38477,108.0,77.0
966.29675,463.19922,108.0,77.0
959.4018,465.01367,108.0,77.0
952.50684,466.10236,108.0,77.0
945.6119,467.9168,108.0,77.0
939.4427,470.45706,108.0,77.0
933.2735,472.2715,108.0,77.0
927.1043,474.08594,108.0,77.0
920.9351,476.62622,108.0,77.0
914.7659,479.16644,108.0,77.0
909.3225,480.9809,108.0,77.0
903.8791,483.52112,108.0,77.0
898.43567,485.33557,108.0,77.0
892.99225,487.15002,108.0,77.0
887.5488,488.96448,108.0,77.0
882.1054,491.5047,108.0,77.0
877.3878,493.31915,108.0,77.0
872.6702,495.1336,108.0,77.0
866.50104,496.94806,108.0,77.0
861.78345,499.48828,108.0,77.0
857.7916,500.57697,108.0,77.0
853.07404,502.39142,108.0,77.0
850.5338,503.4801,108.0,77.0
845.8162,505.29456,108.0,77.0
843.276,505.65747,108.0,77.0
840.7358,506.74615,108.0,77.0
837.4697,507.83484,108.0,77.0
836.38104,508.19775,108.0,77.0
835.29236,507.83484,108.0,77.0
834.92944,508.92352,108.0,77.0
834.5665,509.28644,108.0,77.0
834.92944,508.19775,108.0,77.0
836.7439,508.56067,108.0,77.0
837.8326,508.92358,108.0,77.0
840.3728,508.56067,108.0,77.0
842.913,507.472,108.0,77.0
844.7275,507.10907,108.0,77.0
846.54193,505.29462,108.0,77.0
847.6306,504.9317,108.0,77.0
849.44507,503.84302,108.0,77.0
851.2595,502.75433,108.0,77.0
852.3482,501.66565,108.0,77.0
853.4369,499.8512,108.0,77.0
853.7998,498.03674,108.0,77.0
852.7111,495.49652,108.0,77.0
853.07404,495.1336,108.0,77.0
852.7111,492.59338,108.0,77.0
851.62244,491.5047,108.0,77.0
850.53375,488.96448,108.0,77.0
849.44507,487.8758,108.0,77.0
849.08215,486.06134,108.0,77.0
847.2677,482.7953,108.0,77.0
846.9048,482.43237,108.0,77.0
844.36456,479.89215,108.0,77.0
843.2759,478.80347,108.0,77.0
841.4614,476.26324,108.0,77.0
839.647,473.723,108.0,77.0
837.8325,473.3601,108.0,77.0
836.01807,470.0941,108.0,77.0
834.9294,468.27963,108.0,77.0
833.8407,466.46518,108.0,77.0
832.752,464.65073,108.0,77.0
831.6633,462.83627,108.0,77.0
831.3004,461.7476,108.0,77.0
831.6633,459.20734,108.0,77.0
830.57465,456.66708,108.0,77.0
830.93756,454.85263,108.0,77.0
831.3005,453.03818,108.0,77.0
833.1149,450.49792,108.0,77.0
833.47784,448.68347,108.0,77.0
834.5665,446.86902,108.0,77.0
834.92944,444.32877,108.0,77.0
837.46967,441.7885,108.0,77.0
839.2841,439.97406,108.0,77.0
841.0986,437.4338,108.0,77.0
842.913,434.89355,108.0,77.0
844.7275,432.3533,108.0,77.0
846.54193,429.81305,108.0,77.0
847.6306,427.9986,108.0,77.0
849.44507,425.45834,108.0,77.0
851.9853,422.9181,108.0,77.0
852.3482,420.37784,108.0,77.0
853.4369,417.8376,108.0,77.0
854.5256,416.7489,108.0,77.0
853.4369,414.20865,108.0,77.0
855.25134,411.6684,108.0,77.0
854.8884,410.5797,108.0,77.0
854.5255,408.76526,108.0,77.0
854.1626,407.67657,108.0,77.0
854.5255,405.86212,108.0,77.0
853.4368,404.04767,108.0,77.0
853.79974,402.23322,108.0,77.0
852.71106,401.14453,108.0,77.0
851.6224,399.33008,108.0,77.0
850.5337,398.2414,108.0,77.0
850.1708,397.1527,108.0,77.0
849.80786,396.06403,108.0,77.0
848.7192,394.97534,108.0,77.0
848.35626,395.33823,108.0,77.0
847.99335,392.79797,108.0,77.0
847.63043,393.16086,108.0,77.0
845.816,390.6206,108.0,77.0
846.1789,391.7093,108.0,77.0
845.0902,389.89484,108.0,77.0
844.0015,389.53195,108.0,77.0
842.91284,387.7175,108.0,77.0
842.5499,387.3546,108.0,77.0
840.7355,386.26593,108.0,77.0
840.37256,385.17725,108.0,77.0
840.00964,384.08856,108.0,77.0
838.1952,382.99988,108.0,77.0
837.8323,383.36276,108.0,77.0
836.0178,380.8225,108.0,77.0
835.6549,380.45963,108.0,77.0
833.84045,378.64517,108.0,77.0
833.47754,377.5565,108.0,77.0
833.84045,376.4678,108.0,77.0
832.026,374.65335,108.0,77.0
832.3889,373.56467,108.0,77.0
832.75183,371.7502,108.0,77.0
832.3889,370.66153,108.0,77.0
833.4776,369.57285,108.0,77.0
833.8405,367.7584,108.0,77.0
834.2034,366.6697,108.0,77.0
834.1382,363.1824,110.3895,78.70363
835.251,361.3278,110.3895,78.70363
835.18427,360.0723,112.83187,80.44495
835.90283,357.21564,115.32828,82.22479
837.44135,356.70807,117.87991,84.044014
841.00616,353.93542,117.87991,84.044014
843.7788,354.3315,117.87991,84.044014
847.3436,353.14325,117.87991,84.044014
851.7006,352.74716,117.87991,84.044014
855.26544,351.5589,117.87991,84.044014
859.62244,350.37064,117.87991,84.044014
862.01685,349.85184,120.48801,85.90349
867.27997,349.447,120.48801,85.90349
872.2476,348.91675,123.1538,87.8041
880.11005,347.67532,123.1538,87.8041
888.62225,347.99197,125.87858,89.746765
897.32275,345.68265,128.66364,91.732414
908.907,342.42517,131.51031,93.76199
927.166,344.59717,134.41998,95.83648
946.7662,342.13116,137.39403,97.95686
967.75793,343.44238,140.43387,100.12416
989.2141,340.86603,143.54097,102.33941
1011.14514,337.23187,146.71681,104.60367
1012.07947,330.44852,149.96292,106.91802
1004.66974,320.37833,153.28085,109.283585
1023.8139,312.22275,156.6722,111.701485
1035.7351,313.71796,160.13857,114.17288
1036.7549,316.36273,163.68163,116.69896
1038.9385,319.06604,167.30309,119.28092
1101.8271,322.99567,171.00467,121.92001
1108.8776,328.2045,174.78815,124.61749
1101.46,334.74725,178.65533,127.37466
1092.6326,336.45224,182.60808,130.19283
1083.61,331.82898,186.64828,133.07335
1076.9904,336.21298,190.77788,136.0176
1070.2244,334.0432,194.99884,139.02698
1063.3086,337.26376,199.31319,142.10295
1054.8503,334.99695,203.72299,145.24698
1044.7843,336.94116,208.23036,148.46057
1034.4957,336.02475,212.83746,151.74525
1023.97943,338.05597,217.5465,155.10262
1011.7137,332.5482,222.35971,158.53426
1004.9893,337.77826,222.35971,158.53426
996.77057,335.5368,222.35971,158.53426
984.23346,336.10855,227.27942,162.04182
977.3603,335.34488,227.27942,162.04182
966.13043,334.3446,232.30798,165.627
956.27185,330.0828,237.4478,169.29149
950.6869,330.88065,237.4478,169.29149
945.1019,326.8914,237.4478,169.29149
939.51697,327.68924,237.4478,169.29149
933.932,326.8914,237.4478,169.29149
928.34705,322.90213,237.4478,169.29149
919.92584,320.2016,242.70134,173.03706
912.58624,317.7551,242.70134,173.03706
908.5087,320.2016,242.70134,173.03706
902.8002,316.12408,242.70134,173.03706
900.35364,313.67758,242.70134,173.03706
896.2761,314.49307,242.70134,173.03706
893.8296,312.04657,242.70134,173.03706
893.0141,309.60007,242.70134,173.03706
890.56757,308.78458,242.70134,173.03706
888.12103,306.33807,242.70134,173.03706
888.9365,303.89157,242.70134,173.03706
884.859,301.44507,242.70134,173.03706
885.6745,298.99857,242.70134,173.03706
881.597,294.92105,242.70134,173.03706
885.6745,294.10556,242.70134,173.03706
879.96594,288.39703,242.70134,173.03706
884.04346,287.58154,242.70134,173.03706
878.3349,283.50403,242.70134,173.03706
879.1504,279.4265,242.70134,173.03706
876.70386,276.98,242.70134,173.03706
879.1504,274.5335,242.70134,173.03706
873.44183,268.82498,242.70134,173.03706
880.7814,268.0095,242.70134,173.03706
875.0728,263.93198,242.70134,173.03706
879.1503,261.48547,242.70134,173.03706
875.6194,257.03296,248.0711,176.86551
874.78577,254.53233,248.0711,176.86551
877.2865,252.0317,248.0711,176.86551
876.4529,251.19814,248.0711,176.86551
877.2865,247.03038,248.0711,176.86551
878.12,247.86394,248.0711,176.86551
875.6194,243.69618,248.0711,176.86551
879.7871,244.52974,248.0711,176.86551
875.6194,240.36198,248.0711,176.86551
881.4542,239.52843,248.0711,176.86551
878.9535,238.69487,248.0711,176.86551
878.80365,234.14388,253.55968,180.77866
879.65564,234.99586,253.55968,180.77866
878.80365,232.4399,253.55968,180.77866
879.65564,231.5879,253.55968,180.77866
880.5076,230.73592,253.55968,180.77866
881.3596,229.88393,253.55968,180.77866
880.5076,229.03194,253.55968,180.77866
880.35443,227.91602,259.16968,184.77838
879.4836,225.3035,259.16968,184.77838
882.0961,226.17435,259.16968,184.77838
879.4836,225.3035,259.16968,184.77838
882.0961,226.17435,259.16968,184.77838
881.2253,225.3035,259.16968,184.77838
882.0961,226.17435,259.16968,184.77838
882.967,225.3035,259.16968,184.77838
882.0961,226.17435,259.16968,184.77838
882.967,227.0452,259.16968,184.77838
883.8378,227.91605,259.16968,184.77838
886.4504,228.7869,259.16968,184.77838
883.8378,226.17438,259.16968,184.77838
886.4504,228.7869,259.16968,184.77838
887.3212,227.91605,259.16968,184.77838
886.4504,230.52856,259.16968,184.77838
887.3212,229.65771,259.16968,184.77838
888.1921,232.27023,259.16968,184.77838
887.3212,229.65771,259.16968,184.77838
889.9338,234.01193,259.16968,184.77838
885.5796,231.39941,259.16968,184.77838
889.9338,235.75363,259.16968,184.77838
887.3212,233.14111,259.16968,184.77838
889.9338,237.49533,259.16968,184.77838
887.3212,234.88281,259.16968,184.77838
889.9338,239.23703,259.16968,184.77838
887.3212,236.62451,259.16968,184.77838
891.6754,240.97873,259.16968,184.77838
889.06287,238.36621,259.16968,184.77838
889.9337,242.72043,259.16968,184.77838
887.32117,240.10791,259.16968,184.77838
889.9337,246.2038,259.16968,184.77838
885.5795,240.10791,259.16968,184.77838
888.1921,246.2038,259.16968,184.77838
885.5795,241.84958,259.16968,184.77838
888.1921,246.2038,259.16968,184.77838
885.5795,243.59128,259.16968,184.77838
886.4504,246.2038,259.16968,184.77838
883.8378,241.84958,259.16968,184.77838
886.4504,246.2038,259.16968,184.77838
882.0962,241.84958,259.16968,184.77838
884.70874,244.4621,259.16968,184.77838
882.0962,240.10788,259.16968,184.77838
882.96704,242.7204,259.16968,184.77838
880.3545,238.36618,259.16968,184.77838
881.22534,237.49533,259.16968,184.77838
878.6128,236.62448,259.16968,184.77838
879.48364,235.75363,259.16968,184.77838
878.6128,234.88278,259.16968,184.77838
877.74194,234.01193,259.16968,184.77838
876.8711,231.39941,259.16968,184.77838
877.74194,230.52856,259.16968,184.77838
875.1294,227.91605,259.16968,184.77838
874.25854,228.7869,259.16968,184.77838
873.3877,226.17438,259.16968,184.77838
872.51685,225.30353,259.16968,184.77838
873.3877,224.43268,259.16968,184.77838
870.77515,221.82016,259.16968,184.77838
871.646,224.43268,259.16968,184.77838
869.03345,220.07846,259.16968,184.77838
869.9043,224.43268,259.16968,184.77838
870.77515,220.07846,259.16968,184.77838
869.9043,220.94931,259.16968,184.77838
869.03345,220.07846,259.16968,184.77838
866.4209,219.20761,259.16968,184.77838
869.03345,220.07846,259.16968,184.77838
864.67926,219.20761,259.16968,184.77838
867.2918,221.82013,259.16968,184.77838
864.67926,219.20761,259.16968,184.77838
865.5501,223.56183,259.16968,184.77838
862.93756,220.94931,259.16968,184.77838
863.8084,227.0452,259.16968,184.77838
864.67926,226.17435,259.16968,184.77838
862.0667,227.0452,259.16968,184.77838
862.93756,231.39941,259.16968,184.77838
860.325,230.52856,259.16968,184.77838
862.93756,236.62445,259.16968,184.77838
858.5834,235.7536,259.16968,184.77838
861.1959,241.84949,259.16968,184.77838
858.5834,244.462,259.16968,184.77838
857.7125,248.81622,259.16968,184.77838
856.8417,253.17044,259.16968,184.77838
854.2291,255.78296,259.16968,184.77838
853.3583,261.87885,259.16968,184.77838
852.4874,267.97473,259.16968,184.77838
849.8749,272.32895,259.16968,184.77838
850.7457,278.42484,259.16968,184.77838
848.1332,282.77905,259.16968,184.77838
845.5206,290.6166,259.16968,184.77838
844.6498,296.7125,259.16968,184.77838
843.77893,302.80838,259.16968,184.77838
842.9081,310.64594,259.16968,184.77838
840.29553,316.74182,259.16968,184.77838
837.683,324.57938,259.16968,184.77838
838.55383,332.41693,259.16968,184.77838
835.9413,340.2545,259.16968,184.77838
833.32874,346.35037,259.16968,184.77838
832.4579,354.18793,259.16968,184.77838
828.1037,360.2838,259.16968,184.77838
825.49115,366.3797,259.16968,184.77838
821.13696,372.4756,259.16968,184.77838
818.5244,378.57147,259.16968,184.77838
814.1702,382.9257,259.16968,184.77838
811.5577,389.02158,259.16968,184.77838
807.2035,391.6341,259.16968,184.77838
802.8493,395.9883,259.16968,184.77838
798.4951,400.34253,259.16968,184.77838
794.1409,404.69675,259.16968,184.77838
789.78674,407.30927,259.16968,184.77838
785.43256,409.92178,259.16968,184.77838
781.07837,414.276,259.16968,184.77838
773.2408,416.88852,259.16968,184.77838
768.8866,419.50104,259.16968,184.77838
764.5324,420.37192,259.16968,184.77838
760.1782,422.9844,259.16968,184.77838
755.82404,425.59695,259.16968,184.77838
753.2115,424.7261,259.16968,184.77838
748.8573,427.33865,259.16968,184.77838
746.24475,428.2095,259.16968,184.77838
741.89056,429.08035,259.16968,184.77838
739.278,431.6929,259.16968,184.77838
734.9238,427.3387,259.16968,184.77838
734.053,431.6929,259.16968,184.77838
729.6988,429.08035,259.16968,184.77838
728.82794,431.6929,259.16968,184.77838
726.2154,429.08035,259.16968,184.77838
723.60284,429.9512,259.16968,184.77838
720.9903,429.08035,259.16968,184.77838
718.37775,429.9512,259.16968,184.77838
717.5069,429.08035,259.16968,184.77838
714.89435,428.2095,259.16968,184.77838
714.0235,427.33865,259.16968,184.77838
711.41095,426.4678,259.16968,184.77838
710.5401,427.33865,259.16968,184.77838
707.92755,424.7261,259.16968,184.77838
707.0567,427.33865,259.16968,184.77838
706.18585,422.98447,259.16968,184.77838
705.315,425.59702,259.16968,184.77838
702.70245,422.98447,259.16968,184.77838
703.5733,423.85532,259.16968,184.77838
700.96075,421.24277,259.16968,184.77838
700.0899,422.11362,259.16968,184.77838
699.21906,419.5011,259.16968,184.77838
698.3482,422.11362,259.16968,184.77838
697.47736,417.7594,259.16968,184.77838
698.3482,422.11362,259.16968,184.77838
695.73566,416.01773,259.16968,184.77838
693.7721,418.49115,264.9038,188.86661
692.88196,414.0406,264.9038,188.86661
691.9918,418.49115,264.9038,188.86661
691.1017,412.26038,264.9038,188.86661
690.21155,416.71088,264.9038,188.86661
687.5412,412.26038,264.9038,188.86661
686.65106,414.93066,264.9038,188.86661
685.7609,412.26038,264.9038,188.86661
684.8708,413.15045,264.9038,188.86661
683.98065,408.69995,264.9038,188.86661
683.0905,413.15045,264.9038,188.86661
680.42017,406.91974,264.9038,188.86661
679.53,411.37024,264.9038,188.86661
676.8597,406.91974,264.9038,188.86661
675.96954,411.37024,264.9038,188.86661
675.0794,405.13953,264.9038,188.86661
672.40906,409.59003,264.9038,188.86661
671.5189,403.3593,264.9038,188.86661
670.6288,407.8098,264.9038,188.86661
669.73865,403.3593,264.9038,188.86661
668.8485,406.0296,264.9038,188.86661
667.9584,401.5791,264.9038,188.86661
668.8485,404.2494,264.9038,188.86661
664.39795,398.01868,264.9038,188.86661
663.5078,402.46918,264.9038,188.86661
660.83746,398.01868,264.9038,188.86661
658.1671,402.46918,264.9038,188.86661
655.49677,396.23846,264.9038,188.86661
654.6066,400.68896,264.9038,188.86661
651.9363,394.45825,264.9038,188.86661
651.04614,398.90875,264.9038,188.86661
650.156,394.45825,264.9038,188.86661
647.48566,397.12854,264.9038,188.86661
648.3758,390.89783,264.9038,188.86661
647.48566,395.34833,264.9038,188.86661
646.5955,389.1176,264.9038,188.86661
645.7054,393.5681,264.9038,188.86661
643.03503,387.3374,264.9038,188.86661
642.1449,391.7879,264.9038,188.86661
639.47455,387.3374,264.9038,188.86661
638.5844,390.0077,264.9038,188.86661
635.91406,385.5572,264.9038,188.86661
635.0239,388.22748,264.9038,188.86661
634.1338,383.77698,264.9038,188.86661
631.46344,388.22748,264.9038,188.86661
628.7931,380.2165,264.9038,188.86661
627.90295,386.44727,264.9038,188.86661
627.0128,380.2165,264.9038,188.86661
624.34247,384.66705,264.9038,188.86661
621.6721,378.43628,264.9038,188.86661
617.22156,381.10663,264.9038,188.86661
614.5512,374.87585,264.9038,188.86661
610.10065,379.32642,264.9038,188.86661
605.6501,371.31543,264.9038,188.86661
601.1995,375.76593,264.9038,188.86661
594.96875,371.31543,264.9038,188.86661
590.5182,373.98572,264.9038,188.86661
586.0676,369.53522,264.9038,188.86661
578.05664,372.2055,264.9038,188.86661
571.82587,365.9748,264.9038,188.86661
565.5951,370.4253,264.9038,188.86661
559.3643,364.19458,264.9038,188.86661
549.5731,365.08466,264.9038,188.86661
541.56213,362.41437,264.9038,188.86661
531.77094,363.30444,264.9038,188.86661
523.75995,360.63416,264.9038,188.86661
513.96875,361.52423,264.9038,188.86661
505.95776,358.85394,264.9038,188.86661
492.8689,359.53503,270.7648,193.04529
486.5003,353.1664,270.7648,193.04529
478.31207,355.8958,270.7648,193.04529
470.12384,354.98602,270.7648,193.04529
463.75525,352.25662,270.7648,193.04529
457.38666,354.98602,270.7648,193.04529
452.83765,348.6174,270.7648,193.04529
446.46906,353.1664,270.7648,193.04529
440.10046,346.7978,270.7648,193.04529
435.55145,351.3468,270.7648,193.04529
431.00244,344.97818,270.7648,193.04529
426.45343,347.70758,270.7648,193.04529
421.90442,344.97818,270.7648,193.04529
419.175,345.88797,270.7648,193.04529
416.44556,344.97818,270.7648,193.04529
415.53577,344.0684,270.7648,193.04529
412.80634,344.97818,270.7648,193.04529
410.0769,342.24878,270.7648,193.04529
405.5279,344.97818,270.7648,193.04529
404.6181,342.24878,270.7648,193.04529
403.7083,346.7978,270.7648,193.04529
402.79852,342.24878,270.7648,193.04529
401.88873,343.15857,270.7648,193.04529
404.61816,340.42917,270.7648,193.04529
398.24957,344.97818,270.7648,193.04529
400.979,342.24878,270.7648,193.04529
392.79077,344.97818,270.7648,193.04529
393.70056,347.70758,270.7648,193.04529
385.51233,344.97818,270.7648,193.04529
382.7829,345.88797,270.7648,193.04529
379.53152,345.3156,264.99066,188.92854
376.34952,348.1883,259.33966,184.89958
371.99246,343.83124,259.33966,184.89958
367.6354,342.95984,259.33966,184.89958
363.27835,340.3456,259.33966,184.89958
364.14975,341.217,259.33966,184.89958
347.59293,342.0884,259.33966,184.89958
348.46432,339.47418,259.33966,184.89958
333.65033,343.83124,259.33966,184.89958
339.7502,346.44547,259.33966,184.89958
321.45056,350.80252,259.33966,184.89958
341.49304,356.9024,259.33966,184.89958
337.136,357.7738,259.33966,184.89958
327.55045,358.6452,259.33966,184.89958
314.47928,357.7738,259.33966,184.89958
273.52292,349.9311,259.33966,184.89958
265.6802,347.31686,259.33966,184.89958
270.03726,342.9598,259.33966,184.89958
255.22327,347.31686,259.33966,184.89958
275.62674,340.04932,253.80916,180.95654
257.78293,346.0888,248.3966,177.0976
248.60187,338.57703,248.3966,177.0976
247.76721,344.41953,248.3966,177.0976
255.27899,341.9156,248.3966,177.0976
253.90518,347.8263,243.09947,173.32094
252.5607,336.28992,237.9153,169.62482
245.36588,340.28705,237.9153,169.62482
244.56644,334.69107,237.9153,169.62482
259.7555,327.49625,237.9153,169.62482
268.54916,329.89453,237.9153,169.62482
276.47968,332.47372,232.84169,166.00752
291.782,328.96512,227.87627,162.46736
302.32996,324.0553,223.01674,159.0027
312.0717,327.80212,223.01674,159.0027
326.30957,322.55658,223.01674,159.0027
334.55255,314.3136,223.01674,159.0027
350.28915,300.0757,223.01674,159.0027
364.52704,293.33145,223.01674,159.0027
377.2662,303.07318,223.01674,159.0027
394.50156,309.81744,223.01674,159.0027
409.1582,315.1242,218.26083,155.61192
423.09247,320.25787,218.26083,155.61192
431.15967,315.1242,218.26083,155.61192
433.3598,308.52377,218.26083,155.61192
448.7608,310.7239,218.26083,155.61192
447.5537,317.33127,213.60635,152.29346
456.0575,327.94855,209.05113,149.04575
463.7843,317.412,209.05113,149.04575
474.32086,309.68518,209.05113,149.04575
501.6007,318.7219,204.59305,145.8673
517.41223,323.5341,204.59305,145.8673
524.97424,324.22156,204.59305,145.8673
535.76965,329.08994,200.23004,142.75664
560.6014,323.47882,195.96008,139.71231
588.7115,323.06458,191.78117,136.73291
599.66644,332.73068,191.78117,136.73291
611.91016,339.81915,191.78117,136.73291
607.3993,330.15305,191.78117,136.73291
615.7766,317.9093,191.78117,136.73291
628.0203,321.13135,191.78117,136.73291
640.26404,329.50864,191.78117,136.73291
648.64136,337.88593,191.78117,136.73291
655.72986,333.37506,191.78117,136.73291
660.2407,328.8642,191.78117,136.73291
667.3292,338.5303,191.78117,136.73291
661.52954,331.44183,191.78117,136.73291
688.1566,333.2721,196.02434,139.75813
693.5051,333.77612,200.36137,142.85028
704.9502,341.18173,200.36137,142.85028
715.04877,339.16202,200.36137,142.85028
722.4544,334.44934,200.36137,142.85028
731.2065,333.7761,200.36137,142.85028
738.6121,341.1817,200.36137,142.85028
755.44305,344.54788,200.36137,142.85028
759.51294,335.28427,204.79437,146.01085
767.0824,338.72495,204.79437,146.01085
774.65186,343.54187,204.79437,146.01085
783.59753,342.85373,204.79437,146.01085
791.167,339.41306,204.79437,146.01085
798.73645,342.85373,204.79437,146.01085
789.7908,350.4232,204.79437,146.01085
793.23145,359.36893,204.79437,146.01085
795.96344,367.03488,209.32545,149.24133
792.44666,367.73825,209.32545,149.24133
800.1836,365.62817,209.32545,149.24133
798.07355,355.0778,209.32545,149.24133
801.59033,361.40802,209.32545,149.24133
788.2265,359.29794,209.32545,149.24133
800.1836,358.59457,209.32545,149.24133
831.8347,353.67105,209.32545,149.24133
859.2657,355.78113,209.32545,149.24133
547.4224039217145,367.0288487276812,209.32545471191406,149.2413330078125
730.6632088709306,359.8069927862531,204.8615264892578,146.0587158203125
611.1947272765195,353.7395837307623,204.8615264892578,146.0587158203125
420.105056758504,202.63236625155355,204.8615264892578,146.0587158203125
420.105056758504,202.63236625155355,204.8615264892578,146.0587158203125
331.11080035610104,492.386005359479,204.8615264892578,146.0587158203125
496.41535151381254,406.32050177688353,204.8615264892578,146.0587158203125
544.9364500870615,330.4728981482682,204.8615264892578,146.0587158203125
528.3801682651231,362.84483133997867,204.8615264892578,146.0587158203125
534.7334536284595,380.7016216170727,204.8615264892578,146.0587158203125
493.477375506254,412.0122806948564,204.8615264892578,146.0587158203125
528.0974550907339,242.75058373546113,204.8615264892578,146.0587158203125
528.0974550907339,242.75058373546113,204.8615264892578,146.0587158203125
528.0974550907339,242.75058373546113,204.8615264892578,146.0587158203125
537.0630909391896,467.7881532641709,204.8615264892578,146.0587158203125
462.4520732651472,206.58933467412567,204.8615264892578,146.0587158203125
604.0782914034255,402.5675374347132,204.8615264892578,146.0587158203125
604.0782914034255,402.5675374347132,204.8615264892578,146.0587158203125
604.0782914034255,402.5675374347132,204.8615264892578,146.0587158203125
604.0782914034255,402.5675374347132,204.8615264892578,146.0587158203125
604.0782914034255,402.5675374347132,204.8615264892578,146.0587158203125
569.3588859278012,141.88329229402922,204.8615264892578,146.0587158203125
569.3588859278012,141.88329229402922,204.8615264892578,146.0587158203125
569.3588859278012,141.88329229402922,204.8615264892578,146.0587158203125
61.0665208550339,174.00570425636826,204.8615264892578,146.0587158203125
160.87857518475948,228.38606489118428,204.8615264892578,146.0587158203125
324.0722325763239,331.2889401916301,204.8615264892578,146.0587158203125
291.18954636352856,211.74123998828617,204.8615264892578,146.0587158203125
253.28754711586691,130.38838114471528,204.8615264892578,146.0587158203125
89.89891265794216,106.71461302201746,204.8615264892578,146.0587158203125
264.27220990996244,372.9552089412541,204.8615264892578,146.0587158203125
264.27220990996244,372.9552089412541,204.8615264892578,146.0587158203125
48.65728374477831,352.6603096567211,204.8615264892578,146.0587158203125
41.720308913108,58.98978706363107,204.8615264892578,146.0587158203125
568.6386879524539,106.67153065151379,204.8615264892578,146.0587158203125
568.6386879524539,106.67153065151379,204.8615264892578,146.0587158203125
568.6386879524539,106.67153065151379,204.8615264892578,146.0587158203125
568.6386879524539,106.67153065151379,204.8615264892578,146.0587158203125
568.6386879524539,106.67153065151379,204.8615264892578,146.0587158203125
560.870874024881,238.93417800137797,200.4927978515625,142.9439697265625
540.2821224455485,245.00364798277184,196.21722412109375,139.89564514160156
517.5904978059541,248.4017566117115,192.0328369140625,136.91232299804688
440.1260219155297,413.5029008999212,192.0328369140625,136.91232299804688
575.4588549271471,488.4520695394833,192.0328369140625,136.91232299804688
507.78861806169846,405.3952784411218,192.0328369140625,136.91232299804688
507.78861806169846,405.3952784411218,192.0328369140625,136.91232299804688
505.9362311345151,301.8883782680391,192.0328369140625,136.91232299804688
589.6311181055199,365.2885561132556,192.0328369140625,136.91232299804688
614.6963371669024,372.5189228728424,192.0328369140625,136.91232299804688
172.44019431001317,392.93407717772675,192.0328369140625,136.91232299804688
546.7269815728288,347.2832328262749,192.0328369140625,136.91232299804688
591.4257176600253,596.7736261215955,192.0328369140625,136.91232299804688
591.4257176600253,596.7736261215955,192.0328369140625,136.91232299804688
591.4257176600253,596.7736261215955,192.0328369140625,136.91232299804688
409.4524453398068,360.0846130153018,192.0328369140625,136.91232299804688
542.14843415078,216.26627171724186,192.0328369140625,136.91232299804688
380.40358754468053,119.00219876175461,192.0328369140625,136.91232299804688
283.60031644416716,292.89724250454447,192.0328369140625,136.91232299804688
570.0136578106124,398.34772820930914,192.0328369140625,136.91232299804688
22.874560891979826,715.543418013394,192.0328369140625,136.91232299804688
162.8485208759526,765.7682762214426,192.0328369140625,136.91232299804688
162.8485208759526,765.7682762214426,192.0328369140625,136.91232299804688
128.77964443706776,729.8493941679433,192.0328369140625,136.91232299804688
128.77964443706776,729.8493941679433,192.0328369140625,136.91232299804688
177.5077434984159,325.37390060658504,192.0328369140625,136.91232299804688
168.64062635326462,618.7471562993809,192.0328369140625,136.91232299804688
168.64062635326462,618.7471562993809,192.0328369140625,136.91232299804688
-0.752693244882721,707.0727806567887,192.0328369140625,136.91232299804688
142.91067138255806,626.9576448403358,192.0328369140625,136.91232299804688
394.6341425337145,502.45432930139566,192.0328369140625,136.91232299804688
288.1673871742621,367.59643917942265,192.0328369140625,136.91232299804688
310.7512443717217,363.0796677399307,192.0328369140625,136.91232299804688
-53.34308278101008,509.4965292399015,192.0328369140625,136.91232299804688
259.7887551611477,759.4747489901733,192.0328369140625,136.91232299804688
259.7887551611477,759.4747489901733,192.0328369140625,136.91232299804688
259.7887551611477,759.4747489901733,192.0328369140625,136.91232299804688
259.7887551611477,759.4747489901733,192.0328369140625,136.91232299804688
79.88066527892377,499.4022416231503,192.0328369140625,136.91232299804688
79.88066527892377,499.4022416231503,192.0328369140625,136.91232299804688
-37.17669648231666,789.5390194255747,192.0328369140625,136.91232299804688
46.309118208748345,474.7997677880725,192.0328369140625,136.91232299804688
198.24905307766664,541.8753922126982,192.0328369140625,136.91232299804688
198.24905307766664,541.8753922126982,192.0328369140625,136.91232299804688
-54.43257943882354,602.8681524936443,192.0328369140625,136.91232299804688
-54.43257943882354,602.8681524936443,192.0328369140625,136.91232299804688
-79.89282170724204,751.975679523002,192.0328369140625,136.91232299804688
12.378366270950039,637.7658874101348,192.0328369140625,136.91232299804688
7.86159483145812,633.249115970643,192.0328369140625,136.91232299804688
3.0679344435813505,630.3554478267508,187.93768310546875,133.9926300048828
-1.623497523328524,629.9581629810169,183.9298553466797,131.13519287109375
-8.597632581969236,628.3779708463984,180.0074920654297,128.3386993408203
-9.59319807526235,624.4995409101309,176.1687774658203,125.60183715820312
-9.59319807526235,624.4995409101309,176.1687774658203,125.60183715820312
95.10107520992551,572.633975394368,176.1687774658203,125.60183715820312
625.8272589923463,552.6311657691864,176.1687774658203,125.60183715820312
625.8272589923463,552.6311657691864,176.1687774658203,125.60183715820312
625.8272589923463,552.6311657691864,176.1687774658203,125.60183715820312
625.8272589923463,552.6311657691864,176.1687774658203,125.60183715820312
625.8272589923463,552.6311657691864,176.1687774658203,125.60183715820312
535.1854679331453,638.688703070337,176.1687774658203,125.60183715820312
610.6397570231264,379.9041730775309,176.1687774658203,125.60183715820312
557.6548937044782,369.8135149104687,176.1687774658203,125.60183715820312
449.5305166927982,571.3649621728183,176.1687774658203,125.60183715820312
522.928713670032,367.9642294924132,176.1687774658203,125.60183715820312
619.8046495217043,101.70509037244389,176.1687774658203,125.60183715820312
627.9591497302505,115.02593601316451,172.41192626953125,122.92333984375
615.8378950322175,124.71239961689639,168.7351837158203,120.30196380615234
592.5921164644436,121.87754857204592,168.7351837158203,120.30196380615234
573.078665198626,120.42789975472604,165.13685607910156,117.73648834228516
551.8420495773771,116.86987064301908,161.61526489257812,115.22572326660156
531.0583087973258,114.4345539272179,158.1687774658203,112.76850128173828
509.2682110163797,110.71429333047101,158.1687774658203,112.76850128173828
486.41518163636306,105.93110113465357,158.1687774658203,112.76850128173828
544.6815825305159,-24.87771542859693,158.1687774658203,112.76850128173828
544.6815825305159,-24.87771542859693,158.1687774658203,112.76850128173828
335.3259825583409,447.85091954231086,158.1687774658203,112.76850128173828
410.15712845437076,390.60868110506914,158.1687774658203,112.76850128173828
281.18704619567694,146.2971091503277,158.1687774658203,112.76850128173828
406.3781112960868,35.401736689504986,158.1687774658203,112.76850128173828
406.3781112960868,35.401736689504986,158.1687774658203,112.76850128173828
406.3781112960868,35.401736689504986,158.1687774658203,112.76850128173828
107.0180004326235,506.2108192154358,158.1687774658203,112.76850128173828
131.16714597832595,111.34122062130157,158.1687774658203,112.76850128173828
113.25864727131375,-20.147237092571004,158.1687774658203,112.76850128173828
137.99667647517202,53.28329767660482,154.7957763671875,110.36367797851562
108.06328505081501,60.977385204658376,151.4947052001953,108.01013946533203
73.86181720578338,67.52611364871588,148.2640380859375,105.706787109375
37.508638449326526,61.45055630797373,145.10226440429688,103.45256042480469
0.05094835689268962,57.38431409788424,142.00791931152344,101.24640655517578
628.714047458082,429.6829437827921,142.00791931152344,101.24640655517578
574.342086769021,569.4415874966644,142.00791931152344,101.24640655517578
371.33205404066706,459.8059227055767,142.00791931152344,101.24640655517578
81.75932068935035,527.1300328131144,142.00791931152344,101.24640655517578
-3.6529283460562283,654.5326612625756,142.00791931152344,101.24640655517578
-28.942588674975497,647.375210226089,142.00791931152344,101.24640655517578
-26.705689303227395,326.58521752025496,142.00791931152344,101.24640655517578
75.7294402864089,372.2612880845634,142.00791931152344,101.24640655517578
628.0292825461169,467.6192588989635,142.00791931152344,101.24640655517578
628.0292825461169,467.6192588989635,142.00791931152344,101.24640655517578
628.0292825461169,467.6192588989635,142.00791931152344,101.24640655517578
628.3790443976735,422.15432388758506,142.00791931152344,101.24640655517578
589.4873294172581,755.4182519819587,142.00791931152344,101.24640655517578
607.8733778804005,597.703674892993,142.00791931152344,101.24640655517578
85.17499870954984,406.74124334048804,142.00791931152344,101.24640655517578
85.17499870954984,406.74124334048804,142.00791931152344,101.24640655517578
442.6121257654049,619.1430491478607,142.00791931152344,101.24640655517578
93.14497161893459,527.4467914136569,142.00791931152344,101.24640655517578
-5.62785268458029,448.71483001230445,142.00791931152344,101.24640655517578
-16.60261094052639,448.237666609872,142.00791931152344,101.24640655517578
-63.74324335065624,483.73250879366924,142.00791931152344,101.24640655517578
421.6654228128442,588.0354221024993,142.00791931152344,101.24640655517578
421.6654228128442,588.0354221024993,142.00791931152344,101.24640655517578
279.4085238148042,653.0790430741135,142.00791931152344,101.24640655517578
279.4085238148042,653.0790430741135,142.00791931152344,101.24640655517578
330.9412504785376,573.9353599461884,142.00791931152344,101.24640655517578
300.4832974403571,603.4592883029907,142.00791931152344,101.24640655517578
635.2713916911841,379.719832315555,142.00791931152344,101.24640655517578
192.71127101449952,656.1422826082407,142.00791931152344,101.24640655517578
55.1326995133613,549.6990931122671,142.00791931152344,101.24640655517578
55.1326995133613,549.6990931122671,142.00791931152344,101.24640655517578
55.1326995133613,549.6990931122671,142.00791931152344,101.24640655517578
55.1326995133613,549.6990931122671,142.00791931152344,101.24640655517578
55.1326995133613,549.6990931122671,142.00791931152344,101.24640655517578
627.5973307333448,417.9956711236001,142.00791931152344,101.24640655517578
639.466366034755,415.27303936356566,142.00791931152344,101.24640655517578
128.66410136244397,715.8140765552998,142.00791931152344,101.24640655517578
-5.0870866524072085,607.2666639613092,145.14984130859375,103.48648071289062
-9.476572436808517,604.8280607477529,145.14984130859375,103.48648071289062
-11.915175650364802,609.2175465321543,145.14984130859375,103.48648071289062
-15.329220149343598,613.6070323165557,145.14984130859375,103.48648071289062
-18.95255047672697,611.4198263473899,142.05447387695312,101.27960205078125
-9.883473267795978,618.5796241439143,142.05447387695312,101.27960205078125
-7.496874002287825,632.4218998838617,142.05447387695312,101.27960205078125
-9.883473267795978,639.5816976803861,142.05447387695312,101.27960205078125
-15.133991651913917,643.8775763583008,142.05447387695312,101.27960205078125
-9.47870674221923,650.0182272478191,139.02511596679688,99.11978149414062
-13.682974513388018,649.5510863843559,139.02511596679688,99.11978149414062
-17.15341720809996,651.0582235892241,136.06036376953125,97.00601959228516
39.042357271078444,556.272406296571,136.06036376953125,97.00601959228516
-34.86145740120717,548.6096513094122,136.06036376953125,97.00601959228516
-34.86145740120717,548.6096513094122,136.06036376953125,97.00601959228516
620.0772122927137,492.60344089653324,136.06036376953125,97.00601959228516
685.4538012625153,370.53666288998056,136.06036376953125,97.00601959228516
679.5104749925333,375.565631272273,136.06036376953125,97.00601959228516
673.5671487225513,376.02281021611776,136.06036376953125,97.00601959228516
664.8807487895008,374.6512733845835,136.06036376953125,97.00601959228516
657.9590826361805,377.8888853078976,133.15882873535156,94.93733978271484
649.4579227980878,377.44145584273485,133.15882873535156,94.93733978271484
649.4579227980878,377.44145584273485,133.15882873535156,94.93733978271484
624.8493022141352,377.8888853078976,133.15882873535156,94.93733978271484
617.2127212747959,381.91996984382973,130.31918334960938,92.91277313232422
611.5201786131423,377.9789787703773,130.31918334960938,92.91277313232422
609.330739127891,379.2926424615281,130.31918334960938,92.91277313232422
604.513972260338,377.10320297627675,130.31918334960938,92.91277313232422
602.1049759027429,380.20420204796045,127.54008483886719,90.93138122558594
598.921231998652,380.76071215413594,124.82025146484375,88.99224090576172
595.1465343300869,379.5024795979475,124.82025146484375,88.99224090576172
590.5330149573961,378.2442470417591,124.82025146484375,88.99224090576172
587.5971389929564,377.82483618969627,124.82025146484375,88.99224090576172
586.0982925709326,379.98648496145364,122.1584243774414,87.09445190429688
584.0459586243626,377.93415101488364,122.1584243774414,87.09445190429688
581.9936246777926,377.52368422556964,122.1584243774414,87.09445190429688
581.5831578884786,375.47135027899964,122.1584243774414,87.09445190429688
582.8145582564206,374.23994991105764,122.1584243774414,87.09445190429688
582.4040914671066,373.82948312174364,122.1584243774414,87.09445190429688
584.4564254136766,371.77714917517363,122.1584243774414,87.09445190429688
583.2250250457346,370.54574880723163,122.1584243774414,87.09445190429688
586.0982925709326,368.49341486066163,122.1584243774414,87.09445190429688
586.5087593602466,366.44108091409163,122.1584243774414,87.09445190429688
591.0238940427005,366.0306141247776,122.1584243774414,87.09445190429688
593.0762279892705,363.9782801782076,122.1584243774414,87.09445190429688
596.7704290930965,361.9259462316376,122.1584243774414,87.09445190429688
602.1064973541784,359.8736122850676,122.1584243774414,87.09445190429688
604.9797648793764,357.8212783384976,122.1584243774414,87.09445190429688
610.3158331404583,355.7689443919276,122.1584243774414,87.09445190429688
615.6519014015402,353.7166104453576,122.1584243774414,87.09445190429688
620.987969662622,350.84334292015967,122.1584243774414,87.09445190429688
556.60055794499,420.04948624288335,122.1584243774414,87.09445190429688
543.9438423535336,408.214418285086,122.1584243774414,87.09445190429688
643.2286255241761,201.22426927321118,122.1584243774414,87.09445190429688
631.1479101692292,331.62343069729775,122.1584243774414,87.09445190429688
645.1986362244971,154.18992607281513,122.1584243774414,87.09445190429688
261.0607833719246,273.8332841378415,122.1584243774414,87.09445190429688
58.620920455958625,705.1296478191333,122.1584243774414,87.09445190429688
-17.315435567130407,660.3887677839078,122.1584243774414,87.09445190429688
-15.263101620560434,661.6201681518498,122.1584243774414,87.09445190429688
-9.106099780850514,660.3887677839078,122.1584243774414,87.09445190429688
-3.7700315197685796,659.9783009945938,122.1584243774414,87.09445190429688
1.5660367413133542,659.5678342052798,122.1584243774414,87.09445190429688
4.899109579828064,655.6233372448107,124.8611831665039,89.02141571044922
96.04288379603364,522.5002342225825,124.8611831665039,89.02141571044922
96.04288379603364,522.5002342225825,124.8611831665039,89.02141571044922
34.08048741899748,712.8614865646298,124.8611831665039,89.02141571044922
34.08048741899748,712.8614865646298,124.8611831665039,89.02141571044922
34.08048741899748,712.8614865646298,124.8611831665039,89.02141571044922
34.08048741899748,712.8614865646298,124.8611831665039,89.02141571044922
34.08048741899748,712.8614865646298,124.8611831665039,89.02141571044922
34.08048741899748,712.8614865646298,124.8611831665039,89.02141571044922
261.7607569410083,690.9113010948507,124.8611831665039,89.02141571044922
182.1025232341094,753.2234944005339,124.8611831665039,89.02141571044922
182.1025232341094,753.2234944005339,124.8611831665039,89.02141571044922
179.16568466491645,668.894272627993,124.8611831665039,89.02141571044922
93.09728914051576,744.7230771628036,124.8611831665039,89.02141571044922
97.60535196719886,656.1632115362715,124.8611831665039,89.02141571044922
97.60535196719886,656.1632115362715,124.8611831665039,89.02141571044922
151.23880221858218,698.2035362236487,124.8611831665039,89.02141571044922
151.23880221858218,698.2035362236487,124.8611831665039,89.02141571044922
219.4612114320724,577.6026105898118,124.8611831665039,89.02141571044922
219.4612114320724,577.6026105898118,124.8611831665039,89.02141571044922
219.4612114320724,577.6026105898118,124.8611831665039,89.02141571044922
219.4612114320724,577.6026105898118,124.8611831665039,89.02141571044922
219.4612114320724,577.6026105898118,124.8611831665039,89.02141571044922
219.4612114320724,577.6026105898118,124.8611831665039,89.02141571044922
219.4612114320724,577.6026105898118,124.8611831665039,89.02141571044922
219.4612114320724,577.6026105898118,124.8611831665039,89.02141571044922
219.4612114320724,577.6026105898118,124.8611831665039,89.02141571044922
219.4612114320724,577.6026105898118,124.8611831665039,89.02141571044922
219.4612114320724,577.6026105898118,124.8611831665039,89.02141571044922
219.4612114320724,577.6026105898118,124.8611831665039,89.02141571044922
219.4612114320724,577.6026105898118,124.8611831665039,89.02141571044922
219.4612114320724,577.6026105898118,124.8611831665039,89.02141571044922
219.4612114320724,577.6026105898118,124.8611831665039,89.02141571044922
219.4612114320724,577.6026105898118,124.8611831665039,89.02141571044922
219.4612114320724,577.6026105898118,124.8611831665039,89.02141571044922
219.4612114320724,577.6026105898118,124.8611831665039,89.02141571044922
146.67136431535351,645.0409308304816,124.8611831665039,89.02141571044922
146.67136431535351,645.0409308304816,124.8611831665039,89.02141571044922
273.0511971656406,578.2933492505115,124.8611831665039,89.02141571044922
273.0511971656406,578.2933492505115,124.8611831665039,89.02141571044922
273.0511971656406,578.2933492505115,124.8611831665039,89.02141571044922
273.0511971656406,578.2933492505115,124.8611831665039,89.02141571044922
273.0511971656406,578.2933492505115,124.8611831665039,89.02141571044922
176.6117160868954,645.7150126283515,124.8611831665039,89.02141571044922
176.6117160868954,645.7150126283515,124.8611831665039,89.02141571044922
176.6117160868954,645.7150126283515,124.8611831665039,89.02141571044922
176.6117160868954,645.7150126283515,124.8611831665039,89.02141571044922
140.59178533416213,614.821073821139,124.8611831665039,89.02141571044922
140.59178533416213,614.821073821139,124.8611831665039,89.02141571044922
140.59178533416213,614.821073821139,124.8611831665039,89.02141571044922
293.6434290834469,656.3620038340396,124.8611831665039,89.02141571044922
293.6434290834469,656.3620038340396,124.8611831665039,89.02141571044922
293.6434290834469,656.3620038340396,124.8611831665039,89.02141571044922
293.6434290834469,656.3620038340396,124.8611831665039,89.02141571044922
293.6434290834469,656.3620038340396,124.8611831665039,89.02141571044922
293.6434290834469,656.3620038340396,124.8611831665039,89.02141571044922
293.6434290834469,656.3620038340396,124.8611831665039,89.02141571044922
293.6434290834469,656.3620038340396,124.8611831665039,89.02141571044922
293.6434290834469,656.3620038340396,124.8611831665039,89.02141571044922
293.6434290834469,656.3620038340396,124.8611831665039,89.02141571044922
167.05400580506299,739.5862717959005,124.8611831665039,89.02141571044922
315.13755118095827,629.0933394714691,124.8611831665039,89.02141571044922
107.23113233492631,765.1549170963417,124.8611831665039,89.02141571044922
133.66943438947422,780.7858159708561,124.8611831665039,89.02141571044922
133.66943438947422,780.7858159708561,124.8611831665039,89.02141571044922
205.41220515118818,668.7664019744957,124.8611831665039,89.02141571044922
304.3790167221697,621.6316129752644,124.8611831665039,89.02141571044922
94.34198409797389,740.1249462852805,124.8611831665039,89.02141571044922
282.45656710677656,577.4132605823731,124.8611831665039,89.02141571044922
222.77553910618133,684.3905442097036,124.8611831665039,89.02141571044922
222.77553910618133,684.3905442097036,124.8611831665039,89.02141571044922
222.77553910618133,684.3905442097036,124.8611831665039,89.02141571044922
130.44308288745182,645.2750796099458,124.8611831665039,89.02141571044922
130.44308288745182,645.2750796099458,124.8611831665039,89.02141571044922
130.44308288745182,645.2750796099458,124.8611831665039,89.02141571044922
130.44308288745182,645.2750796099458,124.8611831665039,89.02141571044922
130.44308288745182,645.2750796099458,124.8611831665039,89.02141571044922
130.44308288745182,645.2750796099458,124.8611831665039,89.02141571044922
130.44308288745182,645.2750796099458,124.8611831665039,89.02141571044922
130.44308288745182,645.2750796099458,124.8611831665039,89.02141571044922
130.44308288745182,645.2750796099458,124.8611831665039,89.02141571044922
130.44308288745182,645.2750796099458,124.8611831665039,89.02141571044922
-47.607466520876145,636.9730469851028,124.8611831665039,89.02141571044922
2.560943363690029,680.8551129695915,124.8611831665039,89.02141571044922
2.560943363690029,680.8551129695915,124.8611831665039,89.02141571044922
2.560943363690029,680.8551129695915,124.8611831665039,89.02141571044922
2.560943363690029,680.8551129695915,124.8611831665039,89.02141571044922
-4.474973044058025,526.34244353126,124.8611831665039,89.02141571044922
-4.474973044058025,526.34244353126,124.8611831665039,89.02141571044922
57.834479537967795,612.0588157962557,124.8611831665039,89.02141571044922
-42.89330751286888,616.7523525204584,124.8611831665039,89.02141571044922
-42.89330751286888,616.7523525204584,124.8611831665039,89.02141571044922
53.952293089013594,615.1069420307023,124.8611831665039,89.02141571044922
8.607593402110467,613.6868621685147,127.62373352050781,90.99101257324219
3.8904537809819004,617.5463400403472,127.62373352050781,90.99101257324219
0.030975909149432823,620.5481561628836,127.62373352050781,90.99101257324219
0.4598067837974824,626.1229575333083,127.62373352050781,90.99101257324219
-2.542009338738879,629.9824354051408,127.62373352050781,90.99101257324219
-2.9708402133869285,633.8419132769733,127.62373352050781,90.99101257324219
-2.542009338738879,636.8437293995097,127.62373352050781,90.99101257324219
-2.1131784640908293,641.5608690206383,127.62373352050781,90.99101257324219
-1.6843475894427797,645.4203468924708,127.62373352050781,90.99101257324219
-2.9708402133869356,649.2798247643033,127.62373352050781,90.99101257324219
-2.542009338738886,649.7086556389513,127.62373352050781,90.99101257324219
-4.686163711979148,655.283457009376,127.62373352050781,90.99101257324219
-4.257332837331099,658.2852731319124,127.62373352050781,90.99101257324219
-4.686163711979148,661.2870892544488,127.62373352050781,90.99101257324219
-8.545641583811616,660.8582583798008,127.62373352050781,90.99101257324219
-5.543825461275254,666.4330597502254,127.62373352050781,90.99101257324219
-9.403303333107722,669.4348758727618,127.62373352050781,90.99101257324219
-8.974472458459672,667.2907214995216,127.62373352050781,90.99101257324219
-11.976288580996034,672.0078611206502,127.62373352050781,90.99101257324219
-11.02881403303762,670.0847515903923,124.9021224975586,89.05059814453125
-13.337675929660023,674.6749168927764,122.2385482788086,87.15156555175781
-8.471278172064117,673.6247341819864,119.63177490234375,85.29302978515625
-12.089070536619062,678.8504342641213,119.63177490234375,85.29302978515625
-12.089070536619062,678.8504342641213,119.63177490234375,85.29302978515625
18.75389934430339,751.9303526198296,119.63177490234375,85.29302978515625
18.75389934430339,751.9303526198296,119.63177490234375,85.29302978515625
636.9908293785985,502.5230124465396,119.63177490234375,85.29302978515625
636.9908293785985,502.5230124465396,119.63177490234375,85.29302978515625
636.9908293785985,502.5230124465396,119.63177490234375,85.29302978515625
636.9908293785985,502.5230124465396,119.63177490234375,85.29302978515625
647.8442064722633,474.7866043182851,119.63177490234375,85.29302978515625
651.4619988368182,470.36485809494013,119.63177490234375,85.29302978515625
658.0625437645483,464.83374246365923,122.27862548828125,87.18013763427734
652.7212250680961,461.95764778095423,122.27862548828125,87.18013763427734
657.2408024266326,467.2989664774064,122.27862548828125,87.18013763427734
658.4734144335062,468.53157848428,122.27862548828125,87.18013763427734
662.1712504541268,466.4772251394907,122.27862548828125,87.18013763427734
666.6908278126633,466.88809580844855,122.27862548828125,87.18013763427734
667.9234398195368,464.8337424636593,122.27862548828125,87.18013763427734
667.512569150579,461.9576477809543,122.27862548828125,87.18013763427734
674.4973705228626,459.0815530982493,122.27862548828125,87.18013763427734
674.9082411918205,456.2054584155443,122.27862548828125,87.18013763427734
638.3407516545711,452.50762239492354,122.27862548828125,87.18013763427734
622.6157089477524,452.2491356883443,119.6709976196289,85.32099151611328
614.202350609466,451.2210103768882,117.11898040771484,83.50149536132812
599.4331150693669,447.4392357554488,119.71023559570312,85.34896850585938
632.8887889072987,452.6140006776381,117.15737915039062,83.52887725830078
628.4464869846073,448.5720002661884,114.65896606445312,81.74759674072266
611.8799761474243,443.5635202456447,114.65896606445312,81.74759674072266
594.5429299224653,440.8666463884289,114.65896606445312,81.74759674072266
595.6987330041293,444.3340556334207,114.65896606445312,81.74759674072266
597.6250714735692,440.8666463884289,114.65896606445312,81.74759674072266
589.5344499019217,437.39923714343706,114.65896606445312,81.74759674072266
573.7384744525147,431.6202217351174,114.65896606445312,81.74759674072266
548.5957357200955,426.9217332829008,112.21382904052734,80.00430297851562
528.611993273715,429.5610954928001,112.21382904052734,80.00430297851562
392.0095586879011,332.66298452022716,112.21382904052734,80.00430297851562
444.448748628157,430.55008163017686,109.82083892822266,78.29818725585938
430.0573195402143,427.2289826098824,109.82083892822266,78.29818725585938
492.4201789212992,419.47975156252863,109.82083892822266,78.29818725585938
481.14259735064707,415.6908648151857,107.47887420654297,76.62845611572266
487.2820067858744,419.6634238615093,107.47887420654297,76.62845611572266
490.5322823692301,420.0245655929932,107.47887420654297,76.62845611572266
490.63402847410464,417.7088322279295,105.18685150146484,74.99433135986328
491.4149337356894,416.80514244088266,102.94371032714844,73.39505767822266
506.98057120862495,413.0002088363873,102.94371032714844,73.39505767822266
506.6346681536709,407.11985690216716,102.94371032714844,73.39505767822266
481.38374514201985,410.92479050666253,102.94371032714844,73.39505767822266
446.14073927370856,415.37478153455646,100.74840545654297,71.82988739013672
441.06284075191513,411.6509892852413,100.74840545654297,71.82988739013672
404.8404979631222,408.6042501721652,100.74840545654297,71.82988739013672
386.2215367165464,402.1722453778936,100.74840545654297,71.82988739013672
379.11247878603564,399.80255940105667,100.74840545654297,71.82988739013672
387.69140960445856,405.4628152655682,98.59991455078125,70.298095703125
400.61239770091305,407.78196697518825,98.59991455078125,70.298095703125
381.72787663686415,405.4628152655682,98.59991455078125,70.298095703125
364.57726681912385,401.422394070727,96.49723815917969,68.79896545410156
361.65908740371606,397.2072460262491,96.49723815917969,68.79896545410156
371.0621099644745,394.2890666108413,96.49723815917969,68.79896545410156
383.0590697833731,400.4496675989244,96.49723815917969,68.79896545410156
397.649966860412,399.4769411271218,96.49723815917969,68.79896545410156
412.88934825198595,396.558761711714,96.49723815917969,68.79896545410156
417.7529806109989,392.34361366723607,96.49723815917969,68.79896545410156
430.39842474443265,389.4254342518283,96.49723815917969,68.79896545410156
444.98932182147155,392.9920979817711,96.49723815917969,68.79896545410156
449.8529541804845,393.9648244535737,96.49723815917969,68.79896545410156
471.5771787174091,396.8830038689815,96.49723815917969,68.79896545410156
483.5741385363077,391.3708871954335,96.49723815917969,68.79896545410156
489.29089235990693,388.6667167502661,94.43940734863281,67.3318099975586
498.4933926323215,387.0800787722636,94.43940734863281,67.3318099975586
509.59367737344496,393.6093167876829,92.42546081542969,65.89593505859375
526.6745042708495,398.2677241233387,92.42546081542969,65.89593505859375
549.345419971041,399.1994055904699,92.42546081542969,65.89593505859375
555.2460692628716,392.05651434246437,92.42546081542969,65.89593505859375
562.3889605108772,387.3981070068086,92.42546081542969,65.89593505859375
569.5318517588827,390.193151408202,92.42546081542969,65.89593505859375
572.3268961602762,394.2304377657704,92.42546081542969,65.89593505859375
573.2585776274074,399.5099660795136,92.42546081542969,65.89593505859375
579.159226919238,397.3360426562076,92.42546081542969,65.89593505859375
585.547519466241,394.35162371585574,94.47037506103516,67.3538818359375
577.5863993351204,395.2531984189383,96.56053161621094,68.84408569335938
569.4750289627254,400.12002064237527,96.56053161621094,68.84408569335938
572.0682572315633,407.42136101822285,94.50135040283203,67.37596130371094
584.4521502429541,411.5493253553531,94.50135040283203,67.37596130371094
587.3099717071212,406.78628958174124,94.50135040283203,67.37596130371094
582.5469359335094,402.658325244611,94.50135040283203,67.37596130371094
585.4047573976766,404.8810752722965,94.50135040283203,67.37596130371094
590.1677931712884,409.6441110459084,94.50135040283203,67.37596130371094
83.57250557734034,4.796112868915031,94.50135040283203,67.37596130371094
87.70046991447063,30.51650604641911,94.50135040283203,67.37596130371094
98.80803440268335,43.78331219149406,92.486083984375,65.93914794921875
104.09102535058565,48.444774792584326,92.486083984375,65.93914794921875
114.362654105622,53.04177417985575,90.5137939453125,64.53297424316406
119.53298368029795,56.99555561931383,90.5137939453125,64.53297424316406
128.99928182857775,61.494522481324736,88.58355712890625,63.15678787231445
134.05935256774555,65.36398834068835,88.58355712890625,63.15678787231445
453.0608084907416,324.6516561739427,88.58355712890625,63.15678787231445
450.53678902137636,406.4060933996897,90.54346466064453,64.55413055419922
448.5882156219379,411.68922999538484,92.54673767089844,65.98239135742188
450.4680793449922,417.0892556473211,94.5943374633789,67.44225311279297
453.04906988145376,423.9278288303372,96.68724060058594,68.93441009521484
456.3612933152648,428.89532100644016,98.82644653320312,70.45958709716797
459.74679827634253,433.9727188115176,101.01298522949219,72.01850891113281
463.20721093834777,439.16245718395874,103.24789428710938,73.6119155883789
470.4926383749091,438.815532067932,103.24789428710938,73.6119155883789
477.77806581147047,444.01940880833297,103.24789428710938,73.6119155883789
459.39103466205364,447.83558508462704,103.24789428710938,73.6119155883789
460.43181001013386,447.4886599686003,103.24789428710938,73.6119155883789
464.24798628642793,451.3048362448944,103.24789428710938,73.6119155883789
470.14571325888244,452.3456115929746,103.24789428710938,73.6119155883789
476.04344023133694,452.69253670900133,103.24789428710938,73.6119155883789
486.7791074948178,449.35866199916967,105.53225708007812,75.2405776977539
492.60172648818457,447.4226190327905,107.86715698242188,76.9052734375
501.5614763764737,444.6916632203252,110.25371551513672,78.60680389404297
509.9507445946864,441.90028647487605,112.69307708740234,80.34597778320312
516.9541781209925,442.9757675975015,115.18640899658203,82.1236343383789
522.7597773856471,438.7183281367548,115.18640899658203,82.1236343383789
529.9181602870403,434.9989574507923,117.73490905761719,83.94062042236328
535.8522084354254,439.35059275960805,117.73490905761719,83.94062042236328
545.7422886827338,436.5813702903617,117.73490905761719,83.94062042236328
558.797194609181,433.0209414013306,117.73490905761719,83.94062042236328
567.1048620169202,428.6693060925149,117.73490905761719,83.94062042236328
571.4564973257359,422.7352579441298,117.73490905761719,83.94062042236328
572.2062483337419,414.8292136477689,120.33979034423828,85.79780578613281
577.4628754355875,407.146450960456,120.33979034423828,85.79780578613281
584.336926261078,407.5508068913672,120.33979034423828,85.79780578613281
591.2109770865685,403.1028916513439,120.33979034423828,85.79780578613281
600.5111634975262,403.5072475822551,120.33979034423828,85.79780578613281
608.1939261848391,399.0593323422318,120.33979034423828,85.79780578613281
615.876688872152,395.42012896403094,120.33979034423828,85.79780578613281
622.7507396976425,391.78092558583006,120.33979034423828,85.79780578613281
629.624790523133,388.1417222076292,120.33979034423828,85.79780578613281
635.6901294868011,384.5025188294283,120.33979034423828,85.79780578613281
640.9467565886467,381.67202731304985,120.33979034423828,85.79780578613281
647.8208074141372,379.6502476584938,120.33979034423828,85.79780578613281
653.8861463778053,376.01104428029294,120.33979034423828,85.79780578613281
659.9514853414734,374.7979764875593,120.33979034423828,85.79780578613281
665.208112443319,372.77619683300327,120.33979034423828,85.79780578613281
669.6560276833422,369.9457053166248,120.33979034423828,85.79780578613281
671.6778073378982,367.92392566206877,120.33979034423828,85.79780578613281
675.317010716099,368.32828159298,120.33979034423828,85.79780578613281
679.7649259561223,366.30650193842393,120.33979034423828,85.79780578613281
680.5312616665718,367.4549596886684,123.00231170654297,87.69608306884766
680.4569511348913,363.4832131423912,125.72373962402344,89.63636016845703
683.4140774706932,361.37098004538984,125.72373962402344,89.63636016845703
682.4615501034577,358.18793435593255,128.50537109375,91.61956787109375
679.6960008977708,355.83043568735496,131.3485565185547,93.64665222167969
675.953473936613,354.33657354463514,134.254638671875,95.71858215332031
672.1281418317061,352.80965791100726,137.2250213623047,97.83635711669922
668.2181743102449,353.1624941978098,140.26112365722656,100.00098419189453
664.2217010442823,352.54519949553355,143.36439514160156,102.21350860595703
662.7765369648672,353.9903635749486,143.36439514160156,102.21350860595703
660.367930165842,352.54519949553355,143.36439514160156,102.21350860595703
656.9958806472068,353.0269208553386,143.36439514160156,102.21350860595703
655.5507165677917,353.5086422151436,143.36439514160156,102.21350860595703
652.1786670491565,353.0269208553386,143.36439514160156,102.21350860595703
650.7335029697414,353.5086422151436,143.36439514160156,102.21350860595703
648.3248961707162,354.95380629455866,143.36439514160156,102.21350860595703
645.916289371691,354.47208493475364,143.36439514160156,102.21350860595703
643.5076825726659,356.88069173377875,143.36439514160156,102.21350860595703
641.0990757736407,359.28929853280385,143.36439514160156,102.21350860595703
640.6173544138356,360.7344626122189,143.36439514160156,102.21350860595703
638.2087476148105,364.10651213085407,143.36439514160156,102.21350860595703
636.7635835353954,363.62479077104905,143.36439514160156,102.21350860595703
635.3184194559802,366.9968402896842,143.36439514160156,102.21350860595703
631.2335218844136,370.36417618217615,146.5363311767578,104.47498321533203
631.7259013293043,371.8413145168483,146.5363311767578,104.47498321533203
630.2487629946321,375.2879706310833,146.5363311767578,104.47498321533203
629.7563835497414,377.7498678555368,146.5363311767578,104.47498321533203
628.2792452150692,381.1965239697718,146.5363311767578,104.47498321533203
625.1256585898195,383.61667559893516,149.7784423828125,106.78649139404297
624.6223852497106,387.1395889796976,149.7784423828125,106.78649139404297
624.1191119096018,390.66250236046,149.7784423828125,106.78649139404297
622.609291889275,394.1854157412224,149.7784423828125,106.78649139404297
622.1060185491662,398.7148758022027,149.7784423828125,106.78649139404297
620.5961985288394,404.2508825434008,149.7784423828125,106.78649139404297
618.0798318282948,409.7868892845989,149.7784423828125,106.78649139404297
617.5765584881859,414.31634934557917,149.7784423828125,106.78649139404297
615.0601917876413,419.85235608677726,149.7784423828125,106.78649139404297
613.5503717673146,423.3752694675397,149.7784423828125,106.78649139404297
612.0405517469878,428.9112762087378,149.7784423828125,106.78649139404297
610.5307317266611,432.4341895895002,149.7784423828125,106.78649139404297
608.3516642495794,435.9521803976403,153.09228515625,109.14913940429688
607.8372559868205,439.5530382369521,153.09228515625,109.14913940429688
607.3228477240617,443.1538960762639,153.09228515625,109.14913940429688
607.8372559868205,446.7547539155757,153.09228515625,109.14913940429688
607.3228477240617,449.32679522936985,153.09228515625,109.14913940429688
607.8372559868205,452.92765306868165,153.09228515625,109.14913940429688
607.3228477240617,454.4708778569581,153.09228515625,109.14913940429688
608.8660725123382,454.98528611971693,153.09228515625,109.14913940429688
609.380480775097,459.6149604845464,153.09228515625,109.14913940429688
610.9237055633735,458.0717356962699,153.09228515625,109.14913940429688
612.4669303516499,462.7014100610994,153.09228515625,109.14913940429688
614.0101551399264,461.15818527282295,153.09228515625,109.14913940429688
616.5821964537205,464.7590431121348,153.09228515625,109.14913940429688
618.125421241997,463.21581832385834,153.09228515625,109.14913940429688
622.7550956068264,466.8166761631702,153.09228515625,109.14913940429688
625.3271369206205,465.27345137489374,153.09228515625,109.14913940429688
628.9279947599324,467.84549268868784,153.09228515625,109.14913940429688
632.5288525992443,465.27345137489374,153.09228515625,109.14913940429688
636.1297104385561,468.8743092142056,153.09228515625,109.14913940429688
639.730568277868,466.3022679004115,153.09228515625,109.14913940429688
642.3026095916621,469.90312573972335,153.09228515625,109.14913940429688
645.9034674309739,466.3022679004115,153.09228515625,109.14913940429688
649.5043252702858,469.90312573972335,153.09228515625,109.14913940429688
652.0763665840799,466.3022679004115,153.09228515625,109.14913940429688
655.6772244233917,468.8743092142056,153.09228515625,109.14913940429688
656.1916326861506,469.3887174769644,153.09228515625,109.14913940429688
660.8213070509801,470.9319422652409,153.09228515625,109.14913940429688
663.3933483647742,468.3599009514468,153.09228515625,109.14913940429688
668.0230227296037,471.96075879075863,153.09228515625,109.14913940429688
665.4509814158096,469.38871747696453,153.09228515625,109.14913940429688
670.0806557806391,472.9895753162764,153.09228515625,109.14913940429688
666.4797979413272,471.4463505279999,153.09228515625,109.14913940429688
668.0230227296037,472.9895753162764,153.09228515625,109.14913940429688
665.4509814158096,471.4463505279999,153.09228515625,109.14913940429688
666.994206204086,470.9319422652411,153.09228515625,109.14913940429688
662.3645318392565,471.4463505279999,153.09228515625,109.14913940429688
661.8501235764977,467.84549268868807,153.09228515625,109.14913940429688
659.2780822627036,469.38871747696453,153.09228515625,109.14913940429688
658.7636739999448,468.8743092142057,153.09228515625,109.14913940429688
656.1916326861507,465.27345137489385,153.09228515625,109.14913940429688
654.6484078978742,463.7302265866174,153.09228515625,109.14913940429688
650.0187335330447,461.1581852728233,153.09228515625,109.14913940429688
647.4466922192506,460.64377701006447,153.09228515625,109.14913940429688
645.9034674309742,458.07173569627025,153.09228515625,109.14913940429688
640.244976540627,459.6149604845468,153.09228515625,109.14913940429688
643.8458343799389,454.9852861197174,153.09228515625,109.14913940429688
638.1873434895917,458.5861439590292,153.09228515625,109.14913940429688
639.7305682778682,453.95646959419975,153.09228515625,109.14913940429688
635.1008939130387,455.4996943824762,153.09228515625,109.14913940429688
630.4712195482092,450.87002001764677,153.09228515625,109.14913940429688
625.8415451833797,452.4132448059232,153.09228515625,109.14913940429688
623.2695038695856,448.8123869666114,153.09228515625,109.14913940429688
618.6398295047561,449.32679522937025,153.09228515625,109.14913940429688
616.067788190962,446.7547539155761,153.09228515625,109.14913940429688
611.4381138261325,445.2115291272996,153.09228515625,109.14913940429688
615.0389716654444,445.72593739005845,153.09228515625,109.14913940429688
609.3804807750972,442.12507955074665,153.09228515625,109.14913940429688
603.7219898847501,442.63948781350547,153.09228515625,109.14913940429688
606.2940311985442,438.009813448676,153.09228515625,109.14913940429688
601.6643568337147,439.5530382369525,153.09228515625,109.14913940429688
604.2363981475088,434.92336387212305,153.09228515625,109.14913940429688
599.6067237826793,435.43777213488187,153.09228515625,109.14913940429688
597.0346824688852,431.83691429557007,153.09228515625,109.14913940429688
601.6643568337147,432.3513225583289,153.09228515625,109.14913940429688
597.0346824688852,428.7504647190171,153.09228515625,109.14913940429688
602.6931733592323,427.2072399307406,153.09228515625,109.14913940429688
598.0634989944028,425.66401514246417,153.09228515625,109.14913940429688
603.72198988475,423.09197382867,153.09228515625,109.14913940429688
600.1211320454381,422.5775655659112,153.09228515625,109.14913940429688
605.7796229357853,418.9767077265994,153.09228515625,109.14913940429688
603.2075816219912,420.51993251487585,153.09228515625,109.14913940429688
608.8660725123383,415.8902581500464,153.09228515625,109.14913940429688
605.2652146730264,416.4046664128052,153.09228515625,109.14913940429688
609.8948890378559,414.86144162452877,153.09228515625,109.14913940429688
608.3516642495795,411.26058378521697,153.09228515625,109.14913940429688
612.981338614409,413.8326250990111,153.09228515625,109.14913940429688
609.3804807750971,409.2029507341817,153.09228515625,109.14913940429688
614.0101551399266,410.74617552245815,153.09228515625,109.14913940429688
610.4092973006148,406.1165011576287,153.09228515625,109.14913940429688
615.0389716654443,408.68854247142286,153.09228515625,109.14913940429688
612.4669303516501,404.0588681065934,153.09228515625,109.14913940429688
615.0389716654443,405.6020928948699,153.09228515625,109.14913940429688
611.4381138261324,400.97241853004044,153.09228515625,109.14913940429688
616.0677881909619,403.5444598438346,153.09228515625,109.14913940429688
612.46693035165,398.91478547900516,153.09228515625,109.14913940429688
611.9525220888912,401.4868267927993,153.09228515625,109.14913940429688
614.5245634026853,396.8571524279699,153.09228515625,109.14913940429688
609.8948890378558,399.42919374176404,153.09228515625,109.14913940429688
612.4669303516499,394.7995193769346,153.09228515625,109.14913940429688
607.8372559868204,397.37156069072876,153.09228515625,109.14913940429688
610.4092973006145,395.8283359024523,153.09228515625,109.14913940429688
606.8084394613027,393.25629458865814,153.09228515625,109.14913940429688
605.2652146730262,396.85715242796994,153.09228515625,109.14913940429688
607.8372559868203,392.2274780631405,153.09228515625,109.14913940429688
602.1787650964732,394.79951937693465,153.09228515625,109.14913940429688
602.693173359232,392.2274780631405,153.09228515625,109.14913940429688
598.0634989944025,394.79951937693465,153.09228515625,109.14913940429688
601.6643568337144,393.2562945886582,153.09228515625,109.14913940429688
593.9482328923319,394.79951937693465,153.09228515625,109.14913940429688
596.520274206126,393.2562945886582,153.09228515625,109.14913940429688
590.7154163059348,394.91592814105377,149.82754516601562,106.82150268554688
594.2394847672275,396.4262431958935,149.82754516601562,106.82150268554688
590.7154163059348,393.90905143782726,149.82754516601562,106.82150268554688
593.232608064001,397.43311989912,149.82754516601562,106.82150268554688
587.6947861962553,394.91592814105377,149.82754516601562,106.82150268554688
591.218854657548,398.4399966023465,149.82754516601562,106.82150268554688
584.6741560865757,396.9296815475068,149.82754516601562,106.82150268554688
588.1982245478684,400.45375000879955,149.82754516601562,106.82150268554688
581.6535259768962,398.9434349539598,149.82754516601562,106.82150268554688
586.1844711414154,402.46750341525257,149.82754516601562,106.82150268554688
579.6397725704431,401.96406506363934,149.82754516601562,106.82150268554688
583.1638410317358,405.4881335249321,149.82754516601562,106.82150268554688
576.6191424607636,404.98469517331887,149.82754516601562,106.82150268554688
580.1432109220563,409.51564033783814,149.82754516601562,106.82150268554688
573.598512351084,408.0053252829984,149.82754516601562,106.82150268554688
577.1225808123767,413.5431471507441,149.82754516601562,106.82150268554688
571.584758944631,413.0397087991309,149.82754516601562,106.82150268554688
576.1157041091502,417.5706539636501,149.82754516601562,106.82150268554688
570.5778822414045,416.06033890881037,149.82754516601562,106.82150268554688
574.1019507026972,420.5912840733296,149.82754516601562,106.82150268554688
568.5641288349515,421.0947224249428,149.82754516601562,106.82150268554688
571.0813205930177,422.60503747978254,149.82754516601562,106.82150268554688
565.543498725272,424.1153525346223,149.82754516601562,106.82150268554688
563.0263069672058,424.6187908862355,149.82754516601562,106.82150268554688
560.5091152091395,428.14285934752826,149.82754516601562,106.82150268554688
563.0263069672058,428.6462976991415,149.82754516601562,106.82150268554688
561.515991912366,429.1497360507547,149.82754516601562,106.82150268554688
567.0538137801117,428.6462976991415,149.82754516601562,106.82150268554688
556.4816083962335,430.1566127539812,149.82754516601562,106.82150268554688
549.9369098252612,423.611914183009,149.82754516601562,106.82150268554688
543.3922112542889,430.1566127539812,149.82754516601562,106.82150268554688
537.8543893865432,432.67380451204747,149.82754516601562,106.82150268554688
539.364704441383,434.1841195668872,149.82754516601562,106.82150268554688
545.9094030123553,438.7150647314064,149.82754516601562,106.82150268554688
554.4678549897804,433.1772428636607,149.82754516601562,106.82150268554688
540.8750194962228,429.65317440236794,149.82754516601562,106.82150268554688
533.323444222024,433.1772428636607,149.82754516601562,106.82150268554688
536.8475126833167,437.70818802817996,149.82754516601562,106.82150268554688
529.295937409118,438.2116263797932,149.82754516601562,106.82150268554688
525.7718689478253,439.7219414346329,149.82754516601562,106.82150268554688
524.2615538929855,434.1841195668872,149.82754516601562,106.82150268554688
518.5804841905446,432.8969105824147,146.63243103027344,104.54350280761719
522.5184452991929,431.6371530565301,143.5054473876953,102.31407928466797
520.7952304459338,430.40425861004064,140.4451446533203,100.1322021484375
521.2671428353747,428.04469666283643,140.4451446533203,100.1322021484375
519.8514056670522,426.6289594945139,140.4451446533203,100.1322021484375
517.4918437198479,425.2132223261913,140.4451446533203,100.1322021484375
515.1322817726436,422.8536603789871,140.4451446533203,100.1322021484375
512.7727198254394,421.43792321066456,140.4451446533203,100.1322021484375
513.2446322148802,417.1907117056969,140.4451446533203,100.1322021484375
510.8850702676759,414.8311497584927,140.4451446533203,100.1322021484375
507.58168354159,412.4715878112885,140.4451446533203,100.1322021484375
506.1659463732675,411.05585064296594,140.4451446533203,100.1322021484375
502.86255964718157,410.5839382535251,140.4451446533203,100.1322021484375
498.615348142214,408.2243763063209,140.4451446533203,100.1322021484375
494.3681366372464,405.8648143591167,140.4451446533203,100.1322021484375
489.177100353397,404.4490771907941,140.4451446533203,100.1322021484375
483.98606406954764,401.1456904647082,140.4451446533203,100.1322021484375
479.73885256458004,398.786128517504,140.4451446533203,100.1322021484375
475.49164105961245,396.42656657029977,140.4451446533203,100.1322021484375
469.3567799968814,393.12317984421384,140.4451446533203,100.1322021484375
461.33426937638694,388.8759683392462,140.4451446533203,100.1322021484375
451.42410919812914,385.57258161316025,140.4451446533203,100.1322021484375
442.457773798753,381.3253701081926,140.4451446533203,100.1322021484375
431.6037888416135,378.02198338210667,140.4451446533203,100.1322021484375
420.749803884474,373.774771877139,140.4451446533203,100.1322021484375
410.8396437062162,370.4713851510531,140.4451446533203,100.1322021484375
398.0980091913133,366.22417364608543,140.4451446533203,100.1322021484375
386.3001994552921,361.0331373622361,140.4451446533203,100.1322021484375
375.4462144981526,356.78592585726847,140.4451446533203,100.1322021484375
364.59222954101307,353.48253913118253,140.4451446533203,100.1322021484375
349.9629454683468,349.2353276262149,140.4451446533203,100.1322021484375
338.1651357323256,344.04429134236557,140.4451446533203,100.1322021484375
326.36732599630443,339.7970798373979,140.4451446533203,100.1322021484375
315.5133410391649,336.493693111312,140.4451446533203,100.1322021484375
302.771706524262,333.19030638522605,140.4451446533203,100.1322021484375
286.25477289383235,328.9430948802584,140.4451446533203,100.1322021484375
274.4193089183625,322.44968294377253,143.552490234375,102.34762573242188
259.31933202833676,318.81525319448934,146.7285919189453,104.61206817626953
248.96579608393756,316.35012558868,146.7285919189453,104.61206817626953
235.65410701256712,313.88499798287063,146.7285919189453,104.61206817626953
223.32846898352045,310.43381933473756,146.7285919189453,104.61206817626953
211.9888819967975,309.9407938135757,146.7285919189453,104.61206817626953
199.66324396775076,307.4756662077663,146.7285919189453,104.61206817626953
188.3236569810278,307.9686917289282,146.7285919189453,104.61206817626953
176.98406999430483,304.51751308079514,146.7285919189453,104.61206817626953
160.71422779596318,306.9826406866045,146.7285919189453,104.61206817626953
152.33279393621143,301.55935995382396,146.7285919189453,104.61206817626953
140.00715590716473,302.05238547498584,146.7285919189453,104.61206817626953
128.66756892044177,299.5872578691765,146.7285919189453,104.61206817626953
116.34193089139507,301.0663344326621,146.7285919189453,104.61206817626953
105.98839494699584,297.615155784529,146.7285919189453,104.61206817626953
89.71855274865419,301.0663344326621,146.7285919189453,104.61206817626953
79.36501680425496,296.62910474220524,146.7285919189453,104.61206817626953
68.025429817532,300.0802833903383,146.7285919189453,104.61206817626953
56.68584283080904,296.62910474220524,146.7285919189453,104.61206817626953
39.42994959014365,300.0802833903383,146.7285919189453,104.61206817626953
29.076413645744424,298.6012068268527,146.7285919189453,104.61206817626953
13.792622489726512,301.0663344326621,146.7285919189453,104.61206817626953
1.4669844606798108,299.5872578691765,146.7285919189453,104.61206817626953
-7.900500441395678,302.05238547498584,146.7285919189453,104.61206817626953
-17.26570867808084,301.7422098788328,143.5995635986328,102.38118743896484
-27.398452349930835,301.2596982754114,143.5995635986328,102.38118743896484
-37.53119602178083,303.6722562925185,143.5995635986328,102.38118743896484
-47.66393969363082,301.2596982754114,143.5995635986328,102.38118743896484
-47.66393969363082,301.2596982754114,143.5995635986328,102.38118743896484
372.12553020356484,328.2413652940733,143.5995635986328,102.38118743896484
38.582523172156826,66.21802019797391,143.5995635986328,102.38118743896484
-68.21850480202725,20.313013243504855,143.5995635986328,102.38118743896484
-45.65510093196849,-25.56407565069756,143.5995635986328,102.38118743896484
517.5532073741081,393.9067208716751,143.5995635986328,102.38118743896484
28.237280894222494,59.24197727964602,143.5995635986328,102.38118743896484
28.237280894222494,59.24197727964602,143.5995635986328,102.38118743896484
-6.04206801171361,44.05613313638938,140.53726196289062,100.1978759765625
636.6777599052481,213.67625466252576,140.53726196289062,100.1978759765625
688.6983105954359,211.5585538389601,137.54026794433594,98.06112670898438
654.9612420485298,216.64222170219256,137.54026794433594,98.06112670898438
608.2839280315775,215.2557668304019,137.54026794433594,98.06112670898438
564.7602909515437,214.0741233502883,134.607177734375,95.96994018554688
529.0288989450822,219.04938046511205,134.607177734375,95.96994018554688
494.28048305407015,217.8929327591576,131.73663330078125,93.92335510253906
453.44666486337314,221.0276618624352,128.92730712890625,91.92041015625
420.08941092072433,217.9951842312853,128.92730712890625,91.92041015625
386.7321569780755,221.0276618624352,128.92730712890625,91.92041015625
354.24132521575524,217.9951842312853,128.92730712890625,91.92041015625
321.75049345343496,216.6955509607925,128.92730712890625,91.92041015625
291.8589282321003,217.9951842312853,128.92730712890625,91.92041015625
262.8337851910942,214.9627066001354,128.92730712890625,91.92041015625
241.60644177304493,217.12876205095677,128.92730712890625,91.92041015625
211.7148765517103,213.22986223947834,128.92730712890625,91.92041015625
189.6211109533325,211.06380678865696,128.92730712890625,91.92041015625
167.52734535495472,209.76417351816417,128.92730712890625,91.92041015625
137.63578013362005,205.86527370668574,128.92730712890625,91.92041015625
117.27485889589934,203.6992182558644,128.92730712890625,91.92041015625
98.64678201883572,200.6667406247145,128.92730712890625,91.92041015625
90.41577130571457,201.9663738952073,128.92730712890625,91.92041015625
83.9176049532505,197.20105190340033,128.92730712890625,91.92041015625
79.15228296144352,193.3021520919219,128.92730712890625,91.92041015625
74.38696096963653,189.40325228044347,128.92730712890625,91.92041015625
70.4880611581581,186.37077464929357,128.92730712890625,91.92041015625
65.72273916635112,182.47187483781514,128.92730712890625,91.92041015625
64.42310589585833,179.43939720666523,128.92730712890625,91.92041015625
62.25705044503697,176.40691957551533,128.92730712890625,91.92041015625
66.15595025651541,174.24086412469399,128.92730712890625,91.92041015625
62.25705044503698,170.34196431321556,128.92730712890625,91.92041015625
67.8887946171725,169.04233104272274,128.92730712890625,91.92041015625
71.78769442865092,166.00985341157283,128.92730712890625,91.92041015625
75.68659424012935,164.71022014108001,128.92730712890625,91.92041015625
79.58549405160778,161.6777425099301,128.92730712890625,91.92041015625
85.55328175780457,159.7349864871568,126.17789459228516,89.9601821899414
88.52109089007331,157.61512282125054,126.17789459228516,89.9601821899414
94.03273642142955,155.49525915534429,126.17789459228516,89.9601821899414
99.54438195278578,155.91923188852553,126.17789459228516,89.9601821899414
104.20808201777953,152.9514227562568,126.17789459228516,89.9601821899414
108.87178208277328,150.83155909035054,126.17789459228516,89.9601821899414
114.38342761412952,149.5596408908068,126.17789459228516,89.9601821899414
120.74301861184824,149.98361362398805,126.17789459228516,89.9601821899414
124.55877321047947,147.8637499580818,126.17789459228516,89.9601821899414
129.22247327547322,146.59183175853806,126.17789459228516,89.9601821899414
134.73411880682946,146.16785902535682,126.17789459228516,89.9601821899414
138.5498734054607,147.43977722490055,126.17789459228516,89.9601821899414
144.39039631804997,145.53845155906782,123.48711395263672,88.04175567626953
148.9546415744288,148.44297126767253,123.48711395263672,88.04175567626953
150.19943573525939,144.70858878518078,123.48711395263672,88.04175567626953
155.59354376552525,148.44297126767253,123.48711395263672,88.04175567626953
152.68902405692054,144.70858878518078,123.48711395263672,88.04175567626953
159.74285763496053,149.2728340415596,123.48711395263672,88.04175567626953
157.6682007002429,145.53845155906785,123.48711395263672,88.04175567626953
164.72203427828288,150.10269681544668,123.48711395263672,88.04175567626953
161.81751456967817,147.19817710684197,123.48711395263672,88.04175567626953
168.0414853738311,151.7624223632208,123.48711395263672,88.04175567626953
165.96682843911347,149.68776542850316,123.48711395263672,88.04175567626953
171.36093646937934,153.4221479109949,123.48711395263672,88.04175567626953
167.6265539868876,152.17735375016431,123.48711395263672,88.04175567626953
173.02066201715346,155.91173623265607,123.48711395263672,88.04175567626953
172.60573063020993,157.9863931673737,123.48711395263672,88.04175567626953
169.70121092160522,155.91173623265607,123.48711395263672,88.04175567626953
174.26545617798405,161.30584426292194,123.48711395263672,88.04175567626953
172.1907992432664,162.55063842375253,123.48711395263672,88.04175567626953
177.58490727353228,166.28502090624428,123.48711395263672,88.04175567626953
173.85052479104053,166.6999522931878,123.48711395263672,88.04175567626953
173.435593404097,170.43433477567956,123.48711395263672,88.04175567626953
177.16997588658876,173.33885448428427,123.48711395263672,88.04175567626953
175.09531895187112,174.58364864511486,123.48711395263672,88.04175567626953
173.02066201715348,177.48816835371957,123.48711395263672,88.04175567626953
175.9251817257582,181.22255083621133,123.48711395263672,88.04175567626953
173.02066201715348,184.12707054481604,123.48711395263672,88.04175567626953
170.94600508243585,187.03159025342075,123.48711395263672,88.04175567626953
174.6803875649276,190.7659727359125,123.48711395263672,88.04175567626953
170.11614230854877,194.50035521840425,123.48711395263672,88.04175567626953
169.70121092160525,197.40487492700896,123.48711395263672,88.04175567626953
167.62655398688761,199.4795318617266,123.48711395263672,88.04175567626953
165.55189705216998,202.3840515703313,123.48711395263672,88.04175567626953
164.30710289133938,205.28857127893602,123.48711395263672,88.04175567626953
162.23244595662175,207.36322821365366,123.48711395263672,88.04175567626953
163.47724011745234,210.26774792225837,123.48711395263672,88.04175567626953
159.7428576349606,212.342404856976,123.48711395263672,88.04175567626953
156.83833792635588,214.41706179169364,123.48711395263672,88.04175567626953
153.93381821775117,215.6618559525242,123.48711395263672,88.04175567626953
152.68902405692057,218.56637566112892,123.48711395263672,88.04175567626953
151.44422989608998,219.81116982195948,123.48711395263672,88.04175567626953
149.36957296137234,221.88582675667715,123.48711395263672,88.04175567626953
146.46505325276763,221.47089536973363,123.48711395263672,88.04175567626953
145.22025909193704,223.5455523044513,123.48711395263672,88.04175567626953
148.12477880054175,224.79034646528186,123.48711395263672,88.04175567626953
144.39039631805,225.20527785222538,123.48711395263672,88.04175567626953
140.65601383555824,223.1306209175077,123.48711395263672,88.04175567626953
145.22025909193707,226.86500339999947,123.48711395263672,88.04175567626953
142.93755427122483,224.20435744769543,120.85371398925781,86.16423797607422
146.59229992246344,227.85910309893404,120.85371398925781,86.16423797607422
142.93755427122483,224.20435744769543,120.85371398925781,86.16423797607422
147.40446562273868,228.67126879920932,120.85371398925781,86.16423797607422
144.56188567177531,224.20435744769543,120.85371398925781,86.16423797607422
150.6531284238397,226.23477169838355,120.85371398925781,86.16423797607422
148.62271417315156,223.39219174742016,120.85371398925781,86.16423797607422
155.52612262549118,225.42260599810828,120.85371398925781,86.16423797607422
158.36870257645455,221.76786034686967,120.85371398925781,86.16423797607422
162.8356139279684,224.61044029783307,120.85371398925781,86.16423797607422
164.86602817865653,220.14352894631918,120.85371398925781,86.16423797607422
169.3329395301704,222.98610889728258,120.85371398925781,86.16423797607422
167.30252527948227,218.5191975457687,120.85371398925781,86.16423797607422
170.95727093072088,216.48878329508057,120.85371398925781,86.16423797607422
175.42418228223474,217.70703184549342,120.85371398925781,86.16423797607422
171.76943663099613,214.0522861942548,120.85371398925781,86.16423797607422
176.23634798250998,213.64620334411717,120.85371398925781,86.16423797607422
172.58160233127137,210.8036233931538,120.85371398925781,86.16423797607422
170.55118808058324,207.96104344219043,120.85371398925781,86.16423797607422
175.0180994320971,209.99145769287856,120.85371398925781,86.16423797607422
170.55118808058324,205.5245463413647,120.85371398925781,86.16423797607422
166.89644242934463,202.68196639040133,120.85371398925781,86.16423797607422
164.05386247838126,203.08804924053896,120.85371398925781,86.16423797607422
160.39911682714265,199.43330358930035,120.85371398925781,86.16423797607422
156.74437117590404,197.40288933861223,120.85371398925781,86.16423797607422
153.08962552466542,197.80897218874986,120.85371398925781,86.16423797607422
148.62271417315156,194.9663922377865,120.85371398925781,86.16423797607422
143.34363712136243,192.93597798709837,120.85371398925781,86.16423797607422
138.0645600695733,191.7177294366855,120.85371398925781,86.16423797607422
133.59764871805945,188.87514948572212,120.85371398925781,86.16423797607422
129.1307373665456,186.844735235034,120.85371398925781,86.16423797607422
124.66382601503173,184.00215528407062,120.85371398925781,86.16423797607422
121.00908036379312,183.596072433933,120.85371398925781,86.16423797607422
117.3543347125545,181.56565818324486,120.85371398925781,86.16423797607422
114.51175476159113,180.34740963283198,120.85371398925781,86.16423797607422
112.48134051090301,181.56565818324486,120.85371398925781,86.16423797607422
109.63876055993964,177.91091253200625,120.85371398925781,86.16423797607422
108.42051200952676,179.94132678269438,120.85371398925781,86.16423797607422
111.26309196049013,178.7230782322815,120.85371398925781,86.16423797607422
107.60834630925152,177.5048296818686,120.85371398925781,86.16423797607422
111.26309196049013,179.53524393255674,120.85371398925781,86.16423797607422
107.60834630925152,176.69266398159337,120.85371398925781,86.16423797607422
110.45092626021489,179.53524393255674,120.85371398925781,86.16423797607422
106.79618060897627,175.88049828131813,120.85371398925781,86.16423797607422
112.0752576607654,179.53524393255674,120.85371398925781,86.16423797607422
109.23267770980203,176.69266398159337,120.85371398925781,86.16423797607422
114.51175476159116,180.34740963283198,120.85371398925781,86.16423797607422
111.6691748106278,177.5048296818686,120.85371398925781,86.16423797607422
118.57258326296741,181.15957533310723,120.85371398925781,86.16423797607422
116.54216901227929,179.1291610824191,120.85371398925781,86.16423797607422
122.63341176434366,181.97174103338247,120.85371398925781,86.16423797607422
118.97866611310505,178.31699538214386,120.85371398925781,86.16423797607422
125.88207456544467,181.15957533310723,120.85371398925781,86.16423797607422
129.53682021668328,179.94132678269435,120.85371398925781,86.16423797607422
130.75506876709616,181.97174103338247,120.85371398925781,86.16423797607422
133.59764871805953,179.1291610824191,120.85371398925781,86.16423797607422
138.0645600695734,181.97174103338247,120.85371398925781,86.16423797607422
141.719305720812,179.1291610824191,120.85371398925781,86.16423797607422
144.56188567177537,181.97174103338247,120.85371398925781,86.16423797607422
255.71496661544592,110.65961754686151,123.52760314941406,88.07062530517578
254.77907533471193,113.56102839330259,126.26065063476562,90.0191879272461
255.58311732732017,109.48406879188352,129.05416870117188,92.0108642578125
256.4049529947729,107.11650068608961,131.90948486328125,94.0466079711914
260.39403717390314,109.3326585633842,131.90948486328125,94.0466079711914
263.49665820211555,106.23003753517179,131.90948486328125,94.0466079711914
267.4857423812458,109.3326585633842,131.90948486328125,94.0466079711914
272.3612897112939,106.23003753517179,131.90948486328125,94.0466079711914
277.236837041342,108.44619541246638,131.90948486328125,94.0466079711914
281.2259212204723,105.34357438425397,131.90948486328125,94.0466079711914
284.8250501715886,106.60244816729866,134.82798767089844,96.12738800048828
289.808468986314,102.52510550070514,134.82798767089844,96.12738800048828
294.79188780103937,102.97814357477108,134.82798767089844,96.12738800048828
299.77530661576475,101.61902935257325,134.82798767089844,96.12738800048828
304.75872543049013,100.25991513037542,134.82798767089844,96.12738800048828
310.3175990860711,101.5466422416433,137.81105041503906,98.25420379638672
315.4112760420723,98.3052114514607,137.81105041503906,98.25420379638672
321.4310760809828,100.62051915873397,137.81105041503906,98.25420379638672
324.23037709150316,95.20974506471754,140.86012268066406,100.4280776977539
329.0558365745433,97.53615073812739,143.97665405273438,102.6500473022461
332.44228740821063,93.18214252341227,143.97665405273438,102.6500473022461
337.76385300397357,94.63347859498398,143.97665405273438,102.6500473022461
341.1503038376409,90.27947038026886,143.97665405273438,102.6500473022461
345.504312052356,91.73080645184058,143.97665405273438,102.6500473022461
348.8907628860233,86.40924085607764,143.97665405273438,102.6500473022461
353.24477110073843,88.82813430869714,143.97665405273438,102.6500473022461
356.63122193440574,85.44168347502983,143.97665405273438,102.6500473022461
360.98523014912087,88.82813430869714,143.97665405273438,102.6500473022461
364.3716809827882,83.50656871293421,143.97665405273438,102.6500473022461
367.7581318164555,85.92546216555371,143.97665405273438,102.6500473022461
370.177025269075,80.60389656979078,143.97665405273438,102.6500473022461
373.5634761027423,83.99034740345809,143.97665405273438,102.6500473022461
375.9823695553618,78.66878180769515,143.97665405273438,102.6500473022461
379.3688203890291,82.05523264136247,143.97665405273438,102.6500473022461
379.852599079553,76.73366704559955,143.97665405273438,102.6500473022461
384.2066072942681,80.12011787926687,143.97665405273438,102.6500473022461
384.690385984792,75.76610966455175,143.97665405273438,102.6500473022461
389.0443941995071,79.15256049821906,143.97665405273438,102.6500473022461
389.528172890031,74.79855228350394,143.97665405273438,102.6500473022461
392.9146237236983,77.21744573612347,143.97665405273438,102.6500473022461
394.36595979527,73.83099490245614,143.97665405273438,102.6500473022461
396.7848532478895,75.28233097402784,143.97665405273438,102.6500473022461
399.203746700509,73.83099490245614,143.97665405273438,102.6500473022461
400.6550827720807,73.34721621193223,143.97665405273438,102.6500473022461
403.0739762247002,74.79855228350394,143.97665405273438,102.6500473022461
405.4928696773197,74.31477359298003,143.97665405273438,102.6500473022461
408.879320510987,77.70122442664734,143.97665405273438,102.6500473022461
411.2982139636065,73.34721621193222,143.97665405273438,102.6500473022461
413.717107416226,78.66878180769515,143.97665405273438,102.6500473022461
410.3306565825587,73.34721621193223,143.97665405273438,102.6500473022461
412.2513564025666,75.7250922404363,147.16213989257812,104.92118072509766
408.7899803442044,71.2747515939706,147.16213989257812,104.92118072509766
411.77922567165086,75.75734046721894,150.41810607910156,107.24256134033203
407.2304212383821,71.2085360339502,150.41810607910156,107.24256134033203
411.33455650628053,73.69279765063129,153.74610900878906,109.61530303955078
406.6851097749257,70.076561304022,153.74610900878906,109.61530303955078
412.367766891026,75.75921842012232,153.74610900878906,109.61530303955078
405.6518993901802,71.10977168876751,153.74610900878906,109.61530303955078
411.3345565062805,75.75921842012232,153.74610900878906,109.61530303955078
415.9840032376353,77.30903399724059,153.74610900878906,109.61530303955078
410.301346121535,72.65958726588578,153.74610900878906,109.61530303955078
414.95079285288983,78.34224438198609,153.74610900878906,109.61530303955078
409.26813573678953,73.69279765063129,153.74610900878906,109.61530303955078
413.91758246814436,79.3754547667316,153.74610900878906,109.61530303955078
408.23492535204406,76.7924288048678,153.74610900878906,109.61530303955078
402.55226823594376,80.4086651514771,153.74610900878906,109.61530303955078
407.8191674746143,77.58811170872275,157.14773559570312,112.04054260253906
400.95471140531225,81.28435728450077,157.14773559570312,112.04054260253906
404.6509569810903,78.64418187323076,157.14773559570312,112.04054260253906
398.8425710762963,84.45256777802481,157.14773559570312,112.04054260253906
391.97811500699424,79.70025203773878,157.14773559570312,112.04054260253906
397.78650091178827,85.50863794253283,157.14773559570312,112.04054260253906
390.92204484248623,81.8123923667548,157.14773559570312,112.04054260253906
384.0575887731842,87.62077827154886,157.14773559570312,112.04054260253906
378.24920286839017,82.86846253126282,157.14773559570312,112.04054260253906
372.44081696359615,88.67684843605687,157.14773559570312,112.04054260253906
367.6885012233101,84.98060286027885,157.14773559570312,112.04054260253906
362.936185483024,89.73291860056489,157.14773559570312,112.04054260253906
357.12779957823,88.14881335380286,157.14773559570312,112.04054260253906
352.37548383794393,91.84505892958089,157.14773559570312,112.04054260253906
345.5110277686419,89.20488351831088,157.14773559570312,112.04054260253906
339.7026418638479,93.95719925859692,157.14773559570312,112.04054260253906
332.83818579454584,90.2609536828189,157.14773559570312,112.04054260253906
327.0297998897518,96.06933958761294,157.14773559570312,112.04054260253906
321.2214139849578,92.37309401183492,157.14773559570312,112.04054260253906
315.41302808016377,98.18147991662897,157.14773559570312,112.04054260253906
309.60464217536975,94.48523434085095,157.14773559570312,112.04054260253906
303.7962562705757,100.293620245645,157.14773559570312,112.04054260253906
297.9878703657817,97.653444834375,157.14773559570312,112.04054260253906
292.1794844609877,103.46183073916905,157.14773559570312,112.04054260253906
286.37109855619366,99.76558516339102,157.14773559570312,112.04054260253906
280.56271265139964,104.51790090367706,157.14773559570312,112.04054260253906
271.7023903828191,99.44359757144409,160.6246337890625,114.51943969726562
264.6860582229837,104.30105829748396,160.6246337890625,114.51943969726562
260.9080332138416,100.52303328834185,160.6246337890625,114.51943969726562
254.97113677090397,105.38049401438172,160.6246337890625,114.51943969726562
247.9548046110686,101.60246900523961,160.6246337890625,114.51943969726562
243.09734388502875,105.38049401438172,160.6246337890625,114.51943969726562
237.16044744209114,101.60246900523961,160.6246337890625,114.51943969726562
231.22355099915353,106.45992973127949,160.6246337890625,114.51943969726562
224.20721883931816,102.68190472213738,160.6246337890625,114.51943969726562
215.15086534897728,100.85507503799082,164.17845153808594,117.05318450927734
205.77266037583735,94.7868247612532,164.17845153808594,117.05318450927734
194.2265495716734,97.4983501048738,167.81089782714844,119.64298248291016
183.51312266548263,91.29583979076335,167.81089782714844,119.64298248291016
158.13921683503088,83.96560032863286,167.81089782714844,119.64298248291016
148.55351907686023,85.65719405066298,167.81089782714844,119.64298248291016
120.92415495036832,78.32695458853249,167.81089782714844,119.64298248291016
92.16706167585633,69.86898597838191,167.81089782714844,119.64298248291016
59.30515124695199,58.600273376301345,171.52371215820312,122.29008483886719
23.324356075692634,47.08224246150158,175.3186798095703,124.9957504272461
-3.1847660111278913,38.24586843256141,175.3186798095703,124.9957504272461
-32.62744093059871,27.695363653903172,179.19760131835938,127.76128387451172
-47.728620992521535,13.163202909607293,183.162353515625,130.58799743652344
283.70014368074266,479.7361086323797,183.162353515625,130.58799743652344
409.63239724167136,377.3181390143386,179.25636291503906,127.80316925048828
406.31877588240627,387.3891391618605,175.4336700439453,125.07772827148438
399.83451828004746,397.41026454732406,175.4336700439453,125.07772827148438
393.18253551867156,406.1301545815484,171.69248962402344,122.41040802001953
384.4481846794301,415.7761988601514,168.03109741210938,119.79997253417969
370.3330734399815,424.24526560382054,168.03109741210938,119.79997253417969
348.3134999064417,437.2311679441133,168.03109741210938,119.79997253417969
334.1983886669931,443.44181688947066,168.03109741210938,119.79997253417969
326.8585308224798,445.1356302382045,168.03109741210938,119.79997253417969
322.9062996754342,446.82944358693834,168.03109741210938,119.79997253417969
322.34169522585626,447.39404803651627,168.03109741210938,119.79997253417969
331.9399708686813,449.0878613852501,168.03109741210938,119.79997253417969
343.79666430981814,448.5232569356722,168.03109741210938,119.79997253417969
355.65335775095497,449.0878613852501,168.03109741210938,119.79997253417969
365.25163339378,451.9108836331398,168.03109741210938,119.79997253417969
370.33307343998155,449.0878613852501,168.03109741210938,119.79997253417969
375.41451348618307,451.9108836331398,168.03109741210938,119.79997253417969
380.4959535323846,450.21707028440596,168.03109741210938,119.79997253417969
383.3189757802743,454.1693014314516,168.03109741210938,119.79997253417969
388.920011693254,458.1676724422923,164.44778442382812,117.24520111083984
396.5319710093848,462.08077686888055,160.94088745117188,114.74491119384766
404.6436784191269,463.70311835082896,160.94088745117188,114.74491119384766
412.755385828869,459.9176548929494,160.94088745117188,114.74491119384766
423.0302152145423,462.6215573628634,160.94088745117188,114.74491119384766
428.9788006483532,464.24389884481184,160.94088745117188,114.74491119384766
454.3954838655451,464.7846793387946,160.94088745117188,114.74491119384766
468.9965572030808,460.999215880915,160.94088745117188,114.74491119384766
481.4345085646853,461.5399963748978,160.94088745117188,114.74491119384766
496.0355819022211,463.1623378568462,160.94088745117188,114.74491119384766
504.14728931196316,466.9478013147258,160.94088745117188,114.74491119384766
526.3192895652581,464.2438988448117,160.94088745117188,114.74491119384766
549.5728508065188,468.0293623026913,160.94088745117188,114.74491119384766
560.9292411801576,469.6517037846397,160.94088745117188,114.74491119384766
583.1012414334526,463.70311835082884,160.94088745117188,114.74491119384766
607.4363636626789,466.4070208207429,160.94088745117188,114.74491119384766
618.7927540363178,468.0293623026913,160.94088745117188,114.74491119384766
637.7200713257159,470.73326477260537,160.94088745117188,114.74491119384766
645.831778735458,465.86624032676013,160.94088745117188,114.74491119384766
651.7803641692689,462.08077686888055,160.94088745117188,114.74491119384766
643.6686567595268,463.70311835082896,160.94088745117188,114.74491119384766
605.4193614299597,465.23904994534723,164.501708984375,117.28364562988281
599.3391635434258,461.369833108462,164.501708984375,117.28364562988281
607.6303424796084,455.28963522192805,164.501708984375,117.28364562988281
597.1281824937771,458.0533615339889,164.501708984375,117.28364562988281
592.1534751320676,461.92257837087413,164.501708984375,117.28364562988281
584.9677867207093,470.21375730705677,164.501708984375,117.28364562988281
578.7303096418127,476.259209100049,160.99366760253906,114.78253936767578
551.6933516042475,476.67315724249477,164.55564880371094,117.32210540771484
540.0818952176992,477.22608373709227,164.55564880371094,117.32210540771484
514.7413880304166,482.238482906003,168.19644165039062,119.91785430908203
482.97668788836233,489.70719380988726,171.91778564453125,122.57103729248047
543.2721839812268,467.0723809300881,168.2515869140625,119.9571762084961
540.1619901710324,471.075996937108,164.66357421875,117.39905548095703
495.2875849402467,462.31478075553616,168.3067626953125,119.99651336669922
490.4920019443372,452.18624862571767,172.03054809570312,122.65143585205078
484.1335286665394,446.9838613984286,172.03054809570312,122.65143585205078
461.2402498813269,455.82226465942824,175.83673095703125,125.36509704589844
468.2404270497515,437.22729839517734,172.0869598388672,122.691650390625
511.60786844838617,413.51976376392366,172.0869598388672,122.691650390625
526.0636822479311,406.0027405881603,172.0869598388672,122.691650390625
537.0501007355851,415.83269397185086,172.0869598388672,122.691650390625
457.832241114079,406.0027405881603,172.0869598388672,122.691650390625
