10000
8.856281
8.89487
8.842938
8.89877
8.876089
8.818939
8.897872
8.863468
8.824825
8.86615
9.019726
9.002569
9.009775
9.023306
9.070361
8.942194
8.8155985
8.837896
8.878986
8.887172
8.894978
8.973115
9.032074
9.05968
9.0978365
9.073431
9.134867
9.136382
9.157612
9.156315
9.135612
9.142934
9.054706
9.007785
8.94231
8.963854
8.935409
9.024097
9.00757
9.043836
9.060759
9.12797
9.135677
9.127366
9.068587
9.139866
9.132299
9.063346
9.007875
8.936052
8.905925
8.9024105
8.962914
9.055142
9.091403
9.189787
9.192384
9.193704
9.202185
9.152763
9.095245
9.040021
8.985408
8.969137
8.979044
9.048512
9.022399
9.05448
9.030031
9.042496
9.002643
9.062683
9.027667
9.062216
9.045828
8.999378
8.9940405
8.949248
8.96695
8.931824
8.785031
8.763354
8.770133
8.806128
8.79156
8.787543
8.860789
8.829516
8.874978
8.7893305
8.87796
8.873619
8.934876
8.881946
8.913196
8.911715
8.92099
8.942628
8.852023
8.838139
8.839295
8.810244
8.796256
8.819523
8.821891
8.810717
8.814189
8.868318
8.783538
8.867241
8.828096
8.93059
8.887392
8.870779
8.861061
8.851864
8.871764
8.858568
8.920283
8.942135
8.813594
8.876512
8.816197
8.840238
8.916027
8.827352
8.840646
8.835905
8.828878
8.900182
8.852374
8.940734
8.922737
8.918674
8.873657
8.8376
8.853287
8.810214
8.868916
8.892227
8.970987
8.925733
8.893999
8.827517
8.850516
8.750436
8.778046
8.734399
8.719781
8.709711
8.69879
8.760042
8.67024
8.800771
8.712915
8.770882
8.724259
8.68536
8.606534
8.547217
8.494001
8.411993
8.416389
8.420962
8.610692
8.56535
8.520949
8.507372
8.448662
8.350404
8.282514
8.24928
8.124111
8.149302
8.00151
8.026154
7.896678
7.8703628
7.757772
7.6593904
7.328812
7.1150765
6.784649
6.444085
6.031228
5.4216886
4.9190135
4.4072623
4.3598027
4.5122333
4.698096
5.1278834
5.3223853
5.571627
5.667643
5.8243012
6.2189894
6.4435515
6.64295
6.898505
6.9582405
7.143851
7.2927966
7.363091
7.5407715
7.544354
7.479409
7.482342
7.6233854
7.66743
7.8574715
8.070615
8.110307
8.038823
8.104681
8.140892
8.069677
8.074232
7.9276
8.003866
7.879102
7.908696
7.9263864
7.9382625
7.9115477
7.973733
7.982579
7.9958844
7.974418
8.027057
7.9567633
8.104706
7.947371
8.071353
8.001136
8.005522
7.976633
8.066686
8.088442
8.053683
8.025791
7.995488
8.107769
8.07232
8.101914
7.9983997
8.042288
7.978333
7.979686
7.995266
8.0032
8.015914
7.950271
8.071441
8.103085
8.092609
8.096867
8.109035
8.110224
8.108225
8.2458935
8.23784
8.238635
8.260488
8.2544155
8.265967
8.27253
8.261415
8.279702
8.251576
8.300917
8.355096
8.347189
8.350758
8.314278
8.350578
8.320144
8.353976
8.310317
8.325315
8.316907
8.317918
8.333894
8.342105
8.3324
8.362775
8.358639
8.396678
8.312153
8.379214
8.421815
8.466518
8.535329
8.483967
8.503625
8.426182
8.351336
8.282248
8.374506
8.38086
8.467299
8.454199
8.487383
8.476172
8.493548
8.50371
8.480582
8.474562
8.468418
8.452747
8.457904
8.483596
8.481514
8.449983
8.480094
8.473773
8.449392
8.438328
8.43356
8.395819
8.351015
8.297361
8.275909
8.277755
8.250858
8.3380575
8.309603
8.382864
8.316471
8.382838
8.334429
8.399921
8.423431
8.377679
8.453204
8.411948
8.4896965
8.389183
8.41569
8.3808365
8.375973
8.365916
8.380406
8.3752
8.408817
8.415191
8.397936
8.438053
8.345029
8.278276
8.398641
8.329544
8.330308
8.255881
8.274372
8.245528
8.266132
8.288714
8.276542
8.3054285
8.277285
8.257178
8.2727165
8.2538595
8.289684
8.28422
8.260458
8.232902
8.233167
8.373083
8.440345
8.514977
8.522059
8.478763
8.472839
8.505372
8.431817
8.46345
8.45296
8.459572
8.469603
8.41773
8.4617195
8.32789
8.386141
8.285495
8.27428
8.255976
8.259734
8.24101
8.246156
8.23563
8.221852
8.258992
8.20404
8.307682
8.186918
8.294953
8.1945095
8.259965
8.228263
8.255441
8.214242
8.263152
8.187061
8.305857
8.170212
8.320147
8.267155
8.400393
8.256233
8.348101
8.271415
8.296248
8.281359
8.312742
8.298138
8.424047
8.334833
8.376601
8.349496
8.488131
8.357352
8.491106
8.359046
8.41028
8.23951
8.235038
8.044843
8.193582
8.124167
8.314642
8.4069195
8.535478
8.445569
8.551708
8.4536085
8.556416
8.447991
8.552196
8.403576
8.3847685
8.146335
8.185231
8.086312
8.161885
8.119458
8.241127
8.171596
8.347766
8.210089
8.363617
8.1838255
8.221566
7.975583
8.038932
8.013858
8.100706
7.942853
8.028618
7.9476333
7.8507595
7.9681864
8.00956
7.918488
7.9240575
7.917308
7.970276
7.89292
8.012002
8.002353
8.04827
8.003589
8.012545
7.983911
8.13097
8.074834
8.167556
8.221019
8.201377
8.122158
8.079066
8.103377
8.123754
8.085572
8.036544
8.121831
8.159641
8.157737
8.121795
8.091684
8.179111
8.242725
8.156964
8.275023
7.913316
7.8610034
7.6439595
7.478309
7.5016637
7.360853
7.0941772
7.124127
7.098359
7.0294595
7.035171
7.001346
6.85055
6.656108
6.3303704
6.2624793
6.389859
6.2019124
6.0559344
5.7935076
5.513794
5.2180657
5.234135
5.05264
4.852438
5.1409564
4.6752095
4.612693
5.010563
5.2126174
5.7574024
5.4742575
5.2470694
5.056067
5.1441402
5.658846
5.5179586
5.4600554
5.0681877
4.5548058
4.924095
5.449786
5.4799194
5.1393285
5.4068403
4.764584
4.7259693
5.01872
5.0977726
5.0895314
4.734902
4.0608845
4.3250427
4.337364
4.135167
4.435735
5.3145866
5.3298607
6.274469
6.668752
6.8143196
7.4546022
7.3067765
6.7454357
6.267749
5.3366137
5.0927835
5.08302
6.2008195
6.8700104
8.035162
7.5009456
6.8043685
7.155222
5.8607726
6.476733
6.582404
7.3268366
7.3854966
6.8526306
7.156851
7.1138983
6.423381
6.5512185
7.017121
7.6391573
7.986967
7.7272863
7.5609217
7.737758
7.466916
6.15234
7.1690545
7.6590314
7.607546
7.652417
7.0759544
6.7778635
6.0397005
4.6825438
3.815929
4.0679398
3.8606017
3.669787
3.7453866
3.7252684
3.6907027
3.5779757
3.559318
3.5754695
3.7003083
3.397925
3.5817523
3.5769038
3.5557225
3.5334587
3.936319
3.7840095
3.3957334
3.562395
3.4331782
3.825312
3.5372698
3.5226595
3.8675418
4.0469856
3.9102042
3.567165
3.5904408
3.354681
3.4654145
3.293417
3.4599996
3.3894768
3.494455
3.8554559
3.7860987
3.7367747
3.9564857
4.5558214
4.100528
4.3495913
3.8642178
3.9182963
3.8521974
3.8755572
3.7954633
3.7214632
3.7698793
3.770125
3.8984365
3.8485866
3.954555
3.7113538
3.5833023
3.449553
3.2283773
3.3144107
3.360505
3.2679255
3.396493
3.3946621
3.520666
3.3050065
3.1727114
3.3064187
3.3812573
3.322782
3.449102
3.921167
4.4190044
4.001208
3.6922266
3.6791024
3.5942583
3.7173905
3.550126
3.6063356
3.596324
3.6151197
3.4807909
3.636899
3.706355
3.6987333
3.7862253
4.0114627
4.2198334
4.5650153
4.6939473
4.480858
4.345093
4.0639443
3.9364033
3.6994295
3.9136655
3.7583773
3.8746269
3.9177818
3.873746
3.9114203
3.8580394
3.7652311
3.857099
3.8326216
4.1396394
4.3583245
4.3983808
4.1990576
4.324183
4.262018
4.268227
4.228234
4.069765
3.8576303
3.7426143
3.8483167
3.8022356
3.7859502
3.8361955
3.8483324
3.8382318
3.93812
3.9026232
4.0347514
4.1281786
4.1934843
4.2485213
4.2530856
4.0301523
3.352917
3.3173125
3.433797
3.805587
5.4338217
4.79448
4.1143723
3.544177
3.9180124
3.630238
3.7813911
3.796063
3.6851811
3.6192648
3.4478927
3.5596411
3.599999
4.0158396
4.168501
4.1850305
3.6771379
3.7077687
3.7300792
3.69093
3.6004138
3.698649
3.6381474
3.556851
3.5003266
3.4977934
3.5788715
3.5050993
3.499466
3.5754743
3.9702923
3.7641108
3.6209364
4.0344095
4.331083
4.62806
4.4708753
4.1967034
4.202699
4.3334036
4.421793
4.4256907
4.2279844
4.424039
4.322727
4.0051384
3.9675572
3.7979674
3.8452342
4.408376
4.4073734
4.1942787
4.1108246
4.0727777
4.069563
3.9412386
4.21532
4.606053
4.5672593
4.474723
4.4896474
4.3739977
4.4392447
4.4651537
4.414907
4.480858
4.459507
4.441758
4.414798
4.271469
4.302664
4.422945
4.3405514
4.404817
4.3581133
4.3663855
4.378778
4.3825903
4.39678
4.326228
4.3379416
4.3148465
4.226796
4.1148224
3.8896508
3.3812335
2.9776394
3.440202
2.7868888
2.6424794
3.7515373
4.1920624
4.2663164
4.456847
4.4819613
4.2151017
4.062131
3.6561582
3.443492
3.4561305
3.664149
3.831224
3.8612761
3.9104066
3.9254994
3.9033217
4.0258756
3.9706717
4.026184
3.7481582
3.7992597
3.7583554
3.8260255
3.8326597
3.8804288
3.7391214
3.771927
3.825955
3.7610793
3.6386209
3.6822724
3.708116
3.6561875
3.6229029
3.6646445
3.6600633
3.7059522
3.6223736
3.512301
3.5559764
3.527179
3.5378816
3.653991
3.6923923
3.6087527
3.6225393
3.6026416
3.57276
3.529316
3.5964723
3.6139836
3.5757935
3.5480485
3.627201
3.606289
3.5349355
3.702908
3.725267
3.6890035
3.7131934
3.6366386
3.6186934
3.7491727
3.7788553
3.775926
3.7406669
3.760931
3.889023
3.955275
3.9753158
3.9667256
4.008228
3.770943
3.8840451
3.827273
3.6300902
3.4046469
3.321159
3.2586613
3.2151244
3.2733524
3.2185378
3.0654273
3.1364403
3.1931658
3.3346944
3.224966
3.096106
3.0687394
3.1007264
3.1831543
3.1345642
3.2079585
3.3217173
3.408438
3.5944104
3.603453
3.6638615
4.1100807
4.171357
4.3704376
4.47585
4.6941166
4.7539186
4.7543025
4.798268
4.9322004
4.8627944
4.997655
5.003896
5.3247147
5.1342897
5.0034122
4.822146
4.761755
4.746549
4.8947396
4.6466713
4.476762
4.454808
4.2269998
4.2754564
3.9585414
3.8576741
3.7793834
4.057603
3.83947
3.430172
3.845282
4.1780105
4.345943
4.6696863
5.2187405
4.669074
4.1081386
4.5094495
4.692295
4.7635
4.7732825
4.4450774
4.2785926
4.442716
4.390061
4.406201
4.1599793
4.6379867
4.598953
5.5180817
5.8201833
4.5871606
4.971413
4.7631264
4.8352947
4.544795
5.064819
4.005393
4.203276
4.6290984
5.1846557
4.9903173
4.2837915
4.374518
4.419688
4.698915
5.00258
5.093639
4.4571915
4.1371355
4.4787984
5.3861213
5.5655036
5.224436
4.485247
4.861652
4.6969314
5.1905932
5.1426077
5.194183
4.3165345
4.505213
5.326593
6.0441055
6.095907
5.3229914
5.1101522
5.047213
4.998061
5.049849
4.977558
4.794155
5.1509485
5.1295404
5.0101924
4.8219123
5.1753693
5.3709297
5.304577
4.7039666
4.8437533
4.4313216
4.3638134
4.6717596
4.423538
4.619774
4.9235015
5.368005
4.8619003
5.2870955
5.3251476
5.2031803
5.324156
5.330411
5.354969
5.4438457
5.4801636
4.6308804
4.5522494
4.7682514
5.221368
5.554245
5.6268535
5.6866083
5.703881
5.5443935
5.438003
5.488697
5.5821853
5.482046
5.72748
5.8426113
5.8118176
5.8793225
6.2759657
6.3681817
6.490548
5.3543873
5.5568385
5.875569
5.8258076
5.495617
5.0249395
4.800266
4.7436976
4.9234986
5.0920687
5.3112836
5.4934535
5.4947386
5.5845833
5.6926093
5.7497487
5.7711706
5.887025
6.0050025
6.148196
6.5496917
6.6152935
6.5071206
6.5301714
6.361745
6.17293
5.7965517
5.6325984
5.5167847
5.55721
5.715751
5.829996
6.0038915
6.1180305
6.2482862
6.3932385
6.525461
6.6208525
6.5581274
6.6430464
6.6395736
6.6927133
6.7746115
6.62199
6.4940658
6.3953795
6.4153714
6.359104
6.2519665
6.2778654
6.3216863
6.358887
6.278714
6.200556
6.1765413
6.165945
5.97296
5.7860765
5.802993
5.8362226
5.814981
5.7512484
5.844419
5.7586203
5.7782288
5.6972094
5.7084937
5.8052416
5.791308
5.8073463
5.775705
5.808197
5.8120832
5.844514
5.87109
5.842336
5.961266
5.875824
5.899246
5.9155793
5.8637085
5.918518
5.883148
5.873976
5.9598327
5.9068336
5.939566
5.891245
5.884399
5.941016
5.937649
6.0972104
6.116181
6.0158157
6.020006
6.1206408
6.2456627
6.4770436
6.557678
6.601441
6.716618
6.7294083
6.6851225
6.795648
6.8304586
7.0304585
7.1164446
7.206378
7.2457314
7.1219335
7.1451435
7.159852
7.2887826
7.0750656
7.108431
6.993229
7.021133
6.91928
6.8953137
6.84419
6.8819256
6.904008
6.958664
6.969876
6.915176
6.9495707
6.8936663
6.934649
6.9202375
6.975648
6.9348254
6.9925365
6.8809824
6.9942575
6.914301
6.983427
6.9037495
6.948071
6.8975716
6.9570894
6.906043
6.997939
6.9280167
7.041016
6.9331756
7.053642
6.952508
6.9528136
6.891952
7.017561
6.955658
6.9654865
6.9622335
6.9201984
7.000105
6.9559774
7.033269
6.9689364
7.104558
7.0762143
7.100729
7.1039085
7.2239823
7.120807
7.16504
6.882687
6.9812155
6.7346735
6.8554864
6.8171406
6.9991007
6.772501
6.9840226
6.80686
6.9517555
6.83966
7.0650964
6.913985
7.087594
6.9880357
7.1293116
7.063584
7.14227
7.136068
7.1021686
7.062192
6.9181576
6.928581
6.913714
7.009246
7.107679
6.601068
6.282707
5.912583
5.3567
5.9276943
6.272505
5.767279
6.1352954
6.5395665
5.236413
6.2094684
6.2260194
6.2960863
6.429065
6.3120384
6.048315
6.0703993
6.502226
6.4987836
6.419417
6.3074036
6.424124
6.347638
6.4909964
6.5426702
6.609488
6.807661
6.8990045
6.907162
6.848058
6.7844024
6.790537
6.7966056
6.7480755
6.810793
6.7728043
6.786843
6.738476
6.752228
6.7129884
6.776786
6.7970815
6.707898
6.74782
6.7824593
6.693616
6.725348
6.676959
6.6092052
6.5994554
6.6660805
6.6104503
6.292414
6.3544173
6.4313865
6.4060388
6.431439
6.4627366
6.603134
6.693659
6.646957
6.5693874
6.583939
6.539685
6.4693804
6.4400554
6.4130907
6.5037203
6.672824
6.6201324
6.6566873
6.6943297
6.655059
6.802822
6.9844522
7.0516653
6.684881
6.307377
6.0035586
5.1608453
3.6903262
3.4204435
3.7058473
3.810603
3.5360842
3.434555
3.4396808
3.8899586
4.3671026
4.325909
4.44735
4.5698953
4.5053744
4.5514946
4.5934563
4.4792256
4.6117415
4.6487265
4.578028
4.6250153
4.6298776
4.746972
4.7130537
4.7248473
4.7660427
4.794146
4.8895407
4.834254
4.793681
4.8206224
4.7463307
4.7346654
4.738579
4.7654247
4.803797
4.847866
4.848114
4.8228436
4.808346
4.757192
4.725803
4.744376
4.7010493
4.7234697
4.667191
4.7469163
4.7695174
4.6912627
4.7886844
4.7431602
4.6715336
4.719485
4.760636
4.690665
4.686699
4.6416473
4.6872964
4.68292
4.7788754
4.7448606
4.7468586
4.8580227
4.7618318
4.823531
4.7698655
4.8137155
4.744831
4.766025
4.7535524
4.777233
4.8004584
4.7307024
4.8192515
4.749118
4.760923
4.805637
4.835704
4.769229
4.804748
4.770337
4.83325
4.859098
4.825511
4.860383
4.8719907
4.8414235
4.800539
4.7920113
4.7937717
4.846547
4.8759494
4.856744
4.830609
4.857364
4.88938
4.829308
4.801077
4.7924066
4.8646526
4.825824
4.8662515
4.801346
4.888235
4.8276067
4.900763
4.888921
4.9619827
4.9649997
5.1135807
4.939728
5.0596633
4.9838257
4.9984207
4.969526
4.9897904
4.9927216
4.867573
4.9072404
5.012728
4.9472284
4.956251
4.8521185
4.9047856
4.8830357
4.8210735
4.8510995
4.8618927
4.8985567
4.882507
4.9278364
4.9060736
4.8703384
4.946951
4.957452
4.984941
4.9780183
4.9558296
4.940171
4.9602246
4.9021235
4.863186
4.795458
4.875209
4.8555794
4.8864613
4.8690763
4.870445
4.8900065
4.8218913
4.903376
4.8059306
4.895569
4.7658114
4.8727913
4.7926965
4.895718
4.7041163
4.81946
4.7316294
4.868948
4.7939477
4.851919
4.9844837
5.126638
5.2753983
5.2780867
5.3778276
5.3821745
5.4338694
5.4007874
5.4149985
5.3809595
5.4783955
5.5088634
5.5091076
5.488712
5.4330707
5.445242
5.5107217
5.530942
5.4921184
5.6091046
5.684314
5.669876
5.6431923
5.649977
5.625263
5.6301475
5.63081
5.639488
5.571601
5.5336328
5.5069346
5.537487
5.537147
5.6025496
5.536073
5.654705
5.5665913
5.6726227
5.5440707
5.615217
5.6190443
5.5903077
5.6139593
5.6026897
5.6038327
5.64355
5.684098
5.731127
5.756052
5.648008
5.7186623
5.683832
5.7196493
5.8291335
5.738381
5.77653
5.8450565
5.8799314
5.750372
5.7169156
5.704496
5.788059
5.7432795
5.761754
5.66619
5.7981386
5.751314
5.777813
5.7971354
5.7361345
5.8085938
5.8416004
5.684599
5.756343
5.830266
5.8324356
5.797579
5.861133
5.80766
5.853183
5.7978315
5.8511357
5.837515
5.8898025
5.859682
5.8956785
5.840423
5.821521
5.7637105
5.826383
5.737238
5.839009
5.6873817
5.758242
5.876069
5.7623267
5.8064194
5.821957
5.8060164
5.797959
5.8183465
5.632331
5.874729
5.8251524
5.8838115
5.628376
5.490103
5.5814867
5.417997
5.1618876
5.2315817
5.5660734
5.063015
4.654965
4.8095055
5.456447
5.6019607
5.7578382
5.6949573
6.231497
6.4705057
6.6637983
6.69611
6.4243407
6.4027767
6.553614
6.5972476
6.533414
6.5339203
6.5913024
6.4240713
6.3772655
6.256379
6.2506475
6.084558
6.3582506
6.8350143
6.4891367
6.422995
6.5931005
6.561093
6.4618654
6.641858
6.869204
6.6188717
6.182664
6.37584
5.9832544
6.1305585
6.704342
6.800006
6.789894
6.322901
6.398858
5.826775
6.2788587
5.508401
5.554479
5.1804028
5.3545637
6.076108
5.9730644
6.0268054
6.330007
6.2882795
5.4986877
5.380392
6.011209
6.403368
7.0067563
6.7723475
6.215854
5.6059046
5.928933
6.137475
5.8000975
5.557742
