10000
5.1388392
5.138761
5.027952
5.214414
5.150882
5.186931
5.1244617
5.1697016
5.172866
5.106
5.0894284
5.102942
5.1550636
5.1044374
5.1551237
5.1402183
5.1478863
5.242774
5.2666035
5.216926
5.1446843
5.091725
5.2688103
5.176572
5.204094
5.261092
5.1941323
5.1826763
5.240805
5.211833
5.2828484
5.1913314
5.2132597
5.2388
5.14253
5.244154
5.2765117
5.1701508
5.2314305
5.1706104
5.1799273
5.190674
5.1804557
5.2143655
5.1759887
5.1902275
5.2543406
5.214717
5.1522965
5.230278
5.218197
5.234395
5.004563
4.9118743
4.8327527
4.744322
4.9061503
4.894199
4.8709164
4.758492
4.9437437
4.8022647
4.701416
4.81127
4.639127
4.8177238
4.796959
4.8017783
4.8736796
4.898169
4.823746
4.899842
4.763995
4.7624745
4.719193
4.706838
4.6525793
4.7328143
4.675235
4.645041
4.762162
4.75311
4.589407
4.672056
4.6371274
4.6861687
4.7000284
4.650691
4.657506
4.5705504
4.5748954
4.552429
4.591736
4.640922
4.710725
4.757799
4.6022263
4.464369
4.613002
4.6810417
4.6318984
4.606548
4.6078377
4.5694265
4.6002345
4.5551744
4.602389
4.723619
4.633927
4.6514654
4.6045265
4.63337
4.563815
4.498377
4.6170583
4.331311
4.3534203
4.4621696
4.2980213
4.211259
4.2965927
4.082456
4.1162987
4.0544744
4.0559874
3.9436674
3.989165
4.0124345
3.906108
3.9309318
3.8247879
3.7760844
3.5269961
3.7645488
3.6716144
3.625676
3.59175
3.5614328
3.5807521
3.642304
3.5919507
3.578639
3.5719986
3.4852357
3.5800328
3.511351
3.465785
3.3959436
3.374112
3.380245
3.3860781
3.4348285
3.4293585
3.480493
3.223624
3.1838112
3.0847082
2.89449
2.927607
2.9482121
2.9349895
2.9790454
3.087328
3.0395517
3.0066452
3.0145748
3.0735493
3.048974
3.0371702
3.081842
3.1019003
3.1853802
3.1943424
3.1726153
3.183525
3.1710262
3.1500685
3.2195902
3.1658382
3.2406368
3.186645
3.2068138
3.2236738
3.1831756
3.170811
3.1266031
3.1747503
3.1949973
3.166672
3.2113209
3.2395196
3.2475657
3.2342896
3.2577355
3.2740889
3.2787151
3.2571414
3.2692041
3.2404618
3.1894407
3.3031266
3.305815
3.3047514
3.2974262
3.267692
3.258304
3.2833743
3.3116846
3.277385
3.301585
3.324553
3.3356829
3.3156629
3.28563
3.2544887
3.3093607
3.2600713
3.2669132
3.2891753
3.3095562
3.3333142
3.2982416
3.3361526
3.3342085
3.3130164
3.344186
3.2368488
3.2707365
3.3040543
3.2718902
3.2966635
3.3157604
3.288704
3.3381333
3.341875
3.3348699
3.2734866
3.2482433
3.2656674
3.2925756
3.2913253
3.278606
3.2832384
3.2363653
3.216226
3.2323315
3.14755
3.2075455
3.2067375
3.1990125
3.2173939
3.2002997
3.2500072
3.1615493
3.2828166
3.2363439
3.2055602
3.1936455
3.2524848
3.2577562
3.2779868
3.2112265
3.1611004
3.2316403
3.2816238
3.2636151
3.241347
3.2285242
3.2518797
3.25969
3.1469321
3.232207
3.133922
3.1598659
3.181919
3.2726066
3.2146611
3.2156868
3.1746006
3.1254177
3.172995
3.2274032
3.1294081
3.119817
3.161282
3.10433
3.2071877
3.1844106
3.1980603
3.2070932
3.1523838
3.2704308
3.3123217
3.3006737
3.3451922
3.481931
3.3323262
3.2485778
3.3363862
3.3678668
3.3214781
3.2772357
3.2643442
3.253788
3.2950993
3.3017368
3.3313951
3.4136415
3.4549217
3.43531
3.1370733
3.1348863
3.1480036
3.0441065
3.2800863
3.2665873
3.209006
3.1535234
3.2526803
3.320847
3.1505024
3.3278337
3.443635
3.427814
3.4513466
3.4846897
3.3936443
3.1387086
3.4169931
3.404219
3.42295
3.4515178
3.4131544
3.421171
3.4276845
3.1158652
3.0781956
3.0691767
3.0117126
3.0720947
3.1302223
3.143029
3.1162267
3.1280804
3.1641722
3.1444569
3.182968
3.1663446
3.2272317
3.226643
3.2275662
3.2411382
3.2306094
3.184874
3.1604557
3.1891718
3.1635213
3.2129812
3.1382358
3.125125
3.1351817
3.1945314
3.1611705
3.1481724
3.227675
3.1699927
3.1740372
3.1774538
3.2348804
3.3718493
3.4948895
3.496275
3.4427
3.182363
3.2101073
3.225871
3.1452887
3.161096
3.1607714
3.1999054
3.2412527
3.191328
3.1986232
3.2096622
3.145506
3.1804326
3.1697297
3.2116315
3.4091058
3.385338
3.461223
3.3788047
3.4055443
3.120395
3.1509624
3.1272614
3.1869092
3.1493084
3.0991945
3.1325836
3.1782053
3.1903224
3.1600037
3.1847525
3.1861951
3.2153053
3.1764038
3.1672416
3.1992831
3.1568732
3.128727
3.149962
3.1511638
3.159981
3.1954033
3.1735709
3.1879308
3.1871228
3.1561375
3.1912398
3.2130556
3.195345
3.184234
3.1637094
3.3574734
3.4381106
4.11853
4.1421723
4.1845274
4.217336
4.285335
4.2541046
4.1935215
3.069072
3.100836
3.1452596
3.097853
3.163128
3.114396
3.0607111
3.1062453
3.0798197
3.100264
3.179654
3.1162148
3.2307434
3.2403994
3.2729578
3.2325325
3.2141962
3.2066374
3.183277
3.2489505
3.2944777
3.5035625
3.623736
3.6589642
3.6429625
3.5661564
3.5807507
3.6968274
3.8589334
3.9117389
3.9782972
4.0347953
4.179164
4.355625
4.4263306
4.6284227
4.551401
4.6501055
4.6186
4.5993156
4.6749825
4.6634607
4.699909
4.7488384
4.7950993
4.790396
4.726692
4.794511
4.732177
4.782704
4.730336
4.733966
4.7118316
4.707454
4.6617785
4.6547627
4.7053895
4.610858
4.7214537
4.6628
4.738339
4.6274996
4.618525
4.5670004
4.651321
4.561
4.6512146
4.6800203
4.6432776
4.5698576
4.603546
4.5849605
4.6329956
4.5295043
4.577148
4.532273
4.617051
4.5451884
4.565115
4.5563383
4.5677576
4.5322447
4.587412
4.4652114
4.5312586
4.416813
4.4673247
4.351851
4.199285
4.1219215
4.183824
3.9769192
3.8905334
3.7012765
3.6361477
3.6815307
3.7562087
4.139933
4.3376584
4.37798
4.4365606
4.578307
4.652348
4.623641
4.716979
4.889369
4.9494295
4.8826947
4.5093923
4.5462017
4.617243
4.577041
4.56956
4.671129
4.6108627
4.3839884
4.0854897
4.218336
4.0065184
3.946697
4.0153213
4.0915384
4.191646
4.2293663
4.315033
4.5260234
4.583702
4.695915
4.6541934
4.703232
4.620123
4.666206
4.7050104
4.6833
4.630331
4.6819396
4.6652546
4.636191
4.642127
4.6500044
4.6941442
4.67723
4.667628
4.6468334
4.698631
4.6998076
4.731488
4.7320147
4.74118
4.7293444
4.6971097
4.6702757
4.659395
4.6865554
4.6516047
4.637653
4.6362906
4.6276474
4.6549864
4.6578608
4.641255
4.714255
4.7090025
4.677378
4.671854
4.662444
4.6409817
4.5667768
4.505504
4.4499583
4.4615326
4.6290646
4.588014
4.704593
4.5507417
4.5489216
4.498771
4.503754
4.398725
4.4310937
4.3833046
4.390947
4.3919
4.390055
4.2597985
4.0854244
3.9563692
3.8974142
3.8173847
3.8751936
4.0075483
4.3313475
4.217756
4.126542
4.051084
4.0127177
4.15729
4.1860833
4.16545
4.2349358
4.1922626
4.137051
4.1580405
4.022134
3.704482
3.674465
3.8706756
4.025363
4.1958895
4.050526
3.8744695
3.7977622
3.980052
3.9214833
3.6791532
3.5711699
3.5755577
3.7359843
3.7780652
3.3417664
2.982141
2.940304
3.1708398
3.2761917
3.2996373
3.3709803
3.4084473
3.3935094
3.340813
3.3229063
3.3396645
3.3005698
3.3346996
3.3408453
2.763382
2.580711
2.6123538
2.6781638
2.6041534
2.6578062
2.6799026
2.7548018
2.686211
2.7271721
2.6791582
2.6715996
2.7317555
2.7904406
2.7831311
2.711914
2.7300742
2.7361999
2.7561564
2.7321246
2.8163962
2.7898242
2.781732
2.772688
2.8653293
2.761137
2.8664985
2.9901385
3.09514
3.2444563
3.5579762
3.4245834
3.5129752
3.473878
3.9473348
3.9863973
3.8746665
4.166041
4.2336864
3.9500434
4.1496267
3.9864082
4.097639
4.0775127
4.1737976
4.265062
4.0522537
3.8439295
3.6241841
3.642972
3.5330427
3.5598392
3.776648
3.667434
3.6710038
4.078937
4.4174695
4.0071507
3.85705
3.564714
3.4434369
3.505779
3.5064394
3.3858027
3.3135629
3.4930625
3.361879
3.0459037
3.342264
3.4154387
3.6569042
3.7964067
3.460872
3.5503478
3.5880983
3.846647
3.9403718
4.008605
4.050249
4.002475
3.8120227
3.6009293
3.6583328
3.583943
3.1564152
2.8678544
2.907786
2.7871552
2.7903879
2.9427285
3.03068
3.0140815
2.7771323
2.6503391
2.63994
2.6367471
2.6327224
2.7156086
2.6793969
2.6423752
2.6495163
2.6617215
2.6682963
2.7420862
2.7495563
2.8077126
2.862431
2.9807465
3.0231512
3.2044113
3.165982
3.2599378
2.9736962
2.9392037
2.9206321
2.8372042
2.9795127
3.0837064
3.1745794
3.27773
3.4030943
3.5283818
3.507102
3.3857229
3.3105488
3.1683996
2.8744745
2.8044982
2.782108
2.922214
3.2211192
3.4465027
3.6312635
3.8350685
3.7124794
3.4321313
3.3820028
3.1604834
3.1714847
2.7692316
2.8598843
3.0571074
3.0083733
3.3409808
3.5621636
3.6221528
3.6117508
3.6174614
3.5277224
3.3695955
3.006311
2.9837492
2.5943782
2.7421741
2.7426164
2.885913
3.3437624
3.5616279
3.63885
3.738383
3.8100846
3.7040048
3.3551624
2.8676686
2.7018852
2.3254304
2.5179381
2.3121555
2.4585173
2.750504
3.0343761
3.3542955
3.3813553
3.344736
3.3466415
3.060506
2.9375389
2.5114233
2.385711
2.3993607
2.4281492
2.5523343
2.6951323
2.7830744
2.9751034
2.9191868
3.1514218
3.2936516
3.2481556
3.085001
2.7886806
2.9113033
3.0550349
3.1762729
3.3663065
3.066071
3.0976455
3.2481189
3.3714318
3.2840745
3.0924058
3.2580216
3.2830427
3.043275
2.854053
2.8389783
2.930039
2.9587986
3.024465
3.1046066
3.5435455
3.6700792
3.7395875
3.8107605
3.8366
3.8798325
3.4110312
3.0317342
3.1422248
3.0367353
3.097282
3.3944485
3.3656445
3.167809
3.4231844
3.4392495
3.4981277
3.6999345
3.7446668
3.3954105
3.0761926
3.085096
3.1195867
3.101294
3.217928
3.2043118
3.3093488
3.2503724
3.3063617
3.6078613
3.706706
3.7133558
3.7800274
3.3809786
3.0173016
3.0671551
2.9151587
3.113712
3.105123
3.3889668
3.2966146
3.2412176
3.3244338
3.60133
3.2449424
3.2611916
2.9116635
2.683603
2.9542012
2.7015178
2.8319538
3.0477524
3.0423892
3.0436804
3.130739
3.3332775
3.3441973
2.977741
3.1338787
3.18424
2.5813823
2.6423907
2.5657089
2.6615033
2.6329174
2.7337503
2.6286888
3.0968175
3.0779614
3.177482
3.1829515
3.1896672
2.7957616
2.7030375
2.665966
2.5326097
2.9183118
2.8570268
2.9103441
2.943719
2.9298522
3.1934035
3.330638
3.2313776
3.108175
3.2382877
2.8196995
2.6744854
2.6765785
2.5996141
2.827576
2.745192
2.8866181
2.882547
3.2188869
3.3687055
3.4404023
3.0957675
2.8223565
2.5329628
2.6874104
2.823784
3.203565
3.0181897
3.3239942
2.974635
2.905034
3.1006374
3.2225277
3.3364656
3.1842098
2.7987137
2.6514802
2.855178
2.841218
2.805174
2.6800537
2.852181
3.0660892
3.1031964
3.0770817
3.354472
3.433028
3.0249248
2.9343634
2.9067812
2.5664966
2.763575
2.831424
3.0500104
3.1020103
3.378053
3.4966059
3.5907993
3.5664167
3.5520225
3.4858136
3.5701957
3.4567235
3.5156178
3.5205286
3.5479956
3.5289493
3.519343
3.5237706
3.5359597
3.5391672
3.6112502
3.5735445
3.552825
3.5770032
3.5067673
3.4287214
3.4755502
3.459153
3.4849427
3.5157006
3.3911924
3.4764078
3.5072956
3.494207
3.4902315
3.5310135
3.4878993
3.5076873
3.4028225
3.4952965
3.4662495
3.3980038
3.4607654
3.5083072
3.5068812
3.366879
3.293878
3.1878028
3.2615232
3.1684606
3.2891338
3.418736
3.3769596
3.43072
3.4864779
3.472676
3.4841814
3.3565917
3.5429466
3.36526
3.3692288
3.4715762
3.716525
3.632488
3.2265613
3.2131505
3.1310835
3.2416875
3.192951
3.18984
3.1989317
3.3511267
3.2789295
3.399347
3.358658
3.137362
3.1737914
3.290222
3.1329064
3.1522117
3.1332922
3.1302862
3.1083126
3.1952753
3.2385454
3.2176015
3.0242574
3.0972512
3.1999552
3.1450334
3.157614
3.1695595
3.18857
3.2008147
3.169353
3.141288
3.04838
3.004613
2.9647405
2.9495866
2.7999244
2.7278075
2.6857727
2.6558084
2.5823958
2.539715
2.6065285
2.8930752
2.9362056
2.9960494
3.0482192
3.136007
3.097673
3.0698602
3.1198323
3.0932
3.1057339
3.1258674
3.0281625
3.1211317
3.1802487
3.1120782
3.231644
3.1502059
3.1698487
3.1469898
3.2185822
3.1385314
3.199916
3.1937816
3.1721776
3.1725073
3.1669314
3.2050233
3.2878227
3.189784
3.2505493
3.1543758
3.2050781
3.1629224
3.1442008
3.1177626
3.1250062
3.0968723
3.0540042
3.0425923
3.0804574
3.1135764
3.1725206
3.1779807
3.154416
3.1489687
3.183755
3.1429713
3.1257076
3.0469441
2.9989889
3.0442388
2.9844563
3.0961168
3.11384
3.1005402
3.112241
3.1790385
3.146136
3.1414695
3.183794
3.136717
3.178299
3.2305484
3.2654686
3.2898915
3.30617
3.2616513
3.2584033
3.2560256
3.314046
3.0213323
3.26458
3.2599518
3.2325687
3.2318585
3.2498393
3.19565
3.2427602
3.2622828
3.230195
3.2284608
3.220647
3.2237203
3.2457156
3.3306265
3.5205696
3.5241103
3.637878
3.5644524
3.6056828
3.4640062
3.40678
3.3103685
3.4829464
3.451742
3.48828
3.433543
3.5310006
3.439054
3.4458828
3.425754
3.4810407
3.4710128
3.5103416
3.4456818
3.4940498
3.4402766
3.5422468
3.5048118
3.4953294
3.4664462
3.418658
3.3532836
3.376213
3.4511547
3.336058
3.4256284
3.5232635
3.4833546
3.4221687
3.3374307
3.2973301
3.198159
3.173451
3.1227124
3.19126
3.072063
3.1263785
3.6093316
3.8465228
3.862412
3.8450794
3.7170155
3.4507582
3.5135148
3.2430105
3.1272073
3.234076
3.4363406
3.5116618
3.4968915
3.5633745
3.525717
3.497334
3.5992
3.5347338
3.5825026
3.444363
3.5221703
3.6238022
3.5866308
3.5905669
3.554418
3.6366103
3.4069057
3.195092
2.9989982
2.8291004
2.4640255
2.7315576
2.8309863
2.8414655
2.8706636
2.8424578
2.8623106
2.78862
2.8824992
2.7428112
2.7368362
2.7550893
2.6937327
2.649159
2.9146452
2.7786744
2.8515291
2.8505208
2.7441478
2.5937312
2.7092457
2.6957674
2.711822
2.7356415
2.6818728
2.6752071
2.690471
2.6997905
2.6943944
2.6966944
2.6948347
2.7355747
2.7125216
2.7197719
2.6968253
2.669738
2.7441313
2.7122333
2.837932
2.6688488
2.746102
2.8160725
2.7082717
2.6533546
2.6862388
2.5856514
2.5517511
2.6344414
2.7229772
2.6192932
2.6345994
2.671194
2.725506
2.7340755
2.659376
2.7306492
2.7613153
2.6657016
2.6685407
2.655781
2.7020268
2.7340233
2.6872096
2.7808988
2.7598708
2.7624574
2.7141762
2.667746
2.7250326
2.751513
2.7766032
2.7096572
2.6922903
2.6585407
2.726061
2.6837347
2.680192
2.60048
2.57154
2.614667
2.7349467
2.7538886
2.7292576
2.7650442
2.7141542
2.7203372
2.6924214
2.6786263
2.69314
2.6232595
2.6862757
2.761499
2.68124
2.654453
2.7055218
2.6799114
2.671172
2.6501923
2.7060728
2.6814704
2.7482824
2.682417
2.753981
2.7181585
2.6930423
2.644727
2.6675925
2.5662453
2.5860121
2.6461804
2.6520596
2.6727161
2.6724107
2.6618235
2.7022715
2.5457191
2.7029238
2.8332117
2.5825624
2.6611295
2.7082684
2.748403
2.6121526
2.7305415
2.6698065
2.68394
2.5487642
2.7173114
2.6911645
2.6893365
2.717763
2.7175565
2.5762367
2.6975613
2.681981
2.629235
2.615831
2.581027
2.64494
2.671589
2.6180384
2.6552825
2.5671606
2.637144
2.6448643
2.5339484
2.5989203
2.6110587
2.6594272
2.6478782
2.6013103
2.5471208
2.8184185
2.7907178
2.6976306
2.8432074
2.8342292
2.8454628
2.836853
2.8882887
2.901043
2.8388731
2.7997656
2.8255603
2.7405162
2.8434844
2.7934682
2.835323
2.8816576
2.65089
2.7877352
2.59182
2.6490293
2.6349828
2.670578
2.6621208
2.7210233
2.7282965
2.6800277
2.7418683
2.7538419
2.83594
2.8119254
2.8282819
2.6824698
2.6954067
2.716374
2.7699432
2.7448583
2.728253
2.7604198
2.716819
2.7407465
2.576153
2.7170296
2.6645846
2.6909227
2.7478313
2.6772575
2.6823127
2.7911685
2.671347
2.5589957
2.7023616
2.5861826
2.6398735
2.6306443
2.5643208
2.5759478
2.4596207
2.4638627
2.5420969
2.5442407
2.567246
2.5206418
2.5173917
2.504888
2.5337539
2.4844794
2.4732542
2.4775336
2.4390965
2.433376
2.4164712
2.3580265
2.6612813
2.7184308
2.7188518
2.6535518
2.761164
