10000
10.156441
10.05887
10.067155
10.061448
10.025739
10.056501
10.095673
9.983608
9.96474
9.951198
9.899156
9.937904
9.94258
9.902187
9.966866
9.981082
9.887201
9.866632
9.981951
9.865704
9.987755
10.055914
10.0357685
9.86477
9.990971
9.992483
9.990377
10.010239
10.133479
10.225162
10.008926
9.985977
9.848209
9.931955
10.06463
10.105414
10.063467
9.938084
9.763548
9.625706
9.396353
9.150668
8.833389
8.669284
8.269219
7.5344534
6.6512237
5.964436
5.499276
4.3721642
4.4664383
4.6298933
4.585459
4.765802
4.588643
4.5834284
4.6183124
4.725126
4.5958004
4.60491
4.7107635
4.8284864
4.516529
4.4113116
4.4167995
4.524433
4.4557314
4.5764494
4.507042
4.5783987
4.615858
4.603053
4.735764
4.712179
4.8669295
4.3269973
4.3165355
4.21414
4.3037705
4.015774
3.8325586
3.937904
3.9837155
3.9832804
4.083498
4.1851406
4.198571
4.1418986
4.0159755
4.4864182
4.5032077
4.566657
4.688827
4.769358
4.6525383
4.647902
4.553936
4.5900908
4.7349396
4.6581
4.652142
4.610509
4.690423
5.0148544
5.0262785
4.8941298
4.968212
4.886295
4.637534
4.8473167
4.778243
4.4667172
4.692223
4.1879206
5.5232487
4.3553305
4.206677
4.2414503
4.611889
4.5127087
4.748125
4.6170063
4.5504255
4.4376163
4.6000204
4.415247
4.1059346
4.440432
4.082663
4.0048237
4.032909
4.1691813
4.1119246
4.2845984
4.071167
4.3302407
4.4773674
5.2404017
4.773447
4.9759674
5.0702734
4.659246
3.8266737
4.7666473
4.9033527
5.6258283
5.316402
4.0158944
4.5938277
5.875428
5.9134912
6.1124954
6.145174
4.9065614
4.221992
5.064689
5.4948316
7.0044403
6.057023
5.1334987
5.0369987
4.6791086
4.777631
5.20294
6.333005
5.40718
4.9280605
4.319075
4.0911126
4.4084883
4.683427
5.121327
4.5008087
3.8517876
4.91494
4.9371743
4.725117
4.9720798
4.883973
5.199648
4.6662846
4.0856237
4.2477384
4.2355895
4.2787967
4.4722004
4.3472843
4.1209164
4.0576525
4.0450587
4.279717
4.008544
4.660218
4.762829
4.793859
5.2207465
5.148676
5.3771334
5.3762207
5.772037
5.687616
5.835414
5.856892
5.688581
5.715538
5.8570013
5.6843867
4.133662
4.1203423
4.3382077
4.1647205
4.0714073
4.1195397
4.95185
4.8348117
4.5747466
4.1887913
4.0768476
4.112649
4.064232
4.005951
4.260977
4.0757675
4.1262465
4.035858
3.9810567
4.080373
4.1545143
3.8552065
4.438045
4.0354757
3.7554593
4.037282
4.2037477
4.427985
4.4565077
4.863833
4.6643715
4.660542
4.8096995
4.6846895
4.5360184
4.5684814
4.6390686
4.5167627
4.598124
4.469467
4.5638275
4.4749107
4.4376554
4.0695724
3.9428022
4.0871086
5.9504423
5.375575
4.7177224
4.5241213
4.7463837
4.2511277
4.3655295
4.226093
4.744307
4.6172123
4.710532
4.485264
4.5119133
4.5402637
4.727766
4.602205
4.6547794
4.6067057
4.698976
4.506305
4.6217427
4.7765007
4.6173153
4.506103
4.7309537
4.443489
4.4719872
4.0959344
4.778419
3.487522
4.1792183
4.4082046
4.532868
4.706034
4.8939877
4.5885997
4.8283587
5.0093937
4.9526453
4.5759125
4.001931
4.899749
4.6619425
5.254222
4.9459815
4.9990625
5.1892915
4.5074587
4.1184807
4.0773206
4.178436
4.2403383
3.8790686
4.010717
4.010392
4.117793
4.255403
4.181306
4.235244
4.0783854
4.0520015
4.0532074
3.982983
3.7437546
2.654187
2.4363117
3.6107533
3.7230804
2.8639393
2.6857083
2.7600408
3.0117416
4.4341426
4.53154
5.071809
5.0126133
4.912382
4.702824
4.7219553
4.8280716
4.781307
4.7945933
4.9800076
4.8961163
4.655659
4.176177
4.089788
4.911216
5.53408
5.5548143
5.6518836
6.3106003
6.199829
5.5054936
5.275882
4.9613075
4.6840534
4.1911507
4.468257
4.85567
5.2618713
5.311821
5.3999968
5.0764275
5.1196675
4.8802195
5.0507793
4.882475
5.0619593
4.7068386
4.7694817
4.8234577
5.1594343
4.9554725
4.9655833
5.311345
5.602021
5.416181
4.9167705
4.8562837
5.3027353
5.2930427
5.0456905
4.9849863
5.569109
6.169137
6.784925
6.4452405
6.0805416
5.954887
5.846833
5.9997597
6.013758
5.850976
6.080131
6.2771196
6.5196705
6.613984
6.5203304
6.332222
6.4144306
6.3636346
6.52509
6.9878373
6.559676
5.945778
5.395376
5.1804695
5.1673107
5.563111
5.948086
6.1220512
6.4943466
6.300521
6.6043653
6.6399474
6.7160954
6.903215
6.5164685
4.18269
3.6600041
3.475061
4.04545
4.306125
4.3406596
4.187259
4.3230214
4.5452657
4.5348105
4.474707
3.9612532
3.8103254
3.846452
3.645883
3.7294793
3.5606341
3.7909718
3.5380087
3.4898171
3.402822
3.475993
3.1251159
3.4437113
3.6737416
3.6959682
3.6712453
3.567473
3.8178673
3.142436
3.38945
3.7822654
3.269416
3.2320704
3.092516
3.154861
3.0942554
2.993484
3.8459716
3.7801728
4.152019
3.3298385
3.5440326
3.56896
3.9055889
4.4438276
4.000298
3.2908857
3.5531497
3.646357
4.1370907
4.1415095
4.06847
4.1670322
3.7323349
4.8180933
4.8161807
4.8050222
4.8710604
4.8870835
4.8622026
4.9502106
4.861113
4.9161663
4.989122
4.951436
4.8614755
4.884261
4.725834
4.548415
4.3763995
4.2743974
4.273859
4.6019144
4.678323
4.585816
4.5799108
4.515824
4.320815
4.8889475
5.1652203
4.7220726
5.1699095
6.1012793
5.0972624
5.5149384
5.487705
5.55891
5.567075
5.333404
5.6191754
5.2394066
5.1602287
5.116877
4.3285275
4.170892
4.542667
4.4452605
4.5327787
3.9722996
3.7738407
4.862654
3.8892028
3.2095356
4.2635913
3.6634467
4.407007
4.685518
3.5760567
4.7159615
4.491034
5.166285
4.3682404
4.444974
4.5086946
5.156093
5.605794
4.081599
4.4686556
5.0778646
4.7470646
4.5548854
5.411919
6.306185
5.451921
4.750765
4.017644
3.7431731
3.4031997
4.3236833
4.4117503
4.7202754
4.568761
4.7130575
4.8969035
4.827831
4.072171
4.39139
4.5354795
4.272408
3.816176
3.947429
4.04179
4.08598
5.393425
4.5540586
4.691058
5.0349183
5.20245
5.6414013
5.565388
5.281562
5.40428
5.5333753
5.4027996
5.428728
5.2279778
5.619777
5.926673
5.9482718
5.660986
5.754096
6.0571303
6.25523
6.3706684
6.607767
6.5077133
6.8320603
6.4254293
6.546478
6.547728
6.5678988
6.4734135
6.1848025
5.9739227
5.653969
5.772914
5.7725945
5.692777
5.910896
5.9435296
6.1815114
5.965081
5.763998
5.745066
5.9660306
5.9540334
6.0124383
6.3351183
6.231595
5.903522
5.7219896
5.7293754
5.7169285
5.567981
5.551499
5.4752326
6.2329345
6.2925253
5.6807065
6.1134443
6.032383
5.8950553
5.74942
5.547461
5.5740824
5.8409863
5.226535
4.7812624
4.7674127
4.9476337
5.1327567
4.539563
5.032535
5.006302
5.305778
5.859641
5.998316
6.029205
5.8555756
5.746262
5.5438023
5.411482
5.3609734
5.6471334
5.4059887
5.748215
5.7384725
5.812528
5.8351784
5.90106
5.716941
5.88805
5.590819
6.037849
5.8725805
6.1634026
6.351161
6.3988132
6.3740425
6.3337727
6.286698
6.0788975
6.059967
6.141613
6.0673146
5.9153337
5.707413
5.7213225
5.740278
4.6555743
4.258502
3.981182
4.271832
3.9857774
3.677896
3.9349637
3.9267051
3.9127398
4.070483
4.3002553
4.0997133
4.3300233
4.301769
4.2889028
4.232175
4.0402045
5.7868624
5.7950325
5.9207234
6.207886
6.4766145
6.1582727
6.175828
5.3716273
4.979024
4.205192
4.7816534
4.0441065
4.035268
4.133932
3.787368
4.1828456
4.154465
4.052062
4.146636
4.1519904
4.2314897
4.394399
4.5958366
4.519983
4.46436
4.4893246
4.5910425
4.829097
4.6678534
4.209824
4.1170244
4.437911
4.321761
4.853425
4.379326
4.0788865
4.7704916
4.735277
4.571507
4.8055243
4.817195
4.831762
5.015385
4.51701
4.5541596
4.6936088
4.793673
4.959569
4.819853
5.434185
5.533226
4.107814
4.138216
4.1290383
4.102265
4.148407
4.1653757
4.1446314
4.164851
4.19695
4.1813974
4.253599
4.2631974
4.290506
4.3097143
4.3821483
4.110283
5.138089
4.522874
3.67792
3.9086208
3.732
3.8424695
3.6626446
3.986263
4.2351303
3.6971626
4.5414066
3.262432
3.4106908
4.3759623
4.0222244
3.7194839
3.7673712
3.7646475
3.7124665
3.8835492
4.05565
4.486643
4.648528
4.9985228
4.752172
4.6049557
4.6008058
4.5189447
4.355171
4.2821665
4.331992
4.3400345
4.3919907
4.2305493
4.2465115
4.12482
4.2979593
4.079666
4.085616
4.349079
4.1077833
4.0614586
4.713622
4.607394
4.450597
4.6029377
4.3861713
4.8808184
4.4900813
5.2700744
5.7638035
5.715715
5.6837153
5.6171107
5.737322
5.665717
5.8264003
5.6477823
5.8233743
5.870334
5.831595
5.736079
5.8204446
5.7688293
5.7966843
5.718313
5.7572403
5.6314383
5.7604747
5.712919
5.821637
5.8209257
5.7436113
5.711336
5.669404
5.6629376
5.827646
5.7649055
5.871597
5.7197247
5.8397603
5.8363285
5.802144
5.58003
5.697476
5.6211114
5.7130933
5.6923065
5.508256
5.523244
5.6402
5.619979
5.714834
5.675315
5.74813
5.562564
5.6404862
5.6279964
5.6984825
5.6861715
5.7049804
5.6861744
5.610552
5.521728
5.2981386
5.315126
5.42835
5.2765183
4.9990954
4.955716
5.1736503
5.149287
5.055765
5.1706624
5.598675
5.5222387
5.5389743
5.6609592
5.7015123
5.6681333
5.721434
5.8307767
5.7093134
5.6374626
5.7049894
5.7128935
5.7258606
5.7354403
5.922385
5.8762217
5.936001
5.858203
6.0290546
5.946707
6.144182
5.796193
5.717746
5.4449735
4.3350716
5.045038
4.8962283
5.0742993
4.9494214
4.966805
4.940881
4.8791575
4.9112186
4.9160905
4.9031734
4.7756457
4.896965
4.7460365
4.8305206
4.7101035
4.8068256
4.9719415
4.681374
4.812188
4.6715736
4.548736
4.7677937
4.61989
4.7566385
4.674691
4.6922855
4.7660666
4.835021
4.6825933
4.593699
4.812268
4.5754676
4.629609
4.8242493
4.7064166
4.4264674
4.8255568
4.7141623
4.494359
4.4159136
4.93381
4.8278456
4.688601
4.997565
4.73976
5.094462
5.0250173
5.040375
5.028191
4.936684
5.068226
4.7372203
4.7621794
4.655531
4.7214804
4.4880843
4.3567657
4.3157983
4.3788676
4.213223
4.3625207
4.4886866
4.492158
4.4139743
4.357372
4.171456
4.174278
4.0688257
3.7506676
3.804327
3.8293128
4.140464
4.0338235
4.3048825
4.5062923
4.2446337
4.4222236
4.7204394
4.650451
4.754073
4.6080995
4.3846517
4.5705333
4.5310807
4.727533
4.4742885
4.6336308
4.5135694
4.4401684
4.3408165
4.094415
4.1461716
4.0727777
3.6198354
3.8286095
3.9834337
3.638195
3.879844
3.6158476
3.3926663
3.6435523
3.7330956
3.6637254
3.6651711
3.6160727
3.6658165
3.7637882
3.681575
3.853284
4.0841017
3.9881148
4.1011753
4.039996
4.028261
4.105936
4.356204
4.2483573
4.3119006
4.267947
4.042237
4.2789135
4.2962356
4.0337076
4.118622
4.0033374
4.0791173
4.160374
4.0235653
4.0674877
4.0667725
4.060484
4.0044436
4.0385685
3.879535
3.8261824
3.828614
3.9364316
3.964421
3.9718843
3.97076
3.9764595
3.911001
3.8283358
3.8338966
3.8136787
3.6864276
3.6661403
3.7002473
3.8289828
3.7491376
3.7198913
3.698116
3.767651
3.8201513
3.8214216
3.7946906
3.8223076
3.7541175
3.787839
3.7959037
3.8205004
3.7330701
3.675446
3.7054615
3.6476097
3.6396554
3.5770097
3.8226266
3.7751322
3.753017
3.739568
3.6662598
3.5831044
3.5829976
3.5928016
3.563731
3.6016665
3.6037745
3.6384437
3.6840315
3.7284074
3.745037
3.79957
3.8116913
3.7546244
3.7691345
3.7658217
3.7341871
3.6841412
3.6687026
3.5563092
3.5615702
3.442081
3.5540602
3.5705326
3.5116246
3.4367998
3.401221
3.4168108
3.4431975
3.4567933
3.4536407
3.4477232
3.463601
3.5311127
3.4625428
3.4884827
3.5074313
3.476545
3.4187057
3.3553348
3.3603866
3.371679
3.3205464
3.336855
3.329267
3.3092055
3.5171947
3.6849945
3.628998
3.6405578
3.591728
3.5070415
3.4613361
3.4141765
3.1780918
3.255383
3.3809824
3.3694386
3.4480867
3.3795702
3.6119
3.5366776
3.3936903
3.3743024
3.3750606
3.4345362
3.4346972
3.441791
3.4944086
3.2197537
3.163761
3.21206
3.1160502
3.1601243
2.894688
2.853196
3.0415647
3.035907
3.1455183
3.5987947
4.046648
4.297335
4.3509693
4.2692738
4.366057
4.111849
4.1384797
4.496072
4.5145016
4.087879
4.0042224
3.5658922
3.7824173
4.1185584
4.2373953
4.3395615
4.165649
4.21035
4.4099917
3.7810173
4.2666287
4.4121943
4.3719053
4.2620316
4.1622534
4.114104
4.166868
4.358894
4.45884
4.0157433
4.0373
4.004877
4.0082364
3.9552438
3.728374
3.7695613
3.9826264
4.0569324
5.2500834
4.20116
4.4082565
4.748014
4.705575
4.572332
4.416592
4.2677345
4.044406
4.2122855
4.4253163
4.2045546
4.702001
3.681878
3.4461064
3.6859646
4.3574996
4.2978907
4.308367
4.282443
4.627272
4.392202
4.312082
4.058018
4.215033
4.4804764
4.36369
5.1186757
5.2810993
4.974985
4.5876236
4.22697
4.089491
3.9914935
3.708632
3.5855007
4.0927444
4.1995945
3.0354083
4.361255
4.4680166
4.291843
3.7556891
4.032477
3.8540266
3.6323352
3.0071342
3.5548117
3.8231874
3.9182794
3.9291582
4.418623
3.4545033
3.6339023
3.7361748
3.9042943
3.6578383
3.4336722
3.5495136
3.4752889
3.3935924
3.517922
3.2092898
3.321882
3.2186267
3.2952795
3.3430214
3.124402
3.039892
3.1602173
3.6296651
4.22505
4.7023163
4.087781
4.4853997
4.346167
4.42393
5.016679
5.1522636
5.1108527
4.847111
4.8235006
5.002578
4.6248116
4.8055744
5.130372
4.9173474
4.578819
4.903219
4.78179
4.884223
5.011843
4.4344244
4.831072
5.886223
5.250276
3.9998283
4.1974664
4.6946707
4.885216
4.615288
4.5114865
4.2725515
3.7481136
4.7682853
3.8510108
4.005978
4.7617273
4.7967453
4.5740685
4.2930107
4.8791904
4.3403807
3.7906551
3.8881013
4.003583
3.8566442
3.4995296
3.4998531
3.5680532
3.4850843
3.6940756
3.7994828
3.95855
4.0332894
4.0636725
4.163441
4.2246213
4.1622066
4.2318997
4.083212
4.170676
4.08257
4.089567
4.031048
4.050302
4.0582848
4.0626826
4.0232234
4.027004
3.8945687
3.997699
3.9240837
3.9205644
3.8544273
3.8696964
3.8988256
3.9010134
4.3405128
4.722647
4.6181893
5.186936
5.2543907
5.263157
5.2750297
4.9886045
4.8537993
5.0219245
4.8094025
4.7723703
4.4817224
4.630827
4.8620605
5.1826577
5.3779125
5.662213
6.1912007
6.209359
6.3345346
6.190541
6.3112173
6.2822285
6.404916
6.244558
5.791404
5.655804
5.6836944
5.8628764
5.716626
5.299098
4.9681444
4.478826
4.225313
4.335693
4.2474523
4.3591294
4.2257586
4.0307345
3.9794126
4.0060463
4.0970964
3.9475214
3.6615295
3.4745917
3.4526598
3.6784728
3.5927753
3.3232067
3.2520103
3.5535035
3.370448
3.5487065
3.5371647
3.53792
3.518079
3.6769109
3.7227287
3.7174253
3.8013017
3.7996285
3.7664266
3.7766337
3.89052
4.059471
4.1200814
3.9368348
4.1633615
4.141059
4.2918906
4.919713
4.9409447
3.8736217
3.7351425
3.8131752
3.905741
5.17256
4.967427
4.9215817
4.2163477
4.0100403
4.372797
4.5577903
3.9124403
3.8600304
5.670651
5.5118847
5.534913
5.4108505
5.415438
5.4662604
5.628426
5.746811
5.8246393
5.9280524
5.9624434
5.955945
5.980088
5.928076
5.9153414
5.9459257
6.02976
5.971084
5.997745
5.927287
6.015203
6.0147605
6.022143
6.003952
6.001951
6.1226673
6.1758127
6.1217036
6.0978785
6.097393
6.1978793
6.1105843
6.1685166
6.242999
6.231486
6.2393365
6.1554923
6.116975
6.120677
6.4983654
6.9256654
6.7266684
5.477647
3.9378626
4.512175
5.22577
5.2812996
5.0291185
4.288127
4.6764784
4.300636
4.5919857
4.8628163
4.5929804
4.4539027
4.3508244
4.253354
5.0143695
4.7956514
4.8446093
4.762739
4.683856
4.682561
4.3990865
4.7489405
4.4193563
4.285532
4.3518305
4.7167473
4.3999605
4.1043897
4.4541836
4.361209
3.930478
4.6245666
4.7128897
4.746336
4.9105487
4.979651
5.0674214
5.0353155
5.1456676
5.346337
5.1902356
4.942529
4.8497763
5.07256
4.01017
4.7899995
4.7333026
4.6993785
4.256567
4.829882
4.4712973
4.8809633
4.779055
4.791722
4.840408
4.9406533
5.055017
5.0100083
5.1715612
5.224429
5.2869854
5.2817936
5.02469
4.838682
4.1083994
5.8220916
5.706828
5.60112
5.5507135
5.2784204
5.186205
5.2862935
5.19075
5.5575542
5.246378
5.2615824
5.0148396
5.2331142
5.001789
5.0031714
4.8561664
5.114585
4.675256
4.709786
4.628255
4.907131
4.8713446
4.679088
4.7518167
4.7215834
4.470798
4.1832495
4.044454
4.3197684
4.3035583
4.252724
4.3464828
4.3726892
4.6583595
4.6618843
4.609642
4.9525437
4.7552514
4.6995034
4.942785
4.9676633
4.8223557
4.874082
4.986891
5.146314
4.989425
5.115629
5.312556
5.377978
5.229924
5.3524947
5.3983903
5.3237724
5.171328
5.5798
5.2796674
5.3860345
5.566193
5.495263
5.1943517
5.2867393
5.6390915
5.4705243
5.640888
5.087318
5.053581
4.1860948
4.350695
4.895948
5.6359463
4.120168
4.9434323
4.016344
4.0596857
4.102249
4.622778
4.137062
4.400455
4.2598906
4.4481535
4.6991744
4.6833963
4.6306663
4.6250677
4.6734486
4.672883
4.6322055
4.725135
4.625764
4.614332
4.664669
4.8707542
4.822857
4.726792
4.8323426
5.0304766
5.048896
4.9407635
4.371793
4.220733
4.536823
4.246087
4.3825636
4.2430396
4.2595296
3.8668468
3.9266262
3.9040022
3.83999
3.5025866
3.9084363
5.4573083
6.0145774
6.0825458
6.4970126
6.4378867
6.623647
6.248109
5.6412416
5.852914
6.0479674
5.594686
4.8457303
4.8569508
4.8505917
4.729101
4.98423
4.895281
4.7205586
4.87004
4.7552285
4.5193353
4.50601
4.6124935
4.793936
5.1704493
5.16142
5.1575813
5.229415
5.200636
5.1906834
5.311605
5.1949496
5.0126867
4.702214
4.2019415
4.4008965
4.4805756
4.5258083
4.191498
4.5044413
4.537138
4.2247176
4.5463414
3.8713372
4.4106126
4.64907
5.650319
4.645688
5.1116767
3.9305813
4.093739
4.1667495
3.6100836
4.0730677
5.189129
6.2727413
5.3254757
4.1338253
4.092935
4.488313
4.301439
5.3635945
4.175339
4.1715035
4.5121617
5.2657213
5.3040805
4.596672
4.3478107
3.6695728
4.0192294
4.3171453
4.4095683
4.247746
4.013926
3.6590078
4.2769237
3.5890937
4.2943373
3.89281
3.955567
3.662781
3.8862112
3.7592547
3.4890482
4.304224
4.0876303
3.5523396
3.7421148
4.001589
4.3321776
4.0993524
4.1779256
4.7819376
4.614936
4.533991
4.3719754
4.3310766
4.404811
4.580925
4.3646774
4.3490553
4.541702
4.447008
4.315462
4.3585176
4.4298105
4.4818654
4.5575686
4.4527826
4.4832397
4.43337
4.2043076
4.352361
4.298498
4.0676126
5.335869
4.311719
3.329214
3.7300086
3.5062556
3.7371604
3.141343
4.134481
3.5275269
3.7633202
4.640156
4.7673073
4.6817107
4.361855
4.7502
4.453464
4.1862926
5.019908
5.5363235
5.7410593
5.472109
5.146462
5.029827
4.486771
4.8705845
4.0792446
4.0553665
4.1736283
4.1267576
3.9529386
4.3349886
4.2134094
4.3828683
4.308928
4.6798553
4.3147287
4.2586603
4.253075
4.31922
4.232082
4.178902
4.1867867
4.496279
5.506286
5.4168987
5.352812
5.1836295
4.8534613
4.9014654
4.6054306
4.9377546
5.120179
5.0801735
4.961362
4.6081514
4.0731173
4.4801245
4.5290833
4.696622
4.5758653
4.5775466
4.6381454
4.2146025
4.5184016
4.0753794
4.1071653
4.3656764
4.1936874
4.2622824
4.2757573
4.275047
4.2909174
4.5879498
4.512771
4.4541316
4.3412247
4.3466687
4.464247
4.352067
4.32782
4.306216
4.4466743
4.4563255
4.4257526
4.2094126
