10000
8.851166
8.705829
8.686026
8.777246
8.732378
8.608716
8.645344
8.587518
8.544934
8.197852
8.051972
7.8098335
7.9998064
7.9957056
7.7827826
8.088436
8.066271
7.6872683
7.3005977
7.2120657
7.104064
7.155971
7.2409225
7.6456804
7.7233305
7.983227
8.171072
8.330921
8.183177
8.145437
8.275817
8.119406
8.048723
7.8292794
7.982634
8.243294
8.282098
8.063053
8.147914
8.103977
8.232788
8.132427
7.995355
7.9716177
7.582489
7.6548476
7.626485
7.9376893
8.374044
8.347384
8.229857
8.089636
8.13546
8.3854685
8.426287
8.499672
8.549477
8.367873
8.395154
8.1932535
8.10852
8.296887
8.07172
8.084339
7.6678433
7.8275585
7.692383
7.824482
7.7080183
7.983279
8.20398
8.138472
8.189061
8.274368
7.928197
8.279494
8.572044
8.563179
8.426498
8.27948
8.297367
8.3918495
8.1898775
8.225389
8.026236
8.116035
8.218544
7.685165
7.7391405
7.547263
7.6875353
7.961797
8.35846
8.230591
8.510618
8.186294
7.769756
8.3584
8.158341
7.738017
7.7662497
7.668105
7.6832395
7.09789
6.606345
6.1658187
6.3327003
5.956358
5.3988137
5.646977
6.0810747
5.7126145
5.4960604
5.033886
4.699835
4.385223
4.539253
5.0626345
5.3708487
6.220658
6.4188504
6.1581054
5.7351384
5.2385683
5.4801946
5.6771216
5.41201
5.7733955
5.6878495
5.5780945
5.5581703
5.163696
4.6074247
4.613077
4.1452436
3.6440659
4.4980655
4.3283033
4.9347625
4.9896483
4.93666
4.933133
5.0195084
4.8927946
4.9053907
4.9886284
4.9823146
5.0690765
5.044174
4.797358
5.0228624
5.032461
4.93893
4.980713
4.971878
4.9867644
5.0147796
4.9646573
4.9628086
4.981666
5.0513167
4.8985972
4.8521857
4.964824
4.9497604
4.91644
4.9406533
4.8951464
4.96703
4.917453
4.8274145
4.8569765
4.969178
4.9106765
4.9086604
4.879817
4.941615
4.7944717
4.7576714
5.035648
4.7953806
4.9804916
5.040057
4.949672
5.111082
5.003236
4.951226
5.2142334
5.0193944
5.171282
4.924906
4.9847336
5.1248913
4.976378
5.0777664
5.1181626
5.233599
5.181147
5.002314
5.181662
5.38317
5.4470162
5.3369665
5.1837997
5.1833487
5.247571
5.0716176
5.1085105
5.163431
5.044749
5.075179
5.037722
5.021696
4.941024
5.0525
5.2291555
5.0204935
5.018245
4.979282
4.8378534
4.8300943
4.975609
5.020445
4.8380394
4.7751546
4.80728
4.820443
4.7089396
4.6472793
4.640603
4.920418
4.7836595
4.8404098
4.8439875
4.79831
4.758425
4.7577047
4.7526455
4.6489058
4.714714
4.6649914
4.6630692
4.507738
4.631299
4.554759
4.578853
4.4991035
4.5851927
4.5806537
4.490818
4.5184803
4.565257
4.5240393
4.463813
4.4838347
4.4338923
4.3802586
4.3455076
4.4818473
4.3188567
4.420412
4.3166885
4.3017817
4.253254
4.1808195
4.250183
4.254408
4.1139603
4.2659197
4.036035
4.184527
4.1583896
4.1126246
3.9726133
4.162893
4.2191405
4.037289
4.174474
4.2669544
4.106719
4.1678295
4.0918603
4.005382
4.0646877
4.1218543
4.164274
4.1039205
4.176568
4.0259995
4.0768948
4.068791
4.039884
4.0834203
4.150475
4.3447456
4.35507
4.4870114
4.389305
4.4636073
4.5915723
4.5306997
4.645584
4.4898148
4.506368
4.7679853
4.6451864
4.4597874
4.2602224
3.7469542
3.6714191
3.8424778
7.6380534
7.606843
7.546978
7.8451624
7.8562818
7.717824
7.7592316
7.5732827
7.66248
7.729754
7.7191777
7.5146313
7.710013
7.606817
7.808088
7.7241654
7.7396436
7.765312
7.691477
7.764269
7.6555424
7.875908
7.668449
7.40251
7.220887
7.1451807
7.1537704
7.40713
7.3180523
7.4023576
7.3654075
7.18322
7.357131
7.343186
7.485162
7.514777
7.6070657
7.4067745
7.5754085
7.477046
7.6464014
7.628719
7.3787713
7.3727036
7.3804407
7.3867083
7.4446573
7.246268
7.272632
7.3832564
7.6427646
7.4281354
7.6852627
7.4656434
7.3845024
7.330947
7.3111005
7.56909
7.4208093
7.3256373
7.230194
7.4901595
7.428264
7.340513
7.4138
7.39884
7.562703
7.562151
7.6257067
7.6054964
7.5096126
7.4520063
7.5381684
7.932232
7.573052
7.7041965
7.4153275
7.555616
7.509318
7.631658
7.61422
7.5254807
7.4185753
7.3938475
7.492179
7.7316046
7.812506
7.612525
7.5403657
7.57162
7.6165676
7.890314
7.599139
7.602073
7.2347155
7.1636047
7.5546756
7.4048505
7.453047
7.384586
7.337678
7.401327
7.398158
7.651374
7.403304
7.3992696
7.3764296
7.484599
7.7269197
7.7954454
7.7879205
7.554754
7.7420783
7.82683
7.609923
7.5159397
7.473581
7.3292356
7.467638
7.5438437
7.4288964
7.450261
7.5718217
7.5649533
7.545079
7.621665
7.6365457
7.4879403
7.4349136
7.2703104
7.514681
7.8058257
7.890094
7.655639
7.750441
7.809817
7.841937
7.839014
7.4515123
7.3004036
7.262577
7.337894
7.596782
7.622491
7.4831142
7.534838
7.576799
7.4883857
7.4737782
7.6138372
7.3905807
7.3508205
7.5525575
7.382228
7.6135063
7.7426844
7.597206
7.791789
7.4986935
7.490507
7.6730547
7.4728293
7.6158957
7.2589297
7.341043
7.469007
7.649345
7.9186788
7.741944
7.579463
7.5689898
7.572041
7.406738
7.467553
7.3397946
7.429704
7.260815
7.226791
7.6454253
7.6067123
7.4511824
7.379788
7.4727473
7.153572
7.4604497
7.1836
7.1420717
7.207197
6.973714
7.3584175
7.4737377
7.499113
7.4499216
7.3617287
7.442033
7.6143866
7.425478
7.4922295
7.437348
7.61089
7.416784
7.6520524
7.862753
7.6467123
7.6571026
7.4283853
7.7440968
7.7016654
7.748035
7.759223
7.6403337
7.4496636
7.108306
7.345101
7.5285215
7.337497
7.3563347
7.2952013
7.171198
7.084025
7.121612
7.1974964
6.958629
7.146491
7.061242
7.1264877
7.1068625
7.216325
7.00764
6.9406276
7.0809107
7.1120396
7.2045465
7.282106
7.350484
7.218746
7.0039124
7.4337215
7.5182786
7.4120727
7.46791
7.4351935
7.247484
7.5581174
7.47513
7.3373575
7.1460958
7.0881205
7.2052717
7.1616
7.0681458
7.094205
7.0985527
7.322027
7.286731
7.2969036
7.1184826
7.0905685
6.9584017
6.5892987
7.1561003
7.122183
7.2239995
7.2582984
7.3719034
7.473988
7.564418
7.4953594
7.530745
7.330022
7.2868285
7.3759556
7.4824057
7.624691
7.6414523
7.763342
7.3447013
7.3620033
7.21386
7.254587
7.1188135
6.941401
6.725954
7.196043
7.1364384
7.1993365
7.3470173
7.256892
7.2027383
7.245879
7.2845664
7.322134
7.360992
7.6028404
7.2475424
7.417161
7.4588394
7.4714866
7.5199423
7.447124
7.2993126
7.2688704
7.490183
7.673429
7.7929506
7.5071597
7.317522
7.3884325
7.5048704
7.591582
7.349084
7.142541
7.220146
7.341174
7.3011546
7.509109
7.511077
7.004867
6.934386
7.2067995
7.5190525
7.5977836
7.8218093
7.6151037
7.616183
7.383522
7.6184983
7.930275
7.522864
7.102141
7.04164
7.2905273
7.6899285
7.474848
7.464142
7.4556227
7.426037
7.601508
7.649007
7.5520954
7.218098
7.310117
7.4145727
7.65581
7.7942505
7.9904785
7.883864
7.745536
7.6705775
7.6006675
7.8411026
7.6254306
7.4598885
7.321304
7.422649
7.716189
7.576006
7.711418
7.4816475
7.640657
7.613993
7.6369343
7.6163774
7.5391808
7.3791633
7.23931
7.3673496
7.7937856
8.158673
8.199814
8.131849
8.079008
8.0235815
8.044823
7.8507204
7.7133107
7.4415193
7.3684273
7.589068
7.8505797
7.6882486
7.5345945
7.4088087
7.528983
7.6252847
7.86588
7.997357
7.8543944
7.430553
7.4780364
7.809597
8.120513
8.219439
8.114719
7.9516134
8.0496855
8.103382
8.243713
7.7187376
7.617341
7.550738
7.8795986
8.023786
7.829966
7.7261877
7.6875834
7.6395936
7.7787166
7.86238
7.9656925
7.847651
7.7419906
7.947445
8.180225
8.400915
8.250089
8.328114
8.25891
8.457972
8.336727
8.209095
8.009778
7.9546742
7.7489443
7.7722464
7.7794414
7.7814894
7.4691076
7.495484
7.6832676
7.7184124
7.863719
7.844742
7.6065907
7.4944324
7.9745264
8.1896715
8.094562
7.9703565
8.057865
8.052221
8.105829
8.183656
8.300411
8.076872
7.6950445
7.755131
8.064423
7.717321
7.780488
7.813261
7.779192
7.634476
7.6901493
7.9025955
7.956915
7.987764
8.1365385
7.8679724
7.9065895
8.166669
8.370204
7.994676
7.773217
7.9665456
8.048219
8.238407
8.303805
8.008859
7.9176865
7.696696
7.6339574
7.6561737
7.6114063
7.4888053
7.6774426
7.6760693
7.7196836
7.7021313
7.815726
7.5516367
7.55042
7.762019
7.8869104
8.032634
7.777376
7.734438
7.6310873
8.000899
8.158145
8.182526
7.8020782
7.9162636
8.1979065
8.257352
8.133283
7.9711037
7.819286
7.89447
7.887701
7.8966727
7.743634
8.05626
8.077606
8.191549
7.9491234
7.925902
8.193036
8.213758
8.16319
7.968601
8.01546
8.056712
8.07244
8.098902
7.856712
7.989611
7.8162627
7.647625
7.9004045
7.974954
7.8041706
7.78687
7.8123546
7.968999
7.9547973
8.018764
8.318939
8.020271
7.9265585
7.882966
8.14998
8.176854
8.179458
8.041676
8.162609
8.190426
8.126648
7.9844656
7.975932
7.910263
8.334326
8.004996
8.139444
8.092392
7.987017
7.954216
8.068512
8.240023
8.21222
8.090979
7.974365
7.798704
7.839792
7.818011
7.9086475
7.857171
7.8139277
7.954533
8.037745
8.024636
7.877906
7.988759
8.204384
8.042973
8.1167755
7.818711
7.663396
7.6324296
7.4599338
7.5328164
7.8416886
7.944809
8.011116
8.041507
7.822196
7.744318
7.8464932
8.05411
8.136369
7.9437094
7.790171
7.6943507
7.7036805
7.7701054
7.7977076
7.6571155
7.3442864
7.572083
7.5905113
7.400935
7.2502117
7.368026
7.4358234
7.3741364
7.4074697
7.4727116
7.531871
7.674116
7.310151
7.066301
6.909232
7.2348943
6.710142
7.0364447
7.1713667
7.1660495
7.302445
7.24316
7.1282315
7.131878
7.3494406
7.3185396
7.645775
7.5391464
7.7750635
7.7138004
7.694345
7.596689
7.323782
7.0174537
6.9042387
7.206973
7.08771
7.1410646
7.344305
7.2152777
7.4328065
7.306341
7.243218
7.1529245
7.0640445
7.2894344
7.23709
7.1637316
7.267757
7.4317274
7.5194817
7.522367
7.186674
7.0860357
7.3597803
7.375872
7.6791873
7.9151783
7.899093
7.8154306
7.7406435
7.5841384
7.8143816
7.6023383
7.69057
7.849943
7.332673
7.325649
7.1835003
7.12367
7.030191
7.30624
7.2501783
7.0791225
7.027172
7.020533
7.2074203
7.1573796
7.1048155
7.2318325
7.249051
7.2747393
7.0918384
7.0228815
6.9132566
7.13935
7.280887
7.126405
7.3782735
7.4441853
7.3817577
7.5444307
7.4887924
7.604507
7.3824806
7.1135335
6.6378546
7.142625
7.517967
7.4217567
7.388572
7.299054
7.249013
7.153339
7.199784
7.2349296
7.351176
7.325531
6.9346013
7.3003488
7.228858
7.4010334
7.4833283
7.395046
7.186973
7.1231117
6.672148
6.83569
7.1383753
7.3857718
7.3148556
7.5569015
7.5494204
7.681183
7.5870357
7.6837673
7.393042
7.3829393
7.2988663
7.244211
6.9369874
7.417878
7.290541
7.4104786
7.3416023
7.4324894
7.2782903
7.1018987
6.910629
6.8404713
6.566325
6.821023
7.3554354
7.4226756
7.504075
7.3036757
7.1057177
7.1017284
6.957465
6.864453
6.9681234
6.6453567
6.7486534
6.6399875
6.9283566
7.1738048
7.0416765
7.104568
6.9616218
6.949297
6.8995557
6.7269974
6.981455
6.651683
6.887813
6.9345875
7.0075727
7.028019
6.685709
6.7583604
6.6441827
6.7378364
6.772434
7.010856
7.2317243
7.256895
7.4939117
6.9926124
7.2716365
7.095227
6.964261
6.953949
6.958287
7.1842203
7.532583
7.729493
7.4551806
6.945507
6.5085907
6.431993
6.6365
6.8599563
7.1340246
7.283013
7.5813437
7.4621363
7.750128
7.8890753
7.9496155
7.9147058
7.7483325
7.6248603
7.2537427
7.006757
7.267084
7.145206
7.098995
7.3202085
7.286321
7.4663525
7.978056
7.738025
7.4132032
7.5314846
7.582713
7.4159822
7.2324524
7.048334
7.085678
7.174297
7.1694794
7.4579315
7.7479186
7.615909
7.6182537
7.1398253
6.9523144
6.7488375
6.7473702
6.5684924
6.456842
6.8032537
6.756997
7.020056
7.1817036
7.367566
7.4279447
7.3282313
7.136115
7.216909
7.0322285
6.915684
6.9169626
6.751214
7.3448415
7.6361604
7.6164193
7.368063
7.2133217
7.035022
6.6972556
6.6852875
6.4475484
6.218795
6.4536777
6.4907203
6.694153
6.7471066
6.9861736
6.853733
6.9856157
7.047051
7.3228273
7.0496407
6.9652433
6.7574773
7.021766
7.137404
7.2221212
7.249611
7.0266757
6.6341567
6.6169577
6.663748
6.770388
6.260004
5.6538506
5.8467913
5.839025
6.1472864
6.165089
6.6645784
6.605514
6.372868
6.5773945
6.973748
6.849598
6.6673
6.533561
6.541766
6.563886
6.745487
7.170186
6.9123187
6.756648
6.868102
6.5186553
6.135212
6.1608386
6.0073686
5.9712276
5.5635023
5.7884083
5.876939
6.0930114
6.516875
6.860547
6.690174
6.6985817
7.026854
7.122506
6.7299023
6.391777
6.476507
6.82158
7.0476904
7.130817
6.987892
6.9406376
6.6435013
6.5145187
6.4299283
6.5666885
6.312228
5.8465414
5.6130447
6.259029
6.1747503
6.5254025
6.7346916
6.6604266
6.5676446
6.672559
7.174884
7.1912594
6.7098055
6.3971744
6.824391
7.156272
7.239445
7.4126377
7.2845783
6.66184
6.287932
6.4327164
6.611211
6.505913
6.03033
6.168577
6.2477956
6.440392
6.6898475
6.62775
6.4721217
6.4021277
6.2234745
7.288172
7.1268396
7.1125073
7.0402703
6.906555
7.0119963
7.1894403
7.118636
6.976341
6.9703836
5.97024
6.2004647
6.3127413
6.5080295
6.218328
6.1678624
6.3741903
6.717983
6.8006334
6.661454
6.219186
6.235324
6.212733
6.748439
6.9531555
6.800449
6.7911515
6.796006
6.7313094
6.9294124
7.087819
6.852221
6.286836
5.965492
5.539959
5.5724607
5.9468083
5.715537
5.543598
5.5496407
5.8106837
5.9226856
6.035505
6.1807575
6.064354
5.823134
5.9879456
5.983317
6.23599
6.3131475
6.5029287
6.470126
6.3960223
6.8736267
6.859335
6.994576
7.030382
6.698138
6.0842924
5.6781836
5.5302334
5.8869853
5.9821777
6.0074215
6.0880065
6.4273806
6.4852896
6.60709
6.4837613
6.099005
6.0526013
6.2146297
6.283616
6.5254445
6.958277
7.124388
7.0864725
7.3699064
7.3345633
7.3509026
7.087218
6.5435176
5.968435
5.44698
5.2923937
5.722909
5.7643585
5.807535
5.8491454
6.1598372
6.364861
6.495708
6.285798
6.040302
5.979148
6.573631
6.825155
6.9473453
7.2841687
7.1950035
7.0384836
7.0137534
7.066763
7.1185846
6.9228997
6.3510957
5.853802
5.5561996
5.7511506
5.9532175
6.1595125
6.3319044
6.5009007
6.5349727
6.000226
5.7281537
5.653256
5.93159
5.809014
6.4819136
6.9245315
7.1493435
7.2976556
7.27708
7.060973
6.9183936
6.755593
6.201997
5.858336
5.654561
5.9446754
5.669935
5.7597237
5.752227
5.9193974
6.2453036
6.325365
6.199563
6.032563
6.02601
6.339839
6.0728326
6.4978566
6.5479593
6.7105665
6.539796
6.7038217
6.8507133
6.6784935
6.484907
5.975372
6.1128974
5.9774303
6.355052
6.5612664
6.50644
6.3542633
6.727018
6.934364
6.9630637
6.9376836
6.834909
6.9083505
6.7647686
7.0083485
7.3227215
7.1033707
7.00916
7.1400065
7.216118
7.205212
7.0518184
6.771427
7.0468435
6.9508724
7.096501
6.8871
6.8389745
6.583763
6.8043504
7.1726646
7.596064
7.6975274
7.2907977
6.8466063
6.6764603
7.0726094
7.028219
6.9879794
7.080796
7.0011425
7.1540256
7.116806
7.174251
6.728694
6.328263
6.2820444
6.056419
6.1525364
6.25187
6.4551916
6.6318727
6.5675874
6.5980477
6.8086605
6.7834926
6.5223293
6.202158
6.1452646
6.1045837
6.173454
6.33007
6.1081853
5.7824035
5.8520885
6.182045
6.4868593
6.3016787
6.4168053
6.228978
6.0309224
6.5434484
6.5249796
6.654225
6.5662136
6.397788
6.472828
6.601457
6.426981
6.3323116
6.35456
6.54683
6.37459
6.6940475
6.7890816
6.145629
5.92827
6.2004523
6.403913
6.5512433
6.5411873
6.5874963
6.5958047
6.5142026
6.519273
6.617775
6.5003133
6.378793
6.1752625
6.3551674
6.4297857
6.6086636
6.819546
6.451951
6.2033634
6.392918
6.6361256
6.5801167
6.595593
6.245583
6.331607
6.5497856
6.810849
7.187794
7.2762804
7.0136437
6.7422113
6.582323
6.790113
6.5235324
6.7352
6.6571903
6.635848
6.976843
7.0617356
7.2626266
7.1362944
6.7702074
6.902645
7.086987
7.121355
7.0284653
6.754641
6.618973
6.750152
6.9063964
7.55619
7.500636
7.4329867
7.1861515
7.050772
7.069053
6.5470524
6.733146
6.7888975
6.939962
6.979793
7.220086
7.2158384
7.3838997
6.62977
7.1321535
7.176647
7.1830916
7.319047
7.5593414
7.161656
6.895487
7.0550103
7.5338783
7.520515
7.504961
7.3929086
6.9647403
6.9023447
6.749936
6.5770326
7.0681906
7.2783
7.339937
7.1714096
7.208811
7.0486293
6.598803
6.9975076
6.822903
6.8806925
7.314842
7.56478
6.8875003
6.696616
6.788711
7.0213203
7.319098
7.113189
7.046596
6.8703027
6.7179155
6.8018475
7.03348
7.2613773
7.2438917
7.0653195
6.9735785
6.933425
6.494207
6.7465167
7.042938
6.924202
6.916629
7.2696795
7.1770606
6.923128
6.922569
6.921691
7.238011
7.4733152
7.2850757
6.883961
6.9243436
6.7777576
6.345999
6.8902025
6.8884573
7.0193453
6.8176227
6.748977
6.4004393
6.315219
6.8337502
7.118971
7.1594095
7.3474884
7.4075756
7.1365147
6.7761445
6.727332
6.679851
7.102397
7.3829064
7.1064343
7.0166874
6.987986
6.5972366
6.965934
7.2922297
7.096944
7.256131
7.027166
6.690937
6.3641934
6.754873
7.410366
7.380669
7.456808
7.52554
7.09396
6.858556
6.7288127
6.547594
6.739162
6.9402776
6.942525
6.8629165
7.13383
7.017692
6.5413246
6.585383
7.082802
7.271057
6.80427
6.5464478
6.449546
6.8413043
7.104646
7.217754
7.1330433
7.33082
7.2625318
6.856947
6.629214
6.548968
6.52551
6.5718307
6.6880627
6.7995715
6.8693523
6.9072104
6.964163
6.497858
6.837981
6.92939
6.8724585
6.5632396
6.225156
6.0545516
6.380123
6.7708197
7.0107436
7.033755
7.008311
6.889368
6.6524353
6.6069245
6.426552
6.252351
6.518344
6.7002263
6.9219384
6.7478213
6.530699
6.226453
6.2753873
6.6755753
6.693199
6.9839897
6.3300686
6.2156625
6.0448403
6.3029366
6.8961897
7.0341835
7.0875144
7.030145
7.0558987
6.8093834
6.7898026
6.7041774
6.7016964
6.672163
6.9395275
6.8883004
7.111158
6.8340836
6.915679
6.6744556
6.6545644
6.989316
6.9258947
6.834941
6.5153294
6.466285
6.5277567
6.8300734
6.8947396
7.0187597
7.1851034
7.057481
7.0371532
6.8935843
6.9869413
6.889333
6.7537403
6.849074
6.991202
7.106058
6.793058
6.727692
6.7189846
6.700589
7.124772
7.0692983
6.716303
6.16742
6.4010406
6.8859067
7.1722565
7.352947
7.1248727
7.0442
7.099379
6.958888
7.0426364
7.0706015
6.896458
6.684966
6.813679
7.248357
7.113114
7.136228
7.074488
6.9353085
6.818112
6.9443007
6.752232
6.554924
6.5023594
6.3342857
6.8023596
6.8750553
7.073825
7.103491
7.0221257
6.9415007
6.8633533
6.9137816
6.9400764
6.6551795
6.6128783
6.685926
6.8462706
7.108966
7.139616
7.237425
6.863947
6.60762
6.6439495
6.695846
6.6801195
6.5542107
6.690094
7.0328064
6.901167
7.162717
7.1718736
7.1447124
7.0393243
7.0551443
7.021413
6.955317
7.0352182
6.9201126
6.835657
7.083273
6.970211
6.7755365
6.9704895
6.9006248
6.8969817
6.851919
6.665277
6.7280087
6.534122
6.308095
6.5851784
6.9245234
7.040919
7.0856266
7.0293484
7.0303745
6.9599385
6.9513407
7.065243
7.031433
6.7920356
6.8371716
6.916913
6.8703284
7.024437
6.633407
6.7668877
6.7910657
6.372813
6.4625463
6.2470155
6.095948
5.9676514
6.1718383
6.4807105
6.678651
7.0368547
6.9867554
7.02337
7.0331745
6.8877625
6.868279
6.660798
6.807524
6.9794765
6.7869806
6.8360353
6.7781177
6.577566
6.2803435
6.492203
6.189269
6.1949954
6.3278465
6.18372
6.0935764
5.910019
5.9326363
6.3850074
6.5593643
6.908712
6.6832743
6.9438353
6.676106
6.791862
6.698353
6.5033727
6.5226145
6.518901
6.588641
6.657589
6.3574543
5.8042164
5.6284156
5.4985633
5.3018837
5.847287
5.855777
6.122949
6.146412
6.0084906
5.958887
5.68491
5.9190845
6.237607
6.4593215
7.0970154
7.2551985
7.0742803
7.2207966
7.332262
7.2548223
7.077178
6.9854603
6.939322
6.9882607
7.009268
7.0626273
6.8771896
7.1237383
7.5649576
7.5111237
7.5199575
7.5504627
7.4734254
7.531377
7.2733517
7.2384434
7.1186934
7.24995
7.376575
7.441712
7.3170767
7.307912
7.203519
6.7383833
6.7440786
6.569957
6.662186
6.780652
6.6050177
6.4566627
6.347778
6.441045
6.4600677
6.5559797
6.778161
6.799427
7.095721
6.98383
7.1954556
7.5637484
7.005315
6.86316
6.680967
6.5323696
6.6113853
6.505475
6.371484
6.362359
6.287508
6.43298
6.5780554
7.0431504
7.17299
7.203368
6.9719586
6.564873
6.1287665
5.562297
5.7274337
5.6785555
5.4844127
5.6015005
5.474401
5.7432575
5.4712687
5.633652
5.646837
5.743499
5.7856746
5.747546
6.23638
6.147567
5.7612777
5.359327
4.992297
4.932162
5.2566633
5.442988
5.501079
5.602335
5.6308837
5.2321515
4.8980947
4.687812
5.0197687
5.312232
5.0375857
4.665864
4.3061843
4.453587
5.2407656
5.718611
6.0876226
5.9339886
5.94004
5.8267565
5.835361
5.6920714
5.5403304
5.1237097
5.161524
5.600333
6.0779347
6.5644293
6.3735256
5.629408
5.1670756
4.767096
5.702557
5.7875094
5.4508076
5.225365
5.255141
5.378106
5.679997
6.031418
5.912114
6.0831294
6.034189
5.9962354
5.7999215
5.917572
5.7337003
5.5643635
5.396061
5.425516
5.511442
5.6605873
5.450702
5.1161127
4.7958007
4.4064856
5.1378193
5.8771214
5.970565
5.9624357
5.2470746
5.30716
5.3742332
5.6121364
5.4353027
5.498216
5.5414305
5.5325017
6.3206224
7.0011883
6.757475
6.224611
6.018202
5.785894
5.941701
6.445694
6.302355
6.5004244
5.6901383
5.103795
5.5032587
6.034408
6.0659666
5.439878
5.287231
5.3831315
5.256155
5.712171
5.888703
5.3285894
5.1628156
5.4393344
6.4777646
6.696916
5.8878508
5.7978263
5.7832265
5.7821746
6.2521667
6.53745
6.3500495
6.1096487
5.461722
5.2188926
5.8811836
6.1570096
5.821329
5.4915767
5.488409
5.7978168
6.0557704
5.9664326
5.9170513
5.4906607
5.5249205
5.590133
6.7263813
6.7975016
5.9967184
5.7239933
5.543118
5.581435
5.736035
6.312299
6.328803
5.6490064
5.5419483
5.4249535
4.852805
5.048048
5.5809174
5.9801655
5.96233
5.421722
5.237337
5.451561
5.5761485
5.856785
6.488401
6.381781
6.030331
5.5489583
6.0888104
6.56854
6.6118326
6.2295265
6.067051
5.585988
5.2077603
5.638608
5.9908595
6.0670605
6.153052
5.8590574
5.951088
5.7490873
5.4529953
5.3144784
4.985013
5.3736835
5.9312897
5.6026883
5.440688
5.2719455
5.297967
5.2371435
5.132049
5.657762
6.139645
6.3539467
6.214091
5.869954
5.926225
6.4780483
6.823643
6.3211656
5.981885
6.1547804
6.1678433
6.2009563
6.1271667
6.174495
6.262658
6.442877
6.347657
6.137816
6.168016
5.987133
5.9934096
6.0547814
5.86391
5.6813087
5.4608564
5.635917
6.2030716
6.4650755
6.527444
6.4901466
6.3214335
6.448558
6.6883707
6.784711
6.5300384
6.521374
6.4676485
6.468684
6.648946
6.8433743
6.868165
6.96652
6.7064314
7.166806
7.143252
6.853195
6.805293
6.8087
6.7623606
6.5764694
6.995676
6.519548
6.9409738
6.92747
6.9613295
7.0600343
7.2359004
7.1253223
7.354588
7.420039
7.2743444
7.2216573
7.1355143
7.355084
7.2331705
7.198994
7.4152327
7.149049
7.1447177
7.0597467
6.908487
7.0652146
7.111553
7.2103252
7.489008
7.6558156
7.469458
7.687358
7.5795894
7.744858
7.4735875
7.2777286
7.316355
7.1808643
7.293714
7.2162843
7.096305
7.167613
7.3578844
7.149497
6.876867
6.735955
6.4816937
6.467352
6.301009
6.483715
6.7034945
6.980186
7.2571983
6.976008
7.2295303
7.122184
7.159062
7.2806463
7.066937
6.916011
6.7485895
6.7522793
6.8998137
7.1158547
7.2381697
7.049367
7.237575
7.1427836
6.835803
6.9126596
6.990943
6.9426513
6.827221
6.630839
6.962607
7.0530844
7.323175
7.631811
7.4208655
7.4890065
7.5686655
7.505598
7.5332875
7.4739094
7.341625
7.084809
7.177914
6.94269
7.1527295
7.4501066
7.7105565
7.92909
7.315592
7.4781437
7.701696
7.735839
7.4036317
7.2952037
7.5982647
7.90392
7.802706
7.8401985
7.463035
7.3718867
7.5999675
7.359635
7.314046
6.978716
6.953126
7.1093826
7.1522694
7.103744
7.615388
7.885564
7.964528
7.625428
7.200665
7.210724
7.464922
7.2042427
7.2092557
7.128402
7.401636
7.8578587
8.112741
7.8958426
7.361861
7.440654
7.491208
7.813945
7.7943535
7.445148
7.2114286
7.257229
6.820662
6.855835
7.2168603
7.428301
7.684245
7.2827034
7.3577538
7.520047
7.238283
7.2582865
6.826579
7.0411716
7.259289
7.622572
7.64947
7.3816037
7.1040583
6.953086
7.380447
7.9200935
7.7359357
7.5167966
7.416665
7.2196336
7.238987
7.2589617
7.6817904
7.858565
7.7011695
7.3028073
7.357029
7.292961
7.0008154
6.926771
7.2064433
7.4320507
7.6524734
7.9016423
7.8757844
7.830526
7.6133394
8.037036
8.339169
8.114464
7.8501964
7.6900196
7.6544523
7.8658295
7.662872
8.055282
8.137463
7.9581213
7.4767356
7.5543165
7.4958277
7.174733
6.9583197
7.202897
7.303707
7.5598707
7.757908
7.1849675
7.147471
7.1253943
8.068087
7.9941726
7.7249117
7.5244284
7.5455627
7.4889
7.6146097
7.7308846
7.6778193
7.8444457
7.503467
7.384232
7.130748
6.901431
6.963787
6.971352
6.6726394
6.8086224
7.0258355
7.0081167
6.617588
6.793172
6.9695044
7.3051996
7.1673703
7.0991793
7.211486
7.26788
7.0603347
7.022364
7.4570646
7.603923
7.518101
7.7571173
7.321389
7.279781
7.2371554
7.133915
7.1529512
6.7682924
6.9205594
7.0931544
7.006706
6.5775876
6.7160068
7.077436
7.8588395
8.017821
8.076236
8.064955
7.937761
7.7981563
7.8020043
7.65727
7.7438874
7.511574
7.703642
7.2906575
7.273732
7.729367
7.729084
7.3616323
7.6345553
7.3776426
7.340262
7.573741
7.616998
7.2018504
7.171445
7.229292
7.5866385
8.051415
8.292206
8.227829
8.076401
8.035431
7.9883814
7.9320936
7.869773
7.687913
7.7647915
7.8443394
7.525592
7.3501625
7.463524
7.4863553
7.2813015
7.319347
7.148672
7.3343034
7.0265656
7.0718703
6.8513865
6.813221
7.0810013
7.744446
7.9767656
7.943369
7.95761
7.9857707
7.807742
7.9821343
7.760004
8.044879
8.080325
7.7088075
7.0910325
7.3778815
7.5161
7.370819
7.198057
7.170733
6.963265
6.9598384
7.1321616
6.85375
6.5884833
6.9463797
7.446084
7.7268295
7.8130407
7.7323556
7.7748394
7.8310456
7.7821574
8.110346
7.902278
7.8347964
7.705537
7.534005
6.882451
6.9940395
7.4711285
7.5042725
7.6352167
7.5518327
7.2723413
7.2633214
7.355252
6.6629505
6.475774
7.1710224
7.1277456
7.783138
7.7189384
7.709236
7.476595
7.448527
7.532794
7.5960054
7.6547422
7.697874
7.593978
7.348792
6.68314
6.7631474
7.3065243
7.062424
7.3503304
7.3829
7.2460656
7.1198807
7.158277
6.9219007
6.7993855
7.246005
7.60031
7.7021184
7.781708
7.6028833
7.7499623
7.614301
7.613001
7.522605
7.559844
7.527047
7.4805946
6.8006682
6.726403
7.355109
7.227639
7.257824
7.33123
7.308515
7.2053885
7.409286
6.80214
6.9404106
7.2772818
7.343894
7.7221236
7.8478765
7.7743363
7.951813
7.944182
7.964225
7.804902
7.6181335
7.6121626
7.6799383
7.4619393
7.022497
7.239851
7.4484644
7.5156264
7.5111823
7.295696
7.33451
7.297358
7.1693063
6.7963905
6.7037883
6.967957
7.0846643
7.069113
6.926836
6.686489
6.8976912
6.8279033
7.0237885
6.9959316
6.515836
6.649535
6.732468
6.5036006
5.739993
6.2712274
6.5005703
6.553429
6.6052155
6.706119
6.415158
6.1055956
5.8553977
5.532613
6.174673
6.586576
6.8896236
7.3317957
7.3654103
7.038906
7.411665
7.615718
7.181658
7.215791
6.87776
6.853407
6.7198696
6.213704
6.025094
6.057493
6.2559624
6.3810363
5.962121
5.712097
5.8998213
5.947541
6.306772
6.3863707
6.667816
6.867595
6.934136
6.9308615
6.8464065
6.927339
6.7754884
6.54651
6.359345
6.3359933
6.3408914
6.3679905
6.40693
5.987028
6.0574656
6.5393004
6.874386
7.115853
6.9341755
7.040511
6.8464136
6.768185
6.377201
6.370552
6.8351574
6.9661455
7.1986504
7.244265
7.3123655
7.658369
7.6810684
7.5260124
7.767419
7.5854664
7.1864376
7.262446
7.2221
6.597922
6.5404367
6.422197
6.913389
6.8573856
7.049784
6.9076214
6.898255
6.7413073
6.7113686
6.3536134
6.6102786
6.973129
7.501689
7.559417
7.191106
7.2743382
7.4027214
7.4837914
7.423212
7.6696978
7.3582354
7.263114
7.1903806
7.2278385
7.0368133
6.908945
6.776865
6.9334607
7.146863
7.2091846
7.204537
7.2306247
7.109824
7.0815287
6.8903246
7.004597
6.796493
6.7429585
6.768055
7.137665
7.006795
7.1382217
6.9809203
6.7669935
6.532649
6.6674933
6.6051655
6.641732
6.527306
6.4866924
6.4829273
6.508519
6.4937167
6.697618
7.0878096
6.92654
6.6929436
6.770838
6.9068065
6.992281
7.188172
6.987405
6.7778406
6.439181
6.442481
6.324936
5.9978323
6.237498
6.551889
6.420556
6.725183
6.339755
6.1237817
6.419208
6.5864153
6.6262264
6.6126966
6.6429205
6.656789
6.763242
6.8228345
6.902697
7.224391
6.8880496
6.300003
6.199624
6.202575
6.505982
6.4364343
6.328759
6.0831995
5.8111744
5.904261
5.522851
5.710625
5.4159346
5.4934607
5.8375278
5.801261
5.4760566
4.9346194
5.0875316
5.4380856
6.0143414
6.2331767
6.041843
5.7239804
6.1165085
6.2671213
6.3012495
6.619182
5.97022
4.9047875
4.6446486
4.985232
5.835487
6.0028477
6.039307
5.607404
5.364604
5.024798
5.3178368
5.3296013
5.8911085
6.0078783
5.8068123
5.642303
5.8531237
5.765863
5.458269
5.352341
5.1129055
5.5879827
6.1101465
6.333204
6.09198
6.4533696
6.1791377
5.6410317
4.9253545
4.987369
5.2785273
5.6478724
5.2293296
4.9328294
4.650239
4.540958
4.6308155
4.75678
4.829634
4.6795425
4.398444
4.582421
4.0081105
4.285046
4.1481514
4.1229215
4.324287
4.2272897
4.2830834
4.1841946
4.2358627
4.468381
4.4534445
4.5896764
4.4909973
4.488186
4.509461
4.6542163
4.625818
4.751645
4.7671347
4.7865224
4.792192
4.816617
4.7747555
4.6921415
4.9635243
4.8042173
4.867743
4.837089
4.875041
5.049976
4.863942
4.9969244
4.9071045
5.0617604
4.878832
5.005655
4.878891
5.0624495
4.936859
5.033638
5.1021013
5.0166597
5.119354
4.9849854
5.1052613
5.023533
4.9613647
5.072934
4.9387026
4.929922
5.033715
4.989528
5.005803
4.9264374
4.884027
4.9800835
4.84858
4.9387674
4.7106843
4.8543916
4.7060795
4.9658732
5.0295243
4.8035
4.922244
4.7175894
4.902447
4.839963
4.9622073
4.8516607
4.905261
4.8825383
4.7962127
4.744389
