10000
8.672948
8.519941
8.483223
8.587599
8.517504
8.541133
8.608244
8.539936
8.564795
8.6234045
8.622406
8.639285
8.599836
8.726588
8.62793
8.673333
8.6198635
8.605414
8.686068
8.728974
8.692012
8.707292
8.673237
8.750421
8.661171
8.789836
8.6815605
8.760564
8.731306
8.727225
8.774055
8.726227
8.632346
8.6268635
8.602633
8.600632
8.57003
8.671302
8.57007
8.614573
8.488723
8.429231
8.440737
8.401133
8.319351
8.162696
7.985493
7.6868644
7.6281805
7.6897516
7.441672
7.5288906
7.5207233
7.604634
7.5039725
7.4182997
7.3440433
7.4728074
7.5441527
7.7069297
7.827216
8.066013
7.930703
8.026393
7.9030924
7.7441683
7.26015
6.8010945
6.819795
6.449007
6.144695
6.000423
5.943225
5.889354
6.0803843
6.0933366
5.982366
5.7203803
5.694419
5.2961454
4.914968
4.7326064
4.815632
4.860773
4.823207
4.7958026
4.8102307
4.7934422
4.7797003
4.718298
4.7512527
4.8859353
4.8226056
4.8720016
4.7961483
4.8880835
4.927356
4.33239
4.3313246
4.2447515
4.133347
4.1789775
4.1437173
4.2544494
4.1820827
4.172635
4.136674
4.390153
4.2071457
4.2244143
4.184867
4.2762036
4.178316
4.253852
4.1989684
4.222501
4.3235135
4.378122
4.3554125
4.2911434
4.2716727
4.399534
4.2931833
4.3874598
4.417876
4.175513
4.447018
4.2985244
4.240725
4.354963
4.160095
4.09511
4.325204
4.226008
4.4026756
4.16836
4.229396
4.3636284
4.303931
4.218168
4.0872755
4.2395916
4.1120753
4.235013
4.084299
4.2567906
4.0854044
4.2804174
4.095847
4.2386804
4.0850344
4.087089
4.0580463
4.2185965
4.0342016
4.0567045
4.0936933
4.2047954
4.027025
4.068627
4.037592
4.1928105
4.066087
4.2269163
4.144012
4.2199736
4.063655
4.188594
4.0846767
4.2454634
4.1177325
4.218846
4.110117
4.1710725
4.0535374
4.195315
4.1184134
4.1739483
4.145245
4.179903
4.0834537
4.1823835
4.049336
4.155773
4.1059456
4.1635647
4.0938525
4.142377
4.1158195
4.2036858
4.0572944
4.140641
4.0210695
4.186646
4.1044445
4.2178154
4.1552544
4.297058
4.157916
4.3067613
4.1947737
4.311921
4.1500826
4.250715
4.142028
4.2310953
4.1480107
4.252902
4.1617107
4.2552547
4.1546197
4.217868
4.145404
4.2745256
4.15538
4.2596736
4.1635656
4.2352366
4.160422
4.2202587
4.1344185
4.2265997
4.1290026
4.205325
4.151754
4.1595173
4.1633034
4.1641016
4.134559
4.173929
4.1489034
4.172758
4.164523
4.212964
4.1826715
4.173593
4.164813
4.1898932
4.172991
4.184316
4.1594753
4.159065
4.15711
4.1571603
4.1801453
4.185397
4.1687675
4.165404
4.19539
4.6373777
4.657716
4.6145906
4.6318197
4.5421157
4.6734114
4.4611487
4.68567
4.580062
4.6415386
4.640106
4.694805
4.8061895
4.780465
4.713456
4.7994676
4.9148893
5.0719404
4.986596
5.0468893
4.942192
4.817209
4.8469286
4.865878
4.9454584
4.8696637
4.7090926
4.565112
4.617644
4.516197
4.6506414
4.6461673
4.713711
4.686777
4.688087
4.4803576
4.5285616
4.456879
4.3677907
4.3418727
4.360737
4.2160554
4.163741
4.1998997
4.2196503
4.4138436
4.6480184
4.6017413
4.615569
4.648717
4.7423344
4.66968
4.674054
4.627197
4.5120525
4.544407
4.5152326
4.325831
4.278014
4.18839
4.1119356
4.279462
4.179279
4.2946167
4.1898575
4.3558908
4.1974154
4.366389
4.4157333
4.312526
4.572645
4.3311634
4.649465
4.303412
4.27577
4.4309793
4.3074956
4.335872
4.3603
4.1820498
4.281214
4.6089907
4.5760946
4.5746703
4.6505766
4.664563
4.667459
4.779444
4.8142443
4.737606
4.9192853
4.883209
4.9287887
4.984425
4.917509
5.002568
5.02551
5.037911
4.9825897
4.9802475
4.971753
4.9525256
4.8955684
5.0015235
4.99119
5.023528
4.9872255
4.9900928
4.9438763
5.0034723
4.909478
4.928439
4.8708773
4.8488054
4.903186
4.836523
4.990617
4.778571
4.8562593
4.8876314
4.95735
4.7784452
4.8691235
4.7503657
4.729286
4.713522
4.770617
4.6879015
4.6200256
4.657648
4.4708605
4.4186077
4.516225
4.4957075
4.4992847
4.5960135
4.597495
4.7129536
4.9227886
4.5882645
4.6260066
4.637328
4.685466
4.7186446
4.7430577
4.6672974
4.734835
4.5723996
4.6139436
4.605014
4.5472984
4.5300736
4.552053
4.5502677
4.4383354
4.507517
4.399612
4.427236
4.409017
4.3703823
4.3613105
4.3484406
4.404847
4.4385233
4.356033
4.417666
4.244199
4.4153094
4.3104653
4.226607
4.3758883
4.915974
4.9531083
4.9089875
5.007369
4.97343
4.9567275
4.971848
4.8677225
4.8807726
4.8178
4.90092
4.766769
4.8379474
4.7660365
4.8427825
4.8061686
4.6775837
4.663307
4.6297035
4.6598644
4.6240253
4.6274877
4.66684
4.584028
4.612767
4.586196
4.5744514
4.5245786
4.5205307
4.5459914
4.532717
4.5703216
4.546754
4.571163
4.595868
4.5685883
4.5940533
4.512047
4.657033
4.6177306
4.6256366
4.6306386
4.645234
4.6490755
4.7096815
4.6650715
4.733343
4.7423105
4.7292643
4.7511187
4.7399583
4.6966524
4.7040834
4.6577244
4.6220646
4.6581707
4.5628996
4.768029
4.648172
4.6349688
4.5303807
4.743661
4.539019
4.6391945
4.6136847
4.576845
4.577812
4.848296
4.7406044
4.856118
5.0519314
5.1282797
5.0098867
4.9200635
5.086459
4.862229
4.877326
4.8282995
4.852231
4.736404
4.709862
4.699925
4.6469026
4.580323
4.5612216
4.4926043
4.549112
4.5513296
4.6045346
4.488498
4.441944
4.4999404
4.4975386
4.417882
4.538816
4.3181043
4.4097586
4.4159307
4.35977
4.3592024
4.39452
4.379792
4.2835436
4.4422603
4.654608
4.6851277
4.783
4.721024
4.8384595
4.848659
4.5148582
4.655854
4.5032887
4.576357
4.7031555
4.771724
4.975627
4.945814
5.135929
5.2000585
5.3254356
5.425247
5.627393
5.7819805
5.971368
6.2131634
6.34636
6.5319138
6.4232054
6.618678
6.687619
6.6506553
6.778811
6.8689623
6.977722
6.9022136
6.9914646
6.92463
6.9816775
7.058164
7.127628
7.1563034
7.133477
7.139534
7.189957
7.16648
7.054899
7.063671
7.0341
6.90013
6.675853
6.552647
6.375669
6.450762
6.3097596
6.242941
6.0080004
5.8211536
5.942606
5.8182154
5.680583
5.3695908
5.2095532
4.937539
4.7729797
4.699579
4.7092323
4.9552436
4.917052
4.9303255
5.0435963
4.729429
4.451024
4.6273613
4.485995
4.477701
4.4927073
4.4346676
4.4630527
4.401226
4.1683073
4.203253
4.2598796
4.3862076
4.6379075
4.5802
4.624919
4.972051
4.9772873
5.134808
5.364193
5.6298175
5.251471
5.4113426
5.875487
5.9256163
6.307254
5.9662843
6.1591625
5.962943
5.68983
5.288563
5.1970563
5.370734
5.298435
5.027401
4.5692058
4.339387
4.3287544
4.1084023
4.051233
4.19932
4.0174665
4.111517
4.0220175
4.040967
4.0302334
4.058496
4.0954847
4.0389686
4.096979
4.179056
4.156565
4.1692247
4.433985
4.573912
4.6975503
4.7209415
4.717859
4.624402
4.526683
4.662943
4.6692905
4.50333
4.5801396
4.8329754
4.856153
4.890787
5.006063
4.8341584
4.882905
4.5776153
4.596695
4.689187
4.6792564
4.8762674
4.656063
4.632481
4.4040775
4.151862
4.4131675
4.568695
4.5475
4.7695913
4.889461
5.0931563
5.288931
5.2440844
5.275888
5.1236672
4.7597513
4.5570645
4.516978
4.115011
4.680147
4.702176
4.611825
4.610755
4.6186504
4.486103
4.556685
4.7495766
4.6553187
4.829617
4.886603
4.970799
4.9641385
4.8121758
4.974229
4.802142
4.8735294
4.6135893
4.69829
4.760488
4.877367
4.7148166
4.4786487
4.3916416
4.2289677
4.1556983
4.4430785
4.2539444
4.2800355
4.1449494
4.074005
4.136463
4.110692
4.1322813
4.154731
4.1904354
4.269762
4.285416
4.3125
4.3811045
4.3159842
4.2627344
4.3468738
4.3061495
4.3905826
4.3140464
4.435417
4.3083425
4.3684464
4.4783397
4.386205
4.3330774
4.253045
4.267934
4.2051253
4.152238
4.800752
4.874801
4.869414
5.0155897
5.048157
5.1753817
5.1823864
5.141135
5.2061443
5.305621
5.3137813
5.373194
5.2754035
5.352007
5.3703256
5.220837
5.3057637
5.3301325
5.478285
5.324105
5.0462084
4.991402
4.888754
4.837014
4.3449626
3.432643
3.445469
3.4435592
3.4825044
3.4368186
3.4766185
3.47632
3.504539
3.5206015
3.5173848
3.5391421
3.565153
3.5957994
3.5516052
3.4617805
3.3896134
3.4095185
3.349178
3.319734
3.3522365
3.3319874
3.3343577
3.3451347
3.3371325
3.3716404
3.3834703
3.327087
3.3142312
3.3328116
3.3466182
3.3084633
3.3267934
3.3230834
3.3299847
3.3393183
3.3168507
3.310805
3.363495
3.3668754
3.266005
3.325366
3.2329373
3.2882352
3.3380175
3.4886503
3.463028
3.463777
3.4727702
3.4318142
3.4273543
3.6094477
3.7447543
3.7241826
3.705323
3.9803586
4.174374
4.0025115
4.1735573
4.1672826
4.2563963
4.1855288
4.4280987
4.623911
4.456397
4.3337665
4.6445026
4.564594
4.3618174
4.412854
4.2796483
4.310146
4.381009
4.5285363
4.555753
4.8746543
4.8614616
4.7629538
4.9727225
4.9774194
4.8079715
4.6745367
4.426575
4.5393
4.4142165
4.1477385
4.2625494
4.3068905
4.4278445
4.436341
4.426783
4.433778
4.1594777
4.2897663
4.0363736
4.208236
4.3899584
4.005846
4.26825
4.9064846
4.812809
4.8488717
4.7399044
5.0579376
4.7277255
4.764048
4.6994157
4.5168176
4.7932725
4.7976174
5.115923
4.869965
4.7091637
5.2879496
5.0795727
5.0864
5.0883007
5.1759505
5.283989
5.2350254
5.508286
5.1171885
5.4504943
5.4282107
5.4990606
5.0709085
5.232722
5.2917037
5.135235
5.2119474
5.147283
5.1477375
5.18099
5.3364773
5.260393
5.2653294
5.3070564
5.3843822
5.326072
5.293756
5.1237006
5.182433
5.48721
5.376498
5.258049
5.361615
4.9810877
5.370966
5.270136
5.188619
5.3805895
5.232809
5.0005302
5.0112476
5.369231
5.3754764
5.189836
5.307597
5.2411275
5.24599
5.2435412
5.2438984
5.174427
5.179123
5.1314983
5.1733947
5.2369556
5.2950535
5.2222047
5.407991
5.4141655
5.3239193
5.8060846
5.622642
5.418535
5.312847
5.630073
5.4483147
5.691019
5.3927345
5.551837
5.5848136
5.607006
5.7383804
5.768742
5.8728952
5.569413
5.7242174
5.548742
5.2905307
5.380312
5.204712
5.3489037
5.237794
5.548406
5.5128884
5.370992
5.267466
5.361787
5.485981
5.413276
5.6011467
5.50079
5.339594
5.302989
5.4383297
5.4518623
5.391415
5.326647
5.522003
5.279538
5.269988
5.3731256
5.2988343
5.334345
5.456782
5.467719
5.4894466
5.4866977
5.519707
5.3834205
5.451629
5.782834
5.7080197
5.627425
5.5122385
5.53223
5.5354915
5.6183805
5.3163867
5.394846
5.4612293
5.6571193
5.504999
5.5453744
5.320631
5.272248
5.397289
5.282661
5.200045
5.3045316
5.1317306
4.1196775
4.1196775
3.8912172
4.024411
4.119621
4.45232
4.443357
4.3566194
4.410679
4.4920235
4.4460664
4.4657655
4.4227524
4.287864
4.2776875
4.2901087
4.2069163
4.255885
4.279931
4.396581
4.456524
4.3966336
4.356576
4.3597183
4.3552957
4.3206763
4.265008
4.5183096
4.3124537
4.4493423
4.1868443
4.231125
6.1886206
6.1880813
6.390732
6.3630757
6.08823
6.1383643
6.055875
6.171114
6.146286
6.1893716
6.134725
6.0893154
6.1194196
6.094109
6.002617
6.176334
6.3039417
6.0572977
5.886089
5.916601
5.397005
4.971459
4.528136
4.085305
4.1363955
4.388851
4.403861
4.420242
4.4040747
4.3364697
4.321783
4.588598
4.4106884
4.2486033
4.255895
4.354753
4.411331
4.381223
4.3909965
4.316132
4.521843
4.518963
4.3488054
4.4747214
4.463019
4.368605
4.3723783
4.246397
4.1396904
4.943129
4.9348392
4.5791335
4.689946
4.685565
4.660736
4.5644526
4.761618
4.6858506
4.5367937
4.660947
4.5848064
4.3327184
4.096477
4.5892444
4.714364
4.7556
4.7702456
4.7247577
4.687616
4.684024
4.6855564
4.4962626
4.308609
4.109251
4.1524463
4.2681913
4.2556667
4.1366158
5.786958
5.8476067
5.698368
5.6352825
5.5203533
5.4874067
5.463275
5.436356
5.235486
5.229649
5.160264
5.161933
4.976638
5.024845
5.064458
4.9736114
4.91582
4.9921513
5.066207
4.944867
5.006541
4.876407
4.9887075
4.83899
5.0364804
5.0683203
5.004801
5.1389985
5.241707
5.212393
5.338332
5.3425007
5.3380017
5.4059668
5.4946833
5.719835
5.7853246
5.859439
6.0080047
6.0346575
5.9539657
5.9923606
6.027056
6.065647
6.069135
6.093675
6.011745
6.1222014
5.8590813
5.911141
5.880443
5.955364
5.985503
5.9426384
5.902924
5.984969
5.8759327
6.0012097
6.0547023
5.9498916
5.986936
5.795209
5.9433017
5.7377024
5.8401237
5.745048
5.860839
5.738698
5.7061415
5.7339697
5.793495
5.7734895
5.7381496
5.685122
5.6822004
5.792518
5.8073716
5.930896
5.8043704
5.9208584
6.0317626
6.0229235
6.083524
6.177359
6.1389375
6.170302
6.1479406
6.189333
6.2716055
6.197759
6.0207253
5.996877
5.9391484
5.781865
5.8751607
5.8167977
5.822299
5.8029017
5.821862
5.7821875
5.8036714
5.6940365
5.783057
5.7945776
5.911334
5.9809546
5.9994464
6.0325794
6.039906
5.930505
5.991742
6.0324473
6.0513887
6.283333
6.109224
6.2620783
6.1365466
6.289365
6.162115
6.1452513
6.108982
6.1844797
6.099524
6.1490006
6.111381
6.0535154
6.0323477
6.073922
5.9956446
5.9940815
6.0310326
5.969261
5.980081
6.0777783
5.9945264
5.9218273
6.0017133
5.860689
5.8827944
5.797531
5.71449
5.7224345
5.7066326
5.7205453
5.8674293
5.8327446
5.898657
5.822815
5.8725357
5.9083343
6.0100193
5.883367
5.936401
5.7676234
5.9501834
5.8550577
5.9238343
5.852216
5.8802156
5.8737645
5.945806
5.9032145
5.875915
5.994345
5.9663696
6.001738
5.996665
6.022703
6.036716
6.0810995
5.952407
6.0330663
5.9518394
6.097002
6.0754876
6.049805
6.117385
6.058495
6.0785813
6.130063
6.2122307
6.1415424
6.202329
6.045506
6.0371857
5.9865513
5.975984
5.949269
6.003558
5.9430785
5.9828606
5.893059
6.0089493
5.9985905
5.7915664
5.8719277
5.893468
5.836894
5.769042
5.9493384
5.9544964
6.10024
5.998219
6.0953283
6.0319743
6.1050396
5.9954166
6.1235857
5.9917154
5.922541
5.9744897
5.9794064
6.157893
6.0090303
5.9995546
6.089284
5.986452
6.0641837
5.9627466
5.895738
6.0363116
5.9662175
6.1209745
5.897308
5.950012
6.1082344
6.0209284
6.063787
6.1674395
6.0923033
6.1287518
6.1075134
6.1736445
6.1783915
6.2141056
6.1112213
6.207349
6.0645795
6.0350246
6.028469
6.1129665
6.0838075
6.154454
6.135661
6.0556297
6.1467
6.1981072
6.1350307
6.0869837
5.957541
5.9826097
5.844186
6.0419593
5.8937716
5.9788914
5.8549867
5.8986225
6.0588794
5.998256
5.9625916
5.8645096
5.794044
5.638749
5.6925116
5.5518746
5.573081
5.60471
5.5802555
5.515017
5.5163016
5.6034093
5.770638
5.7622986
5.8627934
5.7321973
5.7122827
5.7232637
5.7264204
5.7875705
5.93996
5.9265385
5.9145203
5.979896
5.94915
6.0768127
5.8727884
5.912991
5.657488
5.544909
5.4737077
5.474679
5.5660477
5.700025
5.7677507
5.679626
5.698862
5.7087536
5.736721
5.6419125
5.797022
5.808075
5.8794184
5.578762
5.484313
5.601968
5.4809346
5.4854746
5.4986463
5.461859
5.5274463
5.4490542
5.469938
5.537215
5.7439513
5.7880225
6.0134726
6.19808
5.9344764
6.053173
6.00094
6.133415
5.9086156
5.9471245
6.026868
6.0327463
6.3183517
6.2633877
6.230651
6.2623434
6.3390284
6.361799
6.3079953
6.419634
6.2194223
6.169272
6.200206
6.3407083
6.2086673
6.300125
5.808872
5.790084
5.696059
5.599014
5.683655
5.769394
5.82978
5.9783883
6.1894283
5.9951057
6.094534
5.7356634
5.708826
5.9639387
5.8259444
5.7781506
5.8990335
6.053559
6.1707673
6.4203405
6.330124
6.252095
6.201027
6.0449066
5.645728
5.306646
5.1386895
5.27742
5.3134546
5.298598
5.3264813
5.50229
5.530633
5.8033133
6.094926
5.7529793
5.2255306
5.2185082
5.22353
5.292974
5.274947
5.182023
5.284625
5.2845273
5.501573
5.548631
5.5997477
5.744695
5.790677
5.7870836
5.6156225
5.643468
5.6731706
5.6221976
5.7355824
5.8284945
5.8393154
5.8833184
5.8391523
5.8687897
5.932605
5.9825115
6.022285
6.0326734
6.101441
6.0515285
5.7928867
5.7185583
5.4633484
5.3683143
5.2181892
5.258171
5.1697683
5.345324
5.2847967
5.3513994
5.3053627
5.2761936
5.420439
5.46712
5.3520656
5.139483
5.221336
5.1183352
5.0771
4.980661
4.9697785
5.1247625
5.03638
4.9761825
5.0805106
5.187907
5.085249
5.212159
5.248389
5.243409
5.246938
5.36291
5.2867756
5.22188
5.1694703
5.126986
5.230187
5.218777
5.089971
5.1058073
5.06983
5.1194506
5.1174684
5.1793275
5.1547656
5.0847535
5.095542
5.0995746
5.1337214
5.0997815
5.078638
5.0972285
5.0258036
5.0051403
5.0301185
4.9614143
5.007932
4.9845915
5.0272665
4.935953
4.975558
5.0115776
4.944367
5.002337
5.0402846
4.9956517
5.032634
4.930502
4.9668984
4.89523
4.865444
4.883326
4.905554
5.034307
5.007458
4.9967027
4.992513
5.019106
4.791129
4.731219
4.8391113
4.8590913
4.9308558
5.0053844
4.9621997
4.9272366
4.897789
4.8617783
4.8637724
4.7719264
4.7994466
4.7432303
4.765056
4.8698
4.7264047
4.8523993
4.808318
4.59038
4.6389403
4.7502165
4.908083
4.858607
4.958319
5.003909
5.0494657
5.0090876
5.055294
5.1044073
5.0921664
5.207065
5.3363976
5.3544116
5.285146
5.162712
5.209478
5.2840786
5.2405233
5.2291393
5.2738914
5.2052374
5.302714
5.1373
5.208625
5.1882753
5.1683564
5.04287
5.1173716
5.06347
5.0708466
5.176362
5.1384726
5.17077
5.1751547
5.1626143
5.177806
5.2449284
5.242331
5.238902
5.2383256
5.181834
5.267798
5.16577
5.2504954
5.2777295
5.329156
5.2333584
5.3340364
5.255947
5.306228
5.276795
5.3772726
5.251821
5.3383155
5.202527
5.2423606
5.16384
5.2331014
5.2391586
5.2935705
5.165676
5.2978964
5.254916
5.224427
5.17395
5.4009542
5.2693796
5.311977
5.234185
5.274405
5.1703277
5.219825
5.1417136
5.223297
5.2832074
5.4667325
5.334718
5.4446793
5.4614763
5.464363
5.468467
5.518173
5.5769367
5.5919514
5.482212
5.600429
5.4787264
5.5218716
5.4999943
5.469042
5.457866
5.4851956
5.50898
5.4721875
5.4923296
5.5838776
5.6055183
5.6223435
5.66813
5.5960574
5.722435
5.7074184
5.6178837
5.738081
5.758171
5.8749537
5.752832
5.891431
5.8311996
5.832943
5.9592924
5.868122
5.897857
5.848337
5.8833413
5.912867
6.0028634
5.9572706
5.901327
5.9041777
5.9544973
5.874827
5.8509073
5.898836
5.8793483
5.8677187
6.0295105
5.826178
6.0348234
5.783945
5.9885635
5.769306
5.851575
5.709511
5.923366
5.729934
5.7584877
5.822383
5.8229647
5.7143726
5.93763
5.83727
5.971038
5.8136725
5.8494806
6.0619903
5.860673
6.0674763
5.762755
5.9835663
5.8732696
6.0875816
5.939936
5.7369933
6.076082
5.8683615
5.859946
5.82624
5.9137144
6.081358
5.8914714
5.8654823
6.074155
6.0340214
6.0537605
5.981891
6.0651283
6.0774875
6.005732
5.9104795
5.986321
5.9157505
5.9681067
6.0212226
5.9176016
5.9827585
5.9421954
6.127738
6.2518935
6.286353
6.255283
6.227874
6.0690384
6.0366073
5.9632435
5.8994017
5.9406776
5.9426465
5.9029384
5.8965163
5.9502115
5.7517786
5.843815
5.6052976
5.516064
5.334932
5.3335443
5.263947
5.339356
5.3411827
5.290332
5.366728
5.3463683
5.541502
5.3977957
5.5058684
5.584658
5.620998
5.3634634
5.7017713
5.8239603
5.665372
5.9886494
6.160369
6.2643867
6.2619977
6.278058
6.232158
6.1878324
6.1278667
6.0944405
6.103636
4.0088353
4.1048417
4.034723
4.039743
4.0391135
4.0338874
4.110811
4.1338687
4.1412206
4.265911
4.293152
4.196812
4.3765993
4.3999844
4.4543223
4.532967
4.6303883
4.575538
4.6298113
4.6194854
4.734175
4.7687993
4.8036575
4.827159
4.796947
4.9381866
4.910488
5.141663
5.185915
5.1933436
5.177697
5.244075
5.229593
5.2367563
5.2271876
5.306577
5.273632
5.2720222
5.299102
5.264801
5.2718625
5.3351865
5.460625
5.4045534
5.425578
5.4355707
5.4751043
5.4098244
5.3386464
5.2829385
5.360604
5.3645253
5.3691983
5.453883
5.418642
5.4747887
5.4671974
5.461729
5.4820356
5.3550825
5.3516703
5.39487
5.3878503
5.4409933
5.4020977
5.5022936
5.370585
5.326549
5.2109118
5.243006
5.1931973
5.2524734
5.362961
5.292077
5.305754
5.279119
5.2818766
5.376192
5.3654737
5.3601246
5.338141
5.2435994
5.1741533
5.133331
5.2027664
5.2606177
5.032762
5.115061
5.0003395
5.1132236
5.038874
5.163763
5.021102
5.061813
4.9791293
5.0076947
5.071966
5.0603848
4.9645753
5.1157055
5.0617714
5.0851383
5.0593314
5.0330405
5.2174835
5.210854
5.116806
5.18125
5.0956974
5.1144576
5.1574335
5.1989207
5.2688794
5.1172867
5.191014
5.064525
5.0860085
5.238339
5.267646
5.422837
5.3012033
5.1433764
5.464168
5.4195466
5.385771
5.58865
5.5860653
5.531294
5.544033
5.5192394
5.5999384
5.4301114
5.424531
5.4886384
5.4284244
5.6166677
5.659899
5.634528
5.5286226
5.701978
5.652625
5.6266556
5.673073
5.690937
5.6807585
5.683339
5.648674
5.7107735
5.790876
5.781062
5.7368593
5.7202187
5.8196907
5.7044177
5.5545187
5.717064
5.622372
5.823437
5.5629244
5.7506847
5.669985
5.6605234
5.8694386
5.687703
5.6792555
5.716575
5.70566
5.9207773
5.7578936
5.7783585
5.687135
3.9291065
4.211307
4.2011886
4.1565957
4.18032
4.4055834
4.7290134
4.707713
4.7934446
5.044962
5.085341
5.1190705
5.243773
5.332712
5.439267
5.520287
5.481632
5.464534
5.619688
5.689715
5.6946564
5.666566
5.864408
5.8838396
5.8261943
5.8486276
5.8702517
5.825525
5.830244
5.7760425
5.8701506
5.988123
6.2492485
6.3201537
6.20964
6.0903835
5.9841614
5.9573812
5.955579
5.9096994
5.909511
5.985132
6.0743194
6.042433
6.331191
6.389575
6.273174
6.305587
6.237277
5.943999
5.891385
5.8893275
6.246673
5.9778495
6.3880515
6.1925116
6.1274056
6.142926
6.1633368
6.1820693
6.232534
6.022958
5.899144
6.0075436
5.8952007
5.9788766
6.0617332
5.925395
5.9249787
5.8908005
6.0056353
5.9929676
5.9838867
5.9177337
5.917842
4.5609646
4.580158
4.475928
4.51793
4.5059958
4.4807878
4.5262103
4.62292
4.572971
4.6045117
4.654999
4.7671022
4.822094
4.894481
5.033144
4.9406185
4.9613323
5.161439
5.185467
5.2853694
5.2510853
5.499913
5.688916
5.766839
6.1219854
6.18072
6.224145
6.2796926
6.1741247
6.280236
6.103359
6.0418243
5.9652557
5.925257
5.88661
5.8065376
5.704089
5.7270226
5.6962204
5.7580986
5.793706
5.7813754
5.835494
5.751781
5.772088
5.828919
5.751741
5.654012
5.6973033
5.582876
5.523885
5.2740135
5.27182
5.232221
5.057664
5.1472635
5.0407233
5.0778723
5.112755
5.11972
5.1777916
5.1225667
5.201189
5.120975
5.1896133
5.127669
5.0104322
5.0174932
4.979205
5.044361
4.977543
5.0560036
5.087413
5.0841675
4.952725
5.0829415
5.166678
5.0796824
5.1313844
5.1316814
5.1216426
5.216104
5.123465
5.1095834
5.1141405
5.24687
5.268891
5.2777653
5.3391027
5.280319
5.3427424
5.3160825
5.2027693
5.141079
5.1632276
5.1546855
5.280945
5.2118835
5.3352284
5.2201357
5.268976
5.2034893
5.291346
5.3783617
5.2761374
5.2692595
5.313498
5.2633038
5.302778
5.2446127
5.2647195
5.2668066
5.295091
5.3933287
5.264217
5.367896
5.3878136
5.3762493
5.4348946
5.4534097
5.487325
5.4894614
5.5029593
5.5104594
5.4854503
5.5134087
5.4689856
5.4596105
5.4797654
5.4880967
5.5252686
5.545824
5.529362
5.516979
5.538376
5.5309286
5.568532
5.6122475
5.6293135
5.6247644
5.651108
5.5786805
5.6408844
5.6018286
5.699775
5.7125463
5.679036
5.672374
5.645331
5.636136
5.556919
5.5934486
5.641044
5.624751
5.5899587
5.721343
5.530177
5.654003
5.6167126
5.612538
5.6156855
5.690711
5.720724
5.717679
5.763142
5.660062
5.5983725
5.5480337
5.6284037
5.5392227
5.3210263
5.2827396
5.418036
5.4024887
5.3485093
5.3455253
5.3269205
5.1300497
5.196864
5.3106565
5.2765365
5.2266164
5.2135196
5.165642
5.3116264
5.238783
5.218305
5.2375526
5.230307
5.211751
5.2084103
5.0518036
5.0937843
5.082223
5.1461787
5.0611715
5.133811
5.246329
5.287096
5.179588
5.3089914
5.3520823
5.3789883
5.4186807
5.3588457
5.3714476
5.379083
5.4500756
5.3820868
5.414441
5.3744154
5.3998876
5.4363375
5.4457684
5.450833
5.4934683
5.4596205
5.4013777
5.3191376
5.4199266
5.355021
5.18938
5.150067
5.1034126
5.232445
5.240576
5.345219
5.088764
5.130682
5.239821
5.1904807
5.0222487
5.116193
5.082871
5.145027
5.0992227
5.1340904
5.252676
5.207372
5.06718
5.160017
5.146015
5.089596
5.1315746
5.141032
5.338991
5.335271
5.3151245
5.4291563
5.5766053
5.686152
5.6748724
5.789076
5.9029336
5.991084
6.01869
5.976273
5.9824643
5.9698396
5.9765654
6.037049
6.1079316
6.085685
6.1359706
6.099283
6.191011
6.127338
6.381461
6.1497774
6.4104834
6.133197
6.335972
6.178932
6.2955346
6.2610464
6.4356523
6.3022475
6.2677774
6.267035
6.1921062
6.1325507
6.279461
6.1562
6.1579304
6.2164507
6.131906
6.2174525
6.169325
6.250718
6.18779
6.1497135
6.273311
6.1792703
6.261231
6.1158767
6.278413
6.181422
6.1896677
6.1503906
6.261083
6.160812
6.1327825
6.1949983
6.142072
6.18934
6.155903
6.071589
6.1975813
6.064232
6.1551914
6.0950103
6.1210356
6.0546465
6.1323175
6.1029844
6.1295934
6.035066
6.072055
6.036115
6.0339565
5.995414
5.8988647
5.9552774
5.972515
5.9884768
6.02859
6.0416875
6.0260124
6.0888453
6.0806403
6.167474
6.149358
5.871326
5.9250536
5.713545
5.7040324
5.5789843
5.491174
5.440102
5.1994877
5.0604844
5.0119596
4.8814907
5.004068
5.0419836
4.8541045
4.888774
4.772975
4.869135
4.830615
4.808805
4.7498355
4.714554
4.8250847
4.720712
4.7648573
4.747961
4.804926
4.7782097
4.824322
4.738667
4.8275576
4.7914248
4.8168435
4.809081
4.7972875
4.8178477
4.824139
4.804258
4.887134
4.788223
4.778953
5.0080605
4.8412876
4.9399467
4.890958
4.943311
4.9389887
4.8825374
4.957173
4.8712835
4.95874
4.9182158
4.965675
4.879291
4.9578695
4.897154
5.0511003
4.969204
5.067588
4.9471803
5.013508
4.985964
5.038569
5.0150647
4.999956
4.9376965
5.0176616
5.056161
4.994845
4.960991
5.020257
5.0211935
5.02455
5.0357547
5.016581
5.0151877
4.986904
4.958261
4.976976
4.935335
4.9452786
4.9597635
4.958133
4.951223
4.9432535
4.965283
4.905551
4.918425
4.956608
4.9198165
4.9236016
4.955052
4.9068394
4.862174
4.9169273
4.8588743
4.8699136
4.875859
4.8569183
4.9939427
5.0931916
5.230149
5.2277293
5.2761087
5.3054686
5.2807245
5.248297
5.269016
5.1596317
5.0696077
5.137108
5.2016606
5.1766205
5.1944256
5.175846
5.2457123
5.1935573
5.1632257
5.1542377
5.27091
6.438817
6.4073386
6.482401
6.2949767
6.250277
6.2108464
6.1441927
6.1497087
6.159804
6.060788
6.0681605
5.994502
6.0531797
5.9802475
6.0338764
5.934039
5.919391
5.8980365
5.947919
5.92069
5.877481
5.888066
5.90213
5.872442
5.8978434
5.9291525
5.962883
5.853296
5.9774895
5.8845606
5.96921
5.8099155
5.94672
5.869712
5.8888483
5.856456
5.936491
5.8728886
5.9228096
5.8958325
5.8598433
5.9193563
5.9234095
5.8795924
5.907434
5.9264097
4.9722123
5.018279
4.935104
4.9821806
5.002512
4.938976
5.0274158
5.082805
5.101506
5.1876845
5.065709
5.2293034
5.1074057
5.258318
5.146957
5.2654734
5.1443815
5.2472696
5.0704656
5.2577586
5.1111546
5.275569
5.134579
5.3250265
5.1731415
5.3197346
5.1978145
5.2188754
5.2346373
5.254466
5.1028605
5.277996
5.196799
5.149191
5.242388
5.1187687
5.27722
5.1493263
5.2760973
5.142146
5.31457
5.150778
5.307023
5.1280713
5.315493
5.1069937
5.351755
5.1113763
5.292444
5.1273446
5.2924204
5.124767
5.345764
5.0859294
5.3464246
5.063872
5.3323097
5.0889893
5.338918
5.1269813
5.421774
5.1483474
5.3848968
5.1380906
5.363288
5.2189865
5.392578
5.180878
5.35287
5.2220693
5.296231
5.211506
5.3911724
5.227767
5.3638735
5.274574
5.347284
5.26526
5.32494
5.1802616
5.3297434
5.1417913
5.3326845
5.124396
5.2652383
5.0977783
5.2876906
5.1120677
5.2498436
5.134537
5.275007
5.104618
5.3177757
5.1130147
5.3052635
5.1396365
5.3419914
5.1537533
5.313877
5.1759257
5.316206
5.223807
5.3477774
5.2631946
5.2997575
5.18706
5.3304577
5.188918
5.300466
5.2330084
5.23931
5.2254186
5.257945
5.248956
5.25292
5.236125
5.270191
5.1989574
5.292334
5.2208705
5.1818056
5.1851573
5.27405
5.245456
5.305505
5.1413064
5.248015
5.205362
5.1316824
5.140547
5.1988535
5.1830106
5.1819305
5.154737
5.1913357
5.1370506
5.1633983
5.168836
5.202895
5.167847
5.169928
5.0764585
5.1443405
5.134915
5.159504
5.0693736
5.163403
5.122052
5.170926
5.059711
5.134999
5.1173763
5.1972747
5.2163258
5.2183847
5.2193413
5.1842566
5.165682
5.171568
5.1611896
5.2125473
5.229025
5.205095
5.201402
5.1390133
5.2743454
5.2134404
5.281892
5.2288165
5.2310977
5.145096
5.213981
5.1653795
5.211092
5.14197
5.2508736
5.1056037
5.1410084
5.1067696
5.1411495
5.1101656
5.1730337
5.173358
5.182968
5.164713
5.166781
5.1831226
5.105946
5.1751623
5.094686
5.1919947
5.110075
5.141215
5.097429
5.1240454
5.112335
5.1936884
5.1113415
5.1636357
5.185721
5.1677065
5.177138
5.1591444
5.181627
5.164776
5.1866617
5.1537085
5.1684475
5.2335663
5.2271423
5.228055
5.332798
5.220585
5.334131
5.2636986
5.3390527
5.26414
5.978188
6.05871
5.967974
6.058045
6.0767565
6.0372944
6.0147877
6.0703373
6.0059476
6.057772
6.0195355
6.0890255
6.0245695
6.098953
6.0683236
6.0817204
6.023205
6.114885
6.074308
6.103904
6.054947
6.101847
6.0140715
6.0731063
6.01354
4.788987
4.613657
4.7168393
4.610984
4.640415
4.5691977
4.6735377
4.568579
4.647195
4.5692806
4.677409
4.5261593
4.5627136
4.5355496
4.5713058
4.539182
4.602553
4.5321064
4.615188
4.511797
4.6061
4.512907
4.5337706
4.518686
4.5999136
4.5581303
4.528465
4.580988
4.5339518
4.5689173
4.516931
4.546916
4.5057926
4.5321817
4.5253425
4.600766
4.484291
4.622835
4.510455
4.6187525
4.5046234
4.624488
4.4234896
4.637046
4.529168
4.5025797
4.4752235
4.5106487
4.464763
4.386862
4.478588
4.3336883
4.446938
4.2761564
4.4493046
4.338933
4.275892
4.4783025
4.3129544
4.498794
4.1914682
4.2969036
4.1410775
4.1152496
4.0839586
4.181688
4.1300783
4.186298
4.1493273
4.193331
4.1984286
4.313888
4.2602134
4.396531
4.2647552
4.5807633
4.6222405
4.6728516
4.707667
4.7198334
4.630407
4.6616483
4.6055794
4.664993
4.691004
4.8145094
4.9397225
4.985582
4.9242067
5.013167
5.0696983
5.147124
5.130724
5.2106495
5.199776
5.272994
5.3061275
5.441079
5.229953
5.5001245
5.445217
5.675288
5.624016
5.519013
5.7011657
5.612783
5.639278
5.6158547
5.7737556
5.655334
5.6514573
5.6708584
5.7961183
5.649105
5.8042126
5.70334
5.826284
5.740565
5.8544655
5.801761
5.8941507
5.8222165
5.902114
5.778117
5.884731
5.8504734
5.909651
5.8101606
5.932748
5.858607
5.9592276
5.8923545
6.002529
5.890282
5.9835396
5.938871
5.9842863
6.1188197
5.986412
6.2026725
6.0313444
6.200831
6.090174
6.2390304
6.124997
6.2841606
6.140119
6.222413
6.1480837
6.2624073
6.220376
6.214779
6.0883617
6.1072288
6.1071415
6.0853205
6.0459633
6.0195475
5.9718246
5.7708974
5.787081
5.6957006
5.6499934
5.661563
5.585844
5.546204
5.4493494
5.607322
5.517493
5.567045
5.597728
5.6409173
5.6611447
5.605479
5.6264853
5.5807557
5.676459
5.6733937
5.675726
5.6354194
5.704946
5.6482625
5.598175
5.635477
5.5971603
5.676403
5.5712028
5.687572
5.5823283
5.6585484
5.6204805
5.730378
5.5422606
5.7334924
5.5884967
5.6698585
5.5185685
5.6598997
5.494857
5.5921774
5.4626946
5.5493245
5.508991
5.5121
5.441721
5.5225472
5.407685
5.4816194
5.380124
5.4914308
5.464119
5.4341035
5.4444227
5.449594
5.4039993
5.423441
5.4425774
5.4470334
5.462903
5.454135
5.425523
5.4405775
5.401886
5.3785625
5.3831954
5.330988
5.336705
5.2760296
5.2785764
5.284913
5.272867
5.2252812
5.127732
5.1349583
4.9322424
5.115164
5.1120343
4.932441
5.116674
4.8412204
5.08046
4.833315
5.035462
4.8927965
5.0523376
4.88805
4.9201236
4.861871
4.8739586
4.8120728
4.857831
4.9507613
4.7857614
4.9116907
4.808964
4.950018
4.78376
4.8917522
4.7521286
4.8965993
4.776705
4.8891687
4.798628
4.847953
4.7471933
4.8043194
4.7906103
4.8218327
4.8012857
4.8983355
4.741315
4.795955
4.767819
4.7853947
4.7913256
4.79319
4.6998186
4.742564
4.726141
4.7632055
4.657571
4.7773857
4.690114
4.726205
4.6793528
4.7252817
4.6710825
4.66873
4.666013
4.7344866
4.7028484
4.7660027
4.78677
4.756626
4.7730517
4.77934
4.814958
4.730798
4.841874
4.76213
4.856784
4.713502
4.882848
4.770815
4.8622313
4.8868012
4.8776784
4.8286457
4.8910136
4.8513746
4.9147882
4.899386
4.908841
4.869177
4.8598948
4.7745495
4.8600354
4.7616096
4.7671595
4.8712897
4.7988462
4.956678
4.7925305
4.932797
4.805055
4.91661
4.7988663
4.900241
4.734867
4.81244
4.7582664
4.919057
4.716374
4.872888
4.742109
4.8109765
4.668907
4.7797
4.695265
4.7641373
4.6659575
4.7617865
4.668622
4.7687826
4.6733794
4.7916684
4.7037153
4.8167367
4.682971
4.7786202
4.703788
4.7882023
4.688876
4.7892103
4.711012
4.8057203
4.741824
4.7880955
4.7826953
5.796681
5.8460236
5.7419333
5.7590165
5.832139
5.7507153
5.816523
5.7514668
5.803489
5.736532
5.81152
5.752538
5.7763166
5.812481
5.87451
5.804238
5.784009
5.8621078
5.826764
5.8468666
5.8903146
5.865652
5.9671206
5.9263816
5.9815493
5.874595
5.97499
5.8777313
5.9455523
5.879168
5.935466
5.818776
5.9490986
5.9056544
5.897649
6.037877
5.8617005
5.9473944
5.8984294
5.9920216
5.9024973
5.9568286
5.926944
6.014205
5.9094
5.9652524
5.964209
4.2415833
4.28005
4.3301353
4.238902
4.2700524
4.2204256
4.281154
4.2197294
4.282276
4.1922283
4.233488
4.261937
4.2600026
4.2520137
4.213004
4.1648498
4.210876
4.1310954
4.210363
4.267496
4.2341423
4.2546506
4.2670007
4.283542
4.288258
4.2697554
4.290709
4.260531
4.256006
4.2489166
4.2330937
4.309403
4.2849064
4.3207846
4.2947593
4.346263
4.372718
4.3818455
4.3758163
4.331996
4.363528
4.3555603
4.386022
4.36729
4.3776503
4.48905
4.4256105
4.3700695
4.4076223
4.3243904
4.310141
4.2876425
4.2762504
4.352024
4.273969
4.252068
4.197219
4.2941275
4.3166037
4.3141704
4.2920456
4.340796
4.259054
4.3267593
4.350809
4.337249
4.3056145
4.3082547
4.279632
4.284321
4.242906
4.3213983
4.286357
4.3259487
4.223283
4.251253
4.295668
4.2895346
6.1255636
6.19827
6.2072244
6.2041574
6.233093
6.1696157
6.186787
6.21253
6.2555113
6.172241
6.2439947
6.18499
6.2392535
6.1428347
6.2260413
6.270802
6.213781
6.288132
6.2525353
6.317587
6.2641907
6.2452774
6.276457
6.246048
6.277779
6.218809
6.302264
6.2960653
6.2494197
6.2294292
6.19614
6.529364
6.79968
7.002593
6.8635592
6.967351
6.8612514
6.5851426
6.4769373
6.5077367
6.259852
6.387431
6.0843606
6.1441717
6.200328
6.1393614
6.1281295
6.0551834
5.937575
6.030553
5.9214363
5.9962387
5.957103
5.9974513
5.938098
5.979491
5.939074
6.0231404
6.062497
5.991583
6.2360764
6.322238
6.256225
6.3314447
6.288151
6.391026
6.4235587
6.5060267
6.460627
6.534068
6.5182815
6.6125083
5.4327726
5.2830105
5.453782
5.3640604
5.4109187
5.3289623
5.357882
5.243798
5.3917446
5.3048396
5.354646
5.261338
5.381741
5.239533
5.3492374
5.3019533
5.356245
5.3479934
5.382619
5.352357
5.399654
5.3724504
5.392832
5.3718486
5.3870277
5.4178786
5.440317
5.4061375
5.4186606
5.4599905
5.4365473
5.4302125
5.4382563
5.426993
5.4512005
5.4515347
5.4815707
5.402828
5.4356027
5.389632
5.476182
5.4487805
5.501003
5.4408135
5.5007796
5.462191
5.4902163
5.5102124
5.476961
5.5441766
5.4578
5.5622816
5.478324
5.5346556
5.5939875
5.5933576
5.6270657
5.557818
5.6489973
5.632814
5.756962
5.619889
5.7222877
5.772333
5.7567377
5.7967176
5.828897
5.8187075
5.75943
5.758322
5.7221694
5.7243237
5.71753
5.7433686
5.7171535
5.7328296
5.7038097
5.7840233
5.728056
5.6953654
5.733041
5.771155
5.654189
5.765563
5.790834
5.8057814
5.8290825
5.7288995
5.801492
5.6441402
5.752125
5.722023
5.769129
5.6362514
5.727083
5.604739
5.6706104
5.5597606
5.687374
5.617539
5.701299
5.6670103
5.731794
5.7129335
5.791397
5.7869663
5.779938
5.809997
5.7696495
5.800438
5.722396
5.700445
5.754188
5.7083926
5.7406545
5.7447715
5.7763104
5.786007
5.7934084
5.779289
5.792474
5.803273
5.753507
5.8197517
5.6652894
5.775928
5.6866016
5.7610254
5.7446384
5.68624
5.7075253
5.7279
5.6707497
5.739383
5.636951
5.7122808
5.655308
5.6762223
5.638762
5.6501923
5.6401954
5.7036314
5.602934
5.712385
5.615781
5.6493845
5.5823474
5.7237806
5.644505
5.775544
5.591925
5.6444306
5.6139107
5.6198344
5.6289315
5.605659
5.5818763
5.636919
5.5696893
5.562168
5.6016874
5.6274242
5.6898794
5.703062
5.552727
5.67547
5.5979457
5.5665417
5.647503
5.600322
5.580313
5.5754337
5.630408
5.5565515
5.6396017
5.5951304
5.6447616
5.596892
5.6714344
5.647709
5.5924606
5.5950065
5.582217
5.580207
5.524527
5.5840173
5.564703
5.5709467
5.5218945
5.5284386
5.482402
5.5259457
5.420944
5.5013027
5.528496
5.538527
5.4995832
5.4771204
5.568617
5.5221796
5.4385986
5.4566336
5.400683
5.4639134
5.430155
5.3954706
5.475256
5.481268
5.498769
5.3751698
5.4360185
5.3281555
5.384503
5.297886
5.2646756
5.347686
5.351481
5.3492727
5.373529
5.3409758
5.3128905
5.3619204
5.378462
5.3405285
5.2987895
5.3021235
5.3936768
5.336555
5.3097925
5.3362823
5.352523
5.295124
5.3256464
5.320582
5.3160076
5.357384
5.313664
5.3592176
5.314767
5.364885
5.3263965
5.4085193
5.362812
5.3868537
5.3424587
5.384889
5.3970613
5.429604
5.3953667
5.437561
5.4302144
5.3974266
5.407993
5.413254
5.453893
5.4706073
5.3565044
5.497648
5.375531
5.373092
5.3462214
5.316458
5.3215303
5.3424654
5.360481
5.3896337
5.4570527
5.3634543
5.4756465
5.4959493
5.5039163
5.437147
5.4984202
5.407941
5.627532
5.566679
5.592908
5.5597105
5.5814753
5.4627094
5.5838594
5.503517
5.611263
5.588935
5.715666
5.726801
5.6975307
5.7246385
5.6659327
5.718281
5.632137
5.670224
5.6398973
5.65216
5.665197
5.676769
5.6736155
5.7266154
5.700875
5.767787
5.698823
5.729678
5.753962
5.760494
5.747621
5.7165804
5.778716
5.7132597
5.775678
5.6188383
5.6784215
5.6298895
5.5771966
5.731025
5.603904
5.6775374
5.548648
5.6563597
5.584424
5.6442842
5.5740957
5.664923
5.610132
5.569021
5.5413094
5.4343357
5.4795456
5.4766245
5.339658
5.4721017
5.408871
5.4172535
5.4048157
5.3183284
5.3740673
5.384594
5.357666
5.4018874
5.3974714
5.408699
5.518361
5.397628
5.484183
5.4895997
5.536852
5.614547
5.554449
5.625771
5.643349
5.6176214
5.6624103
5.6448336
5.727095
5.7458076
5.727786
5.8092294
5.7478857
5.802072
5.8029385
5.757468
5.704298
5.7354865
5.8016453
5.855458
5.832823
5.7945747
5.822311
5.808812
5.8808966
5.8475456
5.746276
5.832993
5.8368096
5.840562
5.8711586
5.928222
5.9439964
5.9777274
5.9378214
5.8842435
5.961838
5.92032
6.013685
5.910016
5.921226
5.8697534
5.882929
6.0279794
5.9358206
5.9782233
5.7960854
5.8133397
5.7844715
5.931657
5.8807797
5.87037
5.8402643
5.8430185
5.9546056
5.843171
5.8897133
5.882493
5.8694696
5.8582444
5.939657
5.808846
5.8772745
5.8195963
5.8107805
5.901146
5.8161135
5.8292637
5.794014
5.776736
5.745753
5.7366557
5.848516
5.802011
5.8529015
5.7780952
5.8810563
5.8477345
5.8055644
5.7888327
5.826773
5.884194
5.804336
5.8588533
5.7765875
5.842593
5.8042345
5.988996
5.942923
5.8710537
5.875346
5.7809143
5.823759
5.8477955
5.7807503
5.8555975
5.6903424
5.716813
5.693946
5.774144
5.8394537
5.7879186
5.893798
5.8213134
5.8457627
5.7482586
5.900268
5.8489985
5.845155
5.763833
5.7776318
5.7243605
5.797805
5.6257615
5.670407
5.689874
5.657516
5.58487
5.5914416
5.5250945
5.5508366
5.4858437
5.4834576
5.5522223
5.495375
5.496972
5.4581666
5.5174537
5.413458
5.519368
5.5066705
5.5964828
5.4303412
5.573302
6.1552973
6.250017
6.143467
6.206814
6.1701927
6.3731613
6.469836
6.484106
6.446495
6.4733315
6.5746474
6.6027546
6.5529914
6.5892434
6.7042847
6.703363
6.747417
6.8283615
6.801295
6.841347
6.735145
6.663137
6.5370364
6.49795
6.49813
6.314649
6.4135485
6.1493425
6.3709784
6.1465564
6.2882013
6.2969084
6.371278
6.3290105
6.3654704
6.464702
