10000
7.75108
7.73318
7.4744253
7.2913327
7.189029
6.898941
6.579673
6.540404
6.674879
6.9067216
6.985797
7.1258307
7.1689034
7.172596
7.251164
7.314251
7.1581984
7.0384502
7.1955576
7.1990213
7.644446
7.7098117
7.59581
6.9269104
6.234669
7.2089906
7.5740743
7.577051
7.414282
5.995173
4.1520224
4.1454315
4.700843
4.7014494
5.081332
5.3292456
5.336009
5.283964
5.243577
5.1320252
5.063401
5.121654
5.4639683
5.106758
3.5574136
3.6751137
3.8893588
4.1240163
4.6287904
5.1981244
5.4937687
5.984157
6.225007
5.7971954
5.147034
4.8004613
4.8510447
4.9998155
4.8531694
4.9947615
4.9459577
5.1392794
5.3937864
5.4587135
5.799151
6.2610397
6.307102
6.126458
6.056922
6.249681
6.4196754
6.3837814
6.526103
6.8028536
6.878308
6.9297886
7.203401
7.4040804
7.302121
6.8566093
6.138049
5.116585
4.937483
5.355519
4.760837
4.4088373
4.0709963
4.2426405
4.140586
3.6646302
3.9434752
4.0862174
3.8769739
3.9839096
4.0371275
4.5327454
3.421309
3.4648566
5.101731
4.866809
4.882909
4.2678843
5.355133
5.7356234
6.509245
7.2645035
7.976737
8.164653
8.302169
8.204447
7.4798856
7.4601607
7.8984656
7.482679
7.165104
6.9797015
7.12306
7.653985
7.7236094
7.489095
7.2767034
7.152436
7.5190296
7.909983
7.7460804
7.7340264
7.6266165
7.6396136
7.6680565
7.4002304
6.9618
5.865555
4.5868106
3.9352036
4.1388273
4.02079
3.3554766
4.4591928
3.9709158
4.553838
3.143834
4.390836
4.2127056
4.5412416
4.599238
3.5516932
3.6352155
4.016057
4.011159
3.9255514
3.971342
3.9874628
4.1699867
3.5371637
3.5184586
4.201992
3.5889833
3.3635616
3.078726
3.1370225
3.4251401
3.1836216
3.4822092
3.8192317
3.6110926
3.677181
3.1281946
3.9127145
3.7406943
3.8709893
3.824203
3.7624562
3.735359
3.5569751
3.5428164
3.7005694
3.2382343
3.3560228
3.0501935
2.8981435
3.1854765
3.451187
3.4761987
4.074117
3.0161428
3.2513535
3.5138912
3.3945236
3.27135
5.4508786
5.6062403
5.764692
5.9228797
5.995733
5.9035926
5.9367657
5.8655305
5.7424636
5.361356
5.188325
3.3218153
3.3933694
3.3076353
3.4980855
3.5758414
4.0249414
3.5153022
3.6471689
3.726908
5.017307
4.653275
3.7197728
4.3149266
4.401301
3.5813646
4.1177864
4.2304573
3.9794946
3.4804132
4.1170473
4.729965
3.6176102
4.190749
4.7385917
4.24917
4.393272
3.7562187
3.9923134
3.6811585
3.5055726
4.6342254
3.4497085
2.2516787
3.1900158
3.4452178
2.7730062
2.7967708
2.9444628
3.725417
4.2930117
3.0979562
2.7416754
4.0420647
4.2257104
5.021407
3.1014397
3.9131532
2.6684432
3.359035
3.6621878
4.041519
4.0425487
4.3438916
4.7770615
4.731164
5.119059
4.918536
4.7493033
4.7263722
4.832
4.8201566
4.4832454
4.2591968
3.9510303
5.052894
4.935346
4.378995
4.003505
4.148029
4.1761904
4.540008
4.668712
4.9458337
4.8340096
4.8145275
4.8999567
5.0192204
4.568175
4.1634955
4.0390453
4.3795147
4.1949186
4.679679
4.563604
4.2480083
4.2849936
4.0527496
4.0693226
4.1478195
4.1549373
4.3346944
4.2595863
4.273058
4.402071
4.4538517
4.6406426
4.6588
4.6767435
4.538939
4.5208592
4.6971526
4.6539574
4.6834164
4.843814
4.8096457
4.8244476
4.4392314
4.4401603
5.57683
5.5437546
5.0379167
5.0619054
4.992647
5.648212
5.9329114
6.414871
6.237556
6.3527403
6.4976225
6.442536
6.6698284
6.5403376
6.9878273
7.0912104
7.2050467
7.4469147
7.439886
7.682911
7.6768646
7.533246
7.5539026
7.2548633
7.1702957
7.1742835
6.9113364
6.6033673
6.60508
6.871417
6.995867
7.241105
7.046025
7.4049273
7.8725705
8.182069
8.240008
8.16796
8.2042465
8.3756695
8.190547
8.033688
7.743468
7.7780724
7.623805
7.614348
7.528296
7.6040416
7.570428
7.385642
6.9410477
6.667319
5.8488984
5.1075225
5.042875
5.5282216
5.6935763
5.7814183
6.251484
6.3805876
6.140617
6.067892
5.9141226
5.688672
6.069806
6.07747
6.1929107
6.0038533
5.6485167
5.0637927
5.328574
5.12493
5.227573
5.349126
5.25773
4.8684897
4.289189
5.027529
4.8048635
4.555022
4.707457
4.9527693
5.5160522
5.8803334
6.1052713
5.3398175
4.492787
4.1086006
4.102287
5.659207
5.193473
4.5176387
4.5606184
4.577806
4.895335
5.2218122
5.162543
4.020298
5.33974
5.1698494
5.2245665
5.277586
5.441987
5.394215
5.3854194
5.4578986
5.4773498
5.4898505
5.522507
5.6149096
5.6081924
5.674859
5.6732974
5.7996774
5.877959
5.9159894
5.9978194
6.0320873
6.0606837
6.062566
6.09594
6.101627
6.093685
6.084887
6.1108775
5.9249935
5.935576
5.841425
5.8382363
5.9168744
5.8359203
5.6371655
5.3512588
4.473571
4.745085
5.2887177
4.986657
5.023573
5.2107363
5.319874
5.4081736
5.1228676
4.8495307
4.090772
4.2882004
4.299297
4.290013
4.3495536
4.2190733
4.222875
4.2331944
4.4034905
4.429327
4.3731194
4.2877445
4.438298
4.785766
4.797833
4.8870893
4.946367
5.3561745
5.3828297
4.9679966
4.5299397
4.734593
4.562542
4.365552
4.365603
5.7381673
5.792237
5.072085
4.7475796
4.6274624
5.815424
5.6780334
5.832636
6.0317397
6.0399284
5.298975
5.7335415
4.4062033
4.200987
5.606413
5.417428
5.215515
5.2769146
4.696559
2.836846
4.3027773
4.268014
4.407963
3.4677074
3.522367
3.4026473
3.2777855
3.6237836
3.1765933
5.042239
5.294571
4.9988112
5.145741
5.0291386
5.151162
5.0713153
4.8895984
4.910078
4.7241406
4.4459167
4.340211
4.1897964
4.284513
4.26188
3.8563733
4.1024733
3.910626
3.8782444
4.0963373
4.087191
3.8494775
4.3636827
4.5912213
4.767068
4.833991
4.815656
4.667803
4.712224
5.0266333
5.4312706
4.92169
3.8844416
3.7762914
4.500776
4.159408
4.2817225
4.1183004
3.7125406
4.0715065
4.872469
3.961866
4.0119767
4.0393343
4.421537
3.7121506
4.2950053
4.400087
4.236759
3.7949731
4.121029
4.4313464
3.6268196
4.0385346
3.8256981
3.6101568
3.5889182
3.3483841
3.5802615
3.9125435
3.8640866
4.0704927
3.9906857
4.106992
3.9381735
4.212085
3.8242116
3.377355
3.98918
4.35295
4.8715377
5.163034
5.2912254
5.4006653
5.4428787
5.5828104
5.2542677
4.914999
4.7323856
4.7184806
4.67905
4.695224
4.5418425
4.487126
4.8407483
4.6772666
4.8093653
4.8436923
4.7840633
4.876092
4.941055
4.7959347
5.01869
4.8910856
4.9593477
4.7975087
4.7643633
4.7481685
4.867739
4.8159556
4.7034826
4.710842
5.0239315
5.032131
5.1021886
5.1974626
5.1664476
5.0490847
4.8962774
4.9370155
5.1917744
5.278096
5.097923
5.246747
5.391773
5.457069
5.51204
5.5929866
5.50247
5.4099364
5.38963
5.12163
5.1884594
5.004733
5.0797806
5.0086336
4.9733386
4.920452
5.2988873
5.108887
5.345947
5.4378934
5.3377376
5.298053
5.5694275
5.450451
5.303037
5.56514
5.5107317
5.4367523
5.2818246
5.2697086
5.2890525
5.185163
5.2587175
5.164618
5.2977667
5.4425774
5.216717
5.401019
5.432469
5.4653344
5.1161613
5.192028
5.044795
5.0459995
4.912868
4.93182
4.8921766
4.798811
4.8511133
4.8515253
4.78149
4.628549
4.89504
4.7584653
4.5892744
4.706302
4.573924
4.555062
4.410426
4.1454477
4.4831567
4.373167
4.3638086
4.1512346
4.029958
5.8826256
6.007657
6.0523086
6.122158
6.3210354
6.3403225
6.4357963
6.402962
6.42856
6.3250127
6.230052
6.2412615
6.1793785
6.2691274
6.183309
6.0736203
5.914315
5.8744993
5.699691
5.8453827
5.8871818
6.112364
5.9922915
5.8580966
5.9722757
5.9926357
6.1380243
6.2017984
6.3705797
6.392184
6.2630177
6.0139923
6.0440226
6.0325193
5.879543
6.1673346
6.066244
6.1693535
6.3350067
6.2358923
6.454698
6.227715
6.11872
6.056728
5.940034
6.321612
6.301309
6.2210684
6.232663
6.303806
6.1978397
6.1672144
6.079306
6.0396795
6.046213
6.1585007
6.418286
6.31694
6.0558186
6.022553
6.1348214
6.261862
6.517709
6.5484953
6.4609656
6.2255836
5.9838285
5.960484
5.9656343
5.9991107
5.0924096
4.486551
4.569803
4.6630244
4.4014635
4.29426
4.157872
4.3968306
4.5036783
4.183524
4.015647
4.3744645
4.914127
4.3581576
4.3154373
4.626668
4.558848
4.7665687
4.4907703
4.056484
4.1267915
3.7773776
3.8583276
4.0346036
3.9829714
4.053419
3.9773545
4.016987
4.1756964
4.2075834
4.337818
4.2441816
4.4399843
4.3218775
4.394779
3.9974527
3.488998
3.3919387
3.553749
3.5843334
3.7104623
3.655894
3.6200826
3.725535
3.7439876
3.990403
3.3607595
3.2739253
3.5258532
4.0195627
4.157789
4.6066856
4.493553
4.859376
5.3351436
4.8081036
5.621585
6.3215175
6.747614
6.8968754
6.723231
6.398956
6.9831023
6.960431
7.0983953
6.7377024
6.8827777
6.907785
6.800656
6.7175627
6.701647
6.4388375
6.4321203
6.570022
6.5997763
6.368024
5.908047
5.903484
5.9446535
6.128308
6.2885914
6.437585
6.396381
6.2633476
6.2567863
6.1456923
6.475939
6.5681963
6.1926365
6.5854864
6.191118
6.3931875
5.4799576
4.7375
4.4804335
4.1342015
4.0451803
4.2393723
4.6550975
4.292919
4.416581
4.1200037
4.050426
6.6092834
6.4897017
6.5520725
6.7631807
6.7603254
6.5750003
6.3756967
6.3840656
6.610804
6.5911574
5.9101877
5.441842
4.462674
3.9448643
4.2410536
4.2597785
3.3836503
3.575194
4.050443
4.151002
3.9034557
4.1991577
4.1328244
4.764756
4.0069175
4.2876134
4.106671
3.7179167
4.499626
5.073313
4.9474216
3.8753386
3.784902
3.8373463
3.860848
4.907335
4.7243714
5.3070135
4.664464
4.303466
4.045042
4.4953485
4.563275
4.1439795
4.3329678
4.8668833
4.6216445
4.8833175
4.5705853
4.3084464
4.0315347
3.8824406
4.0653005
4.3364973
4.8806233
4.841717
5.015755
5.5263395
5.803873
5.9198585
6.142601
6.6742187
7.053516
7.2669606
7.127365
6.791778
6.6767554
6.437889
6.7746406
6.9664407
6.986065
6.8088107
6.5772057
6.491364
6.39589
5.9316745
5.4211183
5.1532164
4.978153
4.5001273
4.4643774
4.634938
4.816722
4.777742
4.533145
3.998991
3.641299
3.1961982
3.6597216
3.584703
3.7870886
3.8200932
4.003078
4.489255
5.01618
4.587222
4.6026897
5.042392
6.2075186
6.1839333
5.940223
6.2554946
6.28373
6.286154
6.1618633
6.293689
6.3202057
6.2725987
6.2924323
6.2697997
6.0441294
5.967197
5.9119453
5.790139
5.7115493
5.940483
6.3692303
6.547439
6.556017
6.1714497
6.018401
5.7802258
5.3923492
5.4723673
5.705364
5.9997272
6.563967
6.6006565
6.7124305
6.954719
6.788093
6.591366
6.9146113
6.540514
5.3703837
5.861934
5.7865167
5.8613048
5.924505
5.500867
5.453538
5.517194
5.561078
5.297608
6.20722
6.578885
6.611783
6.8638406
6.6539335
6.479972
6.39476
6.243176
6.241131
5.978531
5.801794
5.618944
5.8890734
5.8406234
6.1056986
6.144913
6.183759
6.5023017
6.6498456
6.5207477
6.5585833
6.821576
6.8141055
7.2138543
7.277128
7.284539
7.195186
7.3076973
7.2760096
7.19897
7.32447
7.225963
7.298447
7.176538
7.2383604
6.9494724
7.114196
6.96557
6.966383
7.154237
6.9855757
7.4805956
7.3589926
7.434211
7.146196
6.989629
7.4824233
7.17268
6.8851614
4.3422837
6.871309
6.8057346
6.8617945
6.76206
6.7730694
6.659888
6.4689593
6.350275
6.1234217
6.0930753
6.0858026
5.960014
5.9210587
5.9571085
6.0290775
6.2543874
6.2658
6.135379
6.021556
6.3253593
6.594912
6.6102114
6.7032633
6.738991
6.710064
6.587032
6.6843014
6.6231165
6.495954
6.515472
6.560416
6.50016
6.4188094
6.4906845
6.3689766
6.451088
6.565659
6.749655
6.6822925
6.666789
6.6707764
6.879429
6.993108
7.0023475
7.155908
7.471393
7.61556
7.7073545
7.6885605
7.726065
7.6790333
7.4694896
7.5390573
7.3314943
7.233266
7.4898133
7.5335712
7.551329
7.4588823
7.5419774
7.280366
7.287934
7.2647533
7.3379483
7.121324
6.9641547
6.8777223
7.066593
6.893686
6.9652953
7.0353503
7.309425
7.3952312
7.1458254
7.0052476
6.6273966
6.4532795
6.597845
6.6799526
6.37674
6.2640877
6.391727
6.57316
6.1136055
6.013556
6.616623
6.645275
6.336118
6.420622
5.9945583
5.7083607
5.166699
5.1521845
5.102849
4.943096
5.0924664
4.9520497
4.838847
5.016928
4.830025
4.82657
4.6365657
4.5504713
4.680239
4.912808
4.7051954
4.8719044
4.814246
4.8907747
4.9163704
5.0203443
4.933261
5.4795113
5.4182568
5.436262
5.411067
5.3138247
5.5362453
5.2715387
5.6861744
5.943624
6.064992
6.0612698
6.0664597
6.064479
6.1972733
6.359865
6.3557034
6.6869364
6.453415
6.4660425
6.474368
6.3807597
6.3401346
6.259805
6.06083
6.020107
5.9366717
5.827879
5.6767435
5.6526446
5.5493336
5.517833
5.6003213
5.6199408
5.6733823
5.678938
5.6307197
5.553259
5.690884
5.585294
5.6390734
5.665702
5.619668
5.7754116
5.808721
5.684313
5.804496
5.851884
5.8205185
5.9080567
5.8716984
5.978569
5.7728972
5.808565
5.838696
5.7564883
5.8481402
5.9365134
6.1095657
6.220879
6.233761
6.3430614
6.6155934
6.7436275
6.890391
7.055936
7.025998
6.880932
6.524145
6.273564
6.19494
6.0685635
6.196842
6.329518
6.567222
6.5224457
6.915595
6.873749
7.1551504
7.1987543
7.1859884
7.219894
7.267418
7.4990797
7.533282
7.408542
7.6304274
7.6392527
7.679508
7.600513
8.057695
7.9638624
7.9578714
7.81531
7.7888722
7.734536
7.5742965
7.452209
7.6353655
7.2511263
6.7887406
6.574569
6.9119225
6.8356934
6.8010063
6.754906
6.5822988
6.4966607
6.4856114
6.5779743
6.4687104
6.598678
6.68806
6.4321218
6.0329237
6.0470915
5.6918325
4.584678
4.090323
4.269806
4.390767
3.6590862
5.1913586
3.862171
1.6774491
1.2955923
2.6112628
4.276468
6.9306445
7.0572186
3.6321137
4.3418503
4.7713127
5.0598965
4.7218204
4.9407253
5.22804
5.207293
5.1477275
5.194126
5.244795
5.3538294
5.2571945
5.3395243
5.159255
5.135992
4.9008408
5.01243
4.980939
4.742049
4.707162
4.7492256
4.610124
4.5481696
4.4016824
4.135259
4.0715194
4.000262
4.213759
4.3928037
4.6003847
4.3937583
4.544067
4.609764
4.4279985
4.48551
4.4393473
4.4021506
4.7306433
5.09173
4.3407736
4.001838
4.188301
4.7532735
5.6179566
5.4593053
4.1055083
4.1316023
4.0385766
4.325086
4.395353
4.3551817
6.0691447
5.669625
6.482635
6.563359
6.6981783
6.75701
6.8724113
7.0210495
7.366383
7.702224
7.8815265
7.9643373
7.7253027
7.565461
7.3030605
7.1811156
7.0166492
6.9260154
6.92932
7.0186996
7.012162
6.9909925
6.989695
6.435519
4.964446
4.73856
4.385425
4.0371714
4.3672037
4.5182266
4.5826373
4.683839
4.4417815
4.0736547
4.373586
5.024774
4.9451265
4.508977
4.5782585
4.481556
4.411344
4.724125
5.0434136
4.9068894
5.4990487
4.917025
3.9167855
3.686359
3.7090118
3.6526444
4.029828
4.2211876
3.7729645
3.987827
3.8053584
3.5683637
3.4418097
3.3932319
3.737656
3.669345
3.8618538
4.3878336
5.1137104
4.254715
4.197168
4.9333067
5.312647
4.5649996
2.9387393
2.689592
0.8979634
1.0708238
1.0459857
1.0976982
3.0934052
3.4721146
3.6351914
3.9084687
2.9964032
1.308689
6.1530085
4.8554916
5.8679514
5.9752088
3.7447736
3.4804196
4.068845
4.4631357
6.9606256
6.870324
6.6762943
6.7051992
6.7190194
6.797162
7.027156
7.2802935
7.1253576
6.806855
6.331724
4.836704
4.2721195
3.6709886
2.9868956
2.7341344
2.7255177
2.6522338
2.7762833
2.7942114
3.0502772
3.0354676
3.306371
3.884701
4.503055
5.0184464
6.2612214
7.0573535
7.129031
7.065284
6.964071
6.704125
6.6852446
6.5293984
6.5795894
6.46589
6.471457
6.431417
6.4239902
6.3002634
6.218173
6.517953
6.478348
6.4056735
6.5083714
6.6108437
6.494411
6.620064
6.6816983
6.700379
6.750788
6.7092743
6.780514
6.8357368
6.9565206
7.1584063
7.384796
7.4521933
7.4977818
7.53084
7.5687294
7.629044
7.6088495
7.579876
7.5090003
7.528755
7.558266
7.550274
7.469908
7.574859
7.593299
7.5124903
7.4525704
7.393479
7.302285
7.1942997
7.0849752
6.9994917
6.9440536
6.9239354
6.858863
6.7801003
6.7235413
6.6857786
6.631366
6.6044607
6.5078044
6.460042
6.447844
6.4254866
6.4609594
6.5353584
6.5985174
6.612828
6.582769
6.5558205
6.597978
6.5845838
6.592567
6.689107
6.715013
6.813749
6.8912416
7.09211
7.1785965
7.2488465
7.3407593
7.355853
7.5135374
7.4519253
7.054566
7.0065126
7.041054
7.115558
7.1333294
7.1234574
6.922244
6.6267996
6.8174353
6.6256566
6.417571
6.459032
6.38984
6.427234
6.3319817
6.3676276
6.3163114
6.265001
6.2045064
6.228351
6.22114
6.4410005
6.375359
6.5965233
6.6302204
6.70972
6.8653812
6.924051
7.055364
7.196324
7.1518006
7.1676226
7.2405896
7.2561564
7.3175287
7.2955265
7.2663794
7.1776686
7.1550903
7.178214
7.217206
7.264907
7.1045113
7.085801
6.952628
6.783775
6.8243165
6.5039153
6.433413
6.1002264
5.824866
5.572648
5.5997677
5.480091
5.6026735
5.888353
5.980022
5.9338965
6.044292
5.848721
5.83494
5.7591095
5.6249967
5.5405774
5.6623473
5.708107
5.8050833
5.9042315
5.960793
5.980941
5.893032
5.897722
5.887987
5.873593
5.986345
5.981121
6.1577764
6.2615576
6.3551474
6.453619
6.50959
6.5881248
6.8201256
7.0045004
7.0755053
7.148485
7.446017
7.5958934
7.5033684
7.505639
6.6677303
6.1021934
6.05865
6.569474
7.1080947
7.351689
7.120783
7.668892
7.769506
7.8007708
7.721814
7.5346456
7.209887
6.7731295
6.332328
6.0676513
5.598103
5.2386312
5.1476083
5.010118
4.8692884
5.167337
5.4940214
6.190561
6.603201
6.9297857
7.0015025
6.9835806
7.192509
7.1707745
7.1770554
7.238015
6.892356
7.0397406
7.1937323
6.845575
6.9404745
6.9535704
6.9312963
6.7502007
6.7812524
6.739741
6.900116
7.0953145
7.183718
7.2541227
7.3062754
7.0685883
7.171461
7.1691628
7.2911367
6.994933
7.2305856
7.143541
6.7941685
6.8112874
6.911439
6.496045
6.5773897
6.3540263
6.533196
6.438425
6.6677485
6.9866533
6.8428116
6.696595
6.5794115
6.659159
6.600327
6.4798737
6.5188637
5.984379
5.5475693
4.9263253
5.863641
6.5305343
6.4573474
5.310541
4.5708113
4.016679
4.283252
4.387513
4.6864266
4.7416434
4.924417
5.048345
5.0597215
5.069933
5.303854
5.380503
5.561908
5.653553
5.813444
5.749299
5.7564735
5.6189685
5.7095423
5.7367244
5.8662205
5.944132
5.786882
5.857497
5.7619414
5.669944
5.7542515
5.7726793
5.741822
5.806945
5.915604
5.745554
5.4685926
5.1778855
4.3034415
3.8373287
5.2274547
5.4562817
5.6323147
5.5085416
5.630223
5.469914
5.4424024
4.9082003
3.382379
1.1289489
3.010981
2.9464703
3.1154244
1.484028
1.6739278
2.7980165
2.8646517
3.6222894
6.1837697
6.0108047
5.4601803
5.416545
5.3014235
4.9388485
4.678761
4.586467
4.4909296
4.1957884
4.44672
4.360536
4.5957446
4.4592934
4.9562116
5.3982873
5.5741105
5.472721
5.253342
5.0072055
5.126674
5.0585575
5.21975
5.4001503
5.772803
5.8958287
5.8300657
4.3209963
4.6779356
5.945079
5.0292187
4.68935
4.4087543
4.371416
4.4789834
4.3860373
4.3654175
4.468261
4.550626
5.909917
4.435008
4.601294
4.5775075
4.9393425
5.157684
5.0283227
4.7299533
4.919186
4.9238644
4.6493144
4.1324835
3.706154
3.556728
4.2027655
4.0528765
4.349685
4.545083
4.9519386
5.525908
5.9180546
6.137606
6.2497845
6.223542
6.0944495
6.039215
5.8750443
5.8211093
5.7654634
5.730151
5.581476
5.4985466
5.582899
5.8327894
6.1150455
6.2237854
6.357172
6.2277565
6.2440286
6.3965263
6.442053
6.3350177
6.4462857
6.5369816
6.396274
6.3248053
6.2076664
6.1898346
6.279137
6.291135
6.2153006
6.124449
6.2437897
6.2316203
6.300482
6.404635
6.349521
6.287599
6.363116
6.405582
6.4474773
6.411889
6.344447
6.29427
6.2304163
6.0757427
6.0382247
5.9968376
6.048811
6.321541
6.5023866
6.5002775
6.4609427
6.57543
6.452886
6.5569954
6.4130163
6.30825
6.333602
6.3726234
6.4217815
6.404643
6.1655345
6.197032
6.2276707
6.3132977
6.2950425
6.3242855
6.5211945
6.9226375
6.7280936
6.8768625
6.9335084
6.9013567
6.858224
6.682505
6.8755174
6.651263
6.761112
6.7405386
6.700203
6.663312
6.6281033
6.7071357
6.74783
6.8500423
6.9190345
6.981481
7.007382
6.9218926
6.866019
6.7133427
6.55178
6.535639
6.526845
5.890378
5.377719
5.426623
5.4770374
5.5030994
5.628278
5.7221127
5.6061573
5.794834
6.1723027
6.659419
7.1399794
6.897986
6.5992184
6.5606794
6.5169277
6.611317
6.85614
6.8947797
6.9396257
6.804224
6.7665634
6.6488895
6.7352977
6.7570972
6.5335374
6.5988536
6.647008
6.6968904
6.815217
6.963567
6.79016
6.6239176
6.49338
6.669949
6.7758865
6.8745766
6.885434
7.1793833
6.4555707
5.931221
6.137748
6.2029405
5.9718275
5.7814097
5.283725
4.2743344
3.3482833
2.821539
2.8337111
2.876481
3.1277242
3.2688
3.2998872
4.0143743
5.1150646
6.150875
6.6847153
6.8087587
7.4945874
7.136208
6.877281
6.3018
6.559895
7.1828346
7.4787335
7.6780033
7.540928
7.539139
7.3041453
7.2488217
7.614908
7.362732
6.940605
6.9284678
7.04938
6.957907
7.091069
7.133841
6.9656014
6.849647
6.7075577
6.722628
6.853802
6.684544
6.453926
6.4723735
6.100053
6.107342
5.84613
5.5767145
5.3100004
5.0464263
4.891955
4.7861066
4.204179
4.1657057
4.0316
4.17519
4.0953403
3.8757446
4.23648
4.49688
4.0609245
4.196671
4.079774
4.064512
3.8472815
3.6500626
3.769656
3.5180733
3.0891898
3.3619275
3.1795316
1.7483416
3.69591
4.3096895
4.243098
5.199958
5.003823
4.788324
4.1270695
3.8806334
4.296408
4.0273294
4.349122
4.8216267
5.373127
2.702461
2.6272926
3.3754132
5.302473
4.811356
3.5954185
4.149644
5.2599497
4.3499146
3.2212024
2.7832952
1.4587766
1.4861414
2.652283
2.8531454
2.904109
2.5478408
2.4324586
2.0299287
0.653438
0.3785721
0.31976572
0.34170574
0.32475263
0.3683344
0.36339977
0.3292477
0.3026179
0.2803419
0.89362735
0.94848543
0.29378647
0.21740149
0.2966649
0.2759585
0.2728594
0.51843363
0.1862092
0.25869823
0.34761786
0.59458846
0.7494916
0.32456738
0.8667141
1.9956278
1.0876629
1.4873612
1.5462205
1.7159135
1.0492394
1.2187425
1.4311103
1.5660186
1.4796441
1.6114764
1.1958896
0.4483985
0.47259876
0.5332669
0.6048024
0.43063954
0.3155138
0.3118605
0.37599975
0.7257099
1.182627
2.5000253
1.8082747
3.0113583
4.002271
4.408546
4.3593464
4.4015117
4.300309
4.18242
4.2087574
4.116482
4.114431
4.102615
4.0276566
4.0530224
4.160656
4.2492857
4.031257
4.1266975
4.188707
4.2202296
4.272446
4.1427026
4.190409
4.162467
4.088796
4.1069837
4.141441
4.058293
4.261627
4.151897
4.2724247
4.0209813
4.2733502
3.8393803
4.417031
3.7652712
3.6050808
4.047813
3.7432919
3.4340146
3.4296646
3.516443
3.8545864
3.7675872
3.7783847
4.5944204
4.885259
4.800633
4.7908134
4.4583035
4.091529
4.124768
3.7016551
3.6680923
5.2571964
2.7635832
2.884172
2.8381011
2.9754384
3.3006954
2.974223
2.7539713
3.0093822
3.0455327
3.0638266
3.0607738
2.9088573
2.8272796
4.149787
3.849719
3.7027655
3.558978
3.5272112
3.459823
3.4358356
3.3755286
3.7248275
3.946845
3.8731048
3.7073262
3.5270162
3.092916
5.9249945
5.94628
6.161743
6.1343713
6.6276994
6.607083
6.76759
6.9444814
7.031386
6.9749303
6.8186655
6.697622
6.6867857
6.5411153
6.468792
6.6331267
6.8578978
6.7676716
6.631728
6.7123957
6.7590847
6.611898
6.5432096
6.368691
6.0308695
5.59302
5.167324
4.754914
4.166844
4.243267
4.3529243
4.3879614
4.1871333
3.9361272
4.2865863
4.2850056
4.2397337
4.092843
4.127174
4.1467743
4.107055
4.2627187
4.1938305
4.0858064
4.2377434
4.773019
4.557278
4.448082
4.4500422
4.68948
4.992889
4.8357143
4.5138903
4.3243413
4.321453
4.4174867
4.316405
4.249873
4.357509
4.5253515
4.293734
4.209653
4.037289
3.7910008
4.1487374
5.1310687
4.913209
4.5632577
4.601219
4.555832
4.48855
4.659908
4.9756284
5.151475
5.0416894
4.898515
4.6819744
4.915889
4.5484033
4.3140497
4.3903036
4.0957494
3.375323
3.3437026
3.2907805
3.3671322
3.7340188
3.777065
3.8362665
3.7866426
4.067086
4.385286
4.7717557
5.1267347
5.4059997
5.322461
5.462253
5.67616
5.448898
5.2832775
5.1739388
5.158617
5.7077417
5.901108
6.087392
6.398015
6.48087
6.360453
6.2683144
6.1104703
5.82971
5.5891514
5.555397
5.4749575
5.3349133
5.2935863
5.201882
5.625185
5.648232
5.621635
5.7014055
5.673958
5.8307014
5.853343
5.919976
6.0876884
6.4059505
6.510195
6.698827
6.936409
6.9156137
6.748003
6.5557647
6.5987177
6.3759704
5.984499
5.933081
5.974775
6.2117496
6.2183447
6.0637145
6.1052685
6.244881
6.582331
6.7431765
6.7594604
6.6359277
6.5975275
6.455128
6.4803433
6.475436
6.546535
6.6536922
6.769396
6.6765823
6.726362
6.693431
6.4591923
6.158202
6.0876355
6.2646365
6.1703076
6.360482
5.8202567
5.7079144
5.5540433
4.839758
5.74595
5.1637974
5.6040726
6.2837033
6.054099
5.2746754
5.5930696
5.7347302
5.693676
6.150092
5.913777
6.151908
6.311932
6.344578
6.9497538
6.912794
7.273493
7.6458216
7.805443
7.676756
7.8757105
7.9036846
8.024237
7.993605
7.249717
6.649147
6.497795
6.601426
7.0589666
6.7177563
6.591137
6.8377857
7.045838
7.3441715
7.838125
7.7225094
7.821085
7.745315
7.5861444
7.3499336
7.0052333
7.2473416
7.360563
7.353058
7.2668095
7.028832
6.930567
7.2735868
7.213355
7.243039
7.329904
7.3626213
7.3330317
7.543233
7.661389
7.695342
7.832991
7.8092036
7.80921
7.617707
7.487466
7.466633
7.451644
7.335903
7.244554
7.1087933
7.307414
7.2176275
7.2248306
7.3325653
7.4233837
7.188402
6.6755853
6.3329363
6.5252824
6.4452686
6.540498
7.0217896
6.853964
6.724813
6.700072
6.619912
6.5578823
6.5249186
6.637829
6.696853
6.750371
6.949155
6.925434
6.779176
6.9357452
6.892868
7.145353
7.1793246
6.9284854
6.8569736
6.7751484
6.964053
7.2194405
7.2208953
7.271493
7.423121
7.3871007
7.5818024
7.4963646
7.6150084
7.368597
7.321132
7.428118
7.316218
7.22343
7.1204753
6.9634247
6.7975082
6.656111
6.616021
6.7500157
6.66694
6.7151914
6.648612
6.5602894
6.4745474
6.289055
6.3351583
6.335978
6.148444
6.247178
6.3882046
6.3169675
6.295659
6.247867
6.175344
6.29683
6.181373
6.1141143
6.0464373
6.041502
5.9250956
6.000991
6.0479093
5.983123
6.015125
5.936426
6.041499
6.110446
6.174975
6.0371656
6.236468
6.137701
6.1368284
6.3771434
6.314551
6.522394
6.489316
6.694812
6.6953206
6.7429256
6.8123846
6.8387527
6.868397
6.9479084
7.1244392
7.296027
7.472061
7.5472174
7.617074
7.5321913
7.3105903
7.307249
7.6355634
7.2914553
7.251441
7.188469
7.195593
7.109891
6.8206663
6.952399
6.871414
6.7936893
6.7934895
6.8852577
6.965403
6.950387
6.8640456
6.8181763
6.703439
6.503476
6.3805885
6.5238686
6.4569297
6.460915
6.4248557
6.3372717
6.336405
6.2823515
6.455437
6.410165
6.367258
6.460467
6.716633
7.08515
7.121769
7.0415163
7.175203
7.289213
7.348036
7.4019313
7.578385
7.617877
7.4704404
7.5393553
7.6065874
7.767662
7.8120437
7.764267
7.8205724
7.7246637
7.538402
7.1655345
6.91726
6.7261105
6.6531568
6.556326
6.3302555
6.2681713
6.059506
5.9362063
5.9163237
5.9408345
5.9508767
5.899338
5.8006673
5.767562
5.7385216
5.8148375
5.968726
5.9171143
6.078455
6.1547165
6.2182064
6.200668
6.258786
6.295853
6.4648848
6.6565313
6.7753115
7.080091
7.425561
7.588518
7.83288
8.004214
8.116873
8.15406
7.9585147
8.01348
8.078143
7.8426595
7.817962
7.736944
7.647376
7.561259
7.4824324
7.3426814
7.400349
7.459694
7.454851
7.383055
7.43663
7.498119
7.2692137
7.1698627
7.133681
7.243625
7.182484
7.198755
7.209857
7.1439133
7.1789403
7.290419
7.4098706
7.7547884
7.752382
7.777313
7.7934356
7.7503147
7.7021027
7.710838
7.8947234
8.094579
8.174156
8.204262
8.092739
8.107898
