10000
9.850392
9.834004
9.781635
9.811677
9.7610035
9.795613
9.768841
9.749017
9.727222
9.619955
9.579202
9.557491
9.541714
9.457357
9.482418
9.415568
9.435224
9.337264
9.244602
9.211872
9.222782
9.252193
9.12878
9.021336
9.119467
9.085714
9.109679
9.015251
8.935065
8.921269
8.812565
8.814433
8.709362
8.709788
8.61178
8.611261
8.502571
8.384771
8.29703
8.351715
8.370023
8.199541
8.098946
8.054509
8.044456
7.8905125
7.771796
7.81424
7.6150723
7.5381684
7.2743077
7.49338
7.326029
7.1523037
7.072179
7.0066657
6.989273
6.852385
6.943247
6.9542956
7.0361986
7.0026145
6.938288
6.7834086
6.9441376
6.8473673
6.8262243
6.8506455
6.888277
6.9564824
6.9353724
7.0067015
6.9569793
6.947167
6.9962564
6.9774323
7.107663
6.9904814
7.06021
6.7971735
7.0493073
6.896057
6.978156
6.8513336
7.0033755
6.8444934
6.901955
7.0258737
6.9566875
6.9578342
6.97203
7.2307773
7.404481
7.3989596
7.489988
7.5618453
7.587149
7.8339453
7.9482636
8.242159
8.1588545
8.207
8.181298
8.037825
8.087455
8.237847
8.299722
8.274
8.230124
8.501688
8.40142
8.329023
8.29901
8.22652
8.176739
8.121184
8.114642
8.191563
8.134729
8.111654
8.052053
7.9738665
7.910308
8.0492325
7.981401
7.9749002
7.9824367
7.903738
7.8546286
7.780132
7.747732
7.652409
7.5950775
7.6482034
7.562375
7.585558
7.503616
7.6156864
7.5594764
7.5624156
7.608708
7.5901856
7.5495377
7.566097
7.499954
7.579872
7.5279355
7.5573177
7.6088777
7.542712
7.502846
7.608967
7.493304
7.494608
7.416248
7.4115477
7.3931913
7.41453
7.2804747
7.3267946
7.3719716
7.3361893
7.299019
7.3927608
7.3205404
7.2605524
7.2604785
7.3403487
7.353625
7.33741
7.3711634
7.398384
7.5080333
7.5380845
7.3175683
7.3882527
7.3026824
7.273336
7.316128
7.265241
7.1658883
7.126551
7.1135774
7.1236606
7.033037
7.104384
7.1020274
7.086526
7.120714
7.0118585
7.185235
7.049937
7.0182667
6.9167895
6.8716035
6.793682
6.7778425
6.6733427
6.5288577
6.8846793
6.5979404
6.6964145
6.555135
6.5691137
6.558256
6.3647876
6.3664255
6.4119086
6.386774
6.2508187
6.3356295
6.2548747
6.528107
6.4314528
6.59619
6.2228584
6.461386
6.603688
6.6269035
6.6941066
6.5027957
6.6580596
6.532189
6.827065
6.6963644
6.724175
6.484293
6.7938128
6.591708
6.7719355
6.73388
6.691484
6.657726
6.672531
6.7079577
6.696949
6.627204
6.5595837
6.67133
6.70453
6.5677805
6.641847
6.453727
6.7419667
6.6341352
6.849808
6.4766264
6.860158
6.790824
6.7329054
6.7397165
6.3657236
6.6584253
6.5487847
6.554832
6.5044246
6.602539
6.5628824
6.754585
6.7431736
6.554921
6.505501
6.6857834
6.613839
6.7162766
6.6356554
6.594392
6.7598057
6.789708
6.631434
6.7004457
6.6812534
6.633329
6.568431
6.6785026
6.467559
6.6161304
6.8178763
6.682851
6.5834355
6.7315216
6.723791
6.6639786
6.646203
6.5357795
6.633921
6.511619
6.700563
6.692313
6.60761
6.560719
6.567685
6.4546328
6.439057
6.6363535
6.2813134
6.4287577
6.506758
6.317188
6.427635
6.257945
6.342983
6.4504566
6.1573515
6.3104773
6.153952
6.641978
6.3907566
6.4700546
6.303385
6.6606655
6.5185738
6.473576
6.497548
6.258552
6.4734316
6.7110157
6.4366994
6.59923
6.4748034
6.5614395
6.4535513
6.6276393
6.5685797
6.616345
6.5250626
6.4800587
6.4790773
6.50061
6.423932
6.454634
6.3941603
6.5014324
6.2493544
6.490845
6.5130014
6.400222
6.2899184
6.1802616
6.2291117
6.309843
6.2023044
6.169404
6.2091136
6.0950217
6.467045
6.389221
6.322729
6.2937956
6.3286676
6.2985945
6.3649044
6.406436
6.2409267
6.375179
6.5147386
6.4084425
6.5686193
6.6497283
6.5338316
6.5088625
6.663344
6.740688
6.673898
6.8524837
6.8975058
6.7926993
6.807462
6.8766875
6.8724375
6.951466
6.9243364
6.9171653
7.0031605
7.087825
6.960457
7.0763316
6.9266696
7.0231915
6.8002176
6.8854823
6.824524
6.786661
6.76985
6.741099
6.84921
6.8288045
6.7495027
6.8083615
6.8243437
6.80327
6.7817807
6.7161164
6.625927
6.633993
6.516892
6.6924176
6.6480365
6.5517626
6.461788
6.641041
6.5998635
6.4469
6.471022
6.4463377
6.327606
6.427025
6.60915
6.58291
6.54264
6.4912443
6.6556396
6.542487
6.577346
6.645658
6.544669
6.7359524
6.63521
6.786992
6.7163525
6.682888
6.662528
6.748143
6.6595945
6.5169425
6.641965
6.55413
6.6746325
6.598747
6.7917147
6.710687
6.6904125
6.691365
6.935422
6.860836
6.7370114
6.7484374
6.7387524
7.02922
6.8948994
6.889372
6.8235955
6.892168
6.9043827
6.8420405
6.8368044
6.9431725
6.9236526
7.0334134
7.063174
6.9973435
6.8292513
6.9203796
6.9771166
6.78263
6.820922
6.906495
6.875872
6.8014965
6.840626
6.815434
6.853053
6.7968187
6.8491507
6.9315343
6.9075165
6.774244
6.7183967
6.937288
6.7444854
6.657613
6.904565
6.782534
6.853641
6.728912
6.8287773
6.9646206
6.902296
6.7225432
6.7461267
6.777143
6.937844
6.7520742
6.9538503
6.7819047
6.859935
6.9346786
6.9445124
6.9410553
6.8694167
7.0439153
6.963017
7.0671544
6.927539
7.0270185
7.0031395
7.229905
7.160038
7.396742
7.419439
7.2168612
7.1598783
7.351625
7.32015
7.274106
7.2705717
7.3862576
7.374875
7.4480915
7.577099
7.3783045
7.3882833
7.2774553
7.2866993
7.2286825
7.3616757
7.3686023
7.309062
7.42164
7.1293497
7.37931
7.3723636
7.1088004
7.1443114
7.127078
7.073373
6.9850297
7.0105133
6.9981427
6.8666444
6.9908347
6.855442
6.953994
6.9685125
7.022926
6.840465
7.099671
6.8775873
6.8707952
6.8477826
6.912035
6.79318
6.8578467
6.8324533
6.9461894
6.840786
6.8546085
6.9151917
6.919508
6.779665
6.7892966
6.779856
7.0252457
6.8820252
6.8725677
6.754686
6.886015
6.8113766
7.089882
6.8772073
7.134111
6.9231973
7.1255684
7.0868425
7.004288
7.02906
6.9605093
7.0674405
7.0813284
7.0971174
7.3758445
7.1903453
7.4080167
7.2445917
7.4298744
7.453435
7.475252
7.339891
7.3783426
7.4167867
7.515856
7.4050183
7.4294724
7.320533
7.1751075
7.454435
7.4590807
7.280027
7.3113327
7.2772827
7.117805
7.1368566
7.249474
7.245372
7.4114437
7.2439814
7.176524
6.9800415
6.878643
6.974096
6.9161654
7.0649548
7.0417514
6.905394
6.8316545
6.780411
6.7193217
6.8117766
6.7681394
6.7809563
6.68999
6.7396774
6.8241324
6.792995
6.8596506
6.852605
6.845946
6.8185563
7.0075493
6.775658
6.9779334
6.785156
6.8762746
6.80714
6.9331217
6.9522815
6.9194765
6.9368935
6.963085
7.082382
6.932566
7.047813
6.920266
6.8694506
7.1160316
6.98594
7.063644
7.1504974
6.890184
7.0617
7.341801
7.1655912
7.2679734
7.1418896
7.13725
7.2652817
7.106325
7.3147893
7.378208
7.3907404
7.277175
7.1199403
7.5118556
7.370528
7.2981577
7.3171234
7.5402265
7.2499404
7.319253
7.2926974
7.6181536
7.1995087
7.32125
7.2474747
7.2882957
7.242788
7.3045354
7.344238
7.425253
7.358129
7.1601834
7.2998323
7.1547275
7.112932
7.103403
7.082431
6.9768395
6.8647685
7.0445457
6.944134
6.891759
6.8665724
6.8131514
6.8657484
6.913494
6.8689256
6.801239
6.8153577
6.8967404
6.6869307
6.6518035
6.872664
6.948004
6.917369
6.8313336
6.9601364
6.661037
6.9080396
6.8958073
7.012829
6.769884
6.848078
7.0449905
6.9524264
6.9538946
6.919541
7.0206385
6.9749846
6.892413
7.097935
6.733898
7.0849247
7.0516844
7.0250373
7.211625
6.8626084
7.227332
7.2005706
7.229328
7.027586
7.1515083
7.0694585
7.1149817
7.1694303
7.1429777
7.327431
7.235257
7.369294
7.336742
7.4265685
7.465803
7.4152107
7.2556143
7.302772
7.283773
7.2323437
7.2632675
7.332303
7.320846
7.2742386
7.1907835
7.117364
7.14493
7.147144
7.1824546
7.0362177
7.2956347
7.1338725
7.1257777
6.993887
7.1021986
6.999108
7.0956993
7.054028
6.988641
6.8507266
7.0157323
6.909389
6.881875
6.922392
6.841224
6.7704945
6.913711
6.767346
6.869971
6.860562
6.922254
7.0444875
7.0584307
6.7757607
6.9827843
7.1613507
7.0768156
7.000266
6.9533157
6.5279155
6.509004
6.784836
6.6141677
6.1012416
5.8038297
5.5217566
5.132126
5.3545685
4.754301
4.5038557
4.098826
3.9146414
3.730824
4.13954
4.2152615
4.172141
4.1906905
4.141279
4.0471606
4.1810822
4.016368
3.8998234
3.9385426
3.9150429
3.979451
3.730116
3.916164
3.8331895
3.818638
4.0428667
3.8517175
3.9210367
4.1462727
4.097007
4.166901
4.1434317
3.9460714
4.0184
4.119506
4.8145494
5.8591537
6.0071297
5.855094
5.5778284
5.4086285
5.553012
5.817219
5.776287
6.4779425
6.6368093
6.973525
6.6936746
6.7039347
6.8550124
6.954491
6.783764
6.855652
6.838134
6.804855
6.8258734
6.969741
6.9582143
6.993538
6.9353967
7.337291
7.063489
7.2648177
7.1534753
7.004158
7.1893773
7.0448966
7.152677
7.0891337
7.05456
7.142403
7.173514
6.928007
7.0811114
7.105587
6.9194126
7.130838
6.88722
7.098484
7.377488
7.278284
7.3152003
7.317631
7.213928
7.4521646
7.313908
7.0341816
7.522119
7.403749
7.460609
7.6388626
7.589359
7.6088924
7.573093
7.503297
7.614749
7.588025
7.438845
7.530823
7.5420213
7.6651993
7.40147
7.682627
7.458864
7.418587
7.73359
7.3959026
7.3141036
7.6369205
7.435563
7.5154953
7.357406
7.2907066
7.2596016
7.414085
7.1947403
7.2250915
7.2441964
7.4224033
7.4466124
7.1582136
7.2752585
7.301032
7.2902937
7.416505
7.373474
7.406947
7.2410064
7.2704678
7.215626
7.6324015
7.4649563
7.360187
7.5927215
7.450113
7.495137
7.5223317
7.5436487
7.3098297
7.5006304
7.4195333
7.641711
7.3798294
7.58302
7.3638525
7.450728
7.5845804
7.739813
7.525031
7.8215065
7.7426925
7.825968
7.6301227
7.876475
7.894512
7.693025
7.779355
7.6902213
7.6246667
7.630335
7.601433
7.565722
7.3560967
7.6938014
7.534667
7.590396
7.547412
7.5037465
7.4232426
7.5539665
7.467816
7.3236446
7.3543825
7.317031
7.2776804
7.2739596
7.496786
7.318822
7.0761895
7.4620705
7.2135878
7.384652
7.4732976
7.302343
7.346253
7.3821807
7.323661
7.205503
7.4492025
7.230328
7.294427
7.3440804
7.3228774
7.405713
7.4320726
7.536433
7.474002
7.4904394
7.600931
7.6572433
7.5700173
7.4483275
7.46953
7.6641517
7.709437
7.965603
7.7518125
7.7834363
7.7438803
7.8309546
7.7952924
7.691828
7.8965564
7.752809
7.6737223
7.6040263
7.5525084
7.3694196
7.6115913
7.6653366
7.581044
7.6884327
7.5248876
7.48664
7.4789405
7.452035
7.469544
7.2600827
7.3993883
7.352168
7.3673677
7.3763447
7.463416
7.438935
7.443172
7.4450374
7.510853
7.6646395
7.420231
7.412944
7.476845
7.477126
7.618395
7.5475597
7.6179175
7.665655
7.7126517
7.8869996
7.798876
7.819332
7.7576737
7.6732106
7.7483654
7.849282
7.847926
7.7538376
7.9918146
7.8012977
7.793997
7.8973093
7.653873
7.7057905
7.769484
7.5830593
7.751106
7.5205874
7.661214
7.655324
7.6604986
7.6056347
7.428215
7.6179037
7.6061506
7.3709974
7.3540244
7.4899745
7.2638035
7.496906
7.3193407
7.2491226
7.448847
7.4008393
7.3616447
7.334807
7.316573
7.2969794
7.5084314
7.543501
7.3345814
7.5023365
7.700798
7.6617775
7.7776475
7.666976
7.736644
7.7499466
7.9232
7.70204
7.9174542
7.781544
7.964527
7.81408
7.9063406
7.7090955
7.5714483
7.850914
7.752732
7.474259
7.6634994
7.558082
7.7034793
7.5793347
7.4190283
7.50571
7.4220505
7.4309983
7.327644
7.4781365
7.665924
7.397995
7.5433173
7.4007487
7.4204307
7.4314
7.3706007
7.423482
7.4291506
7.3114004
7.4817257
7.2908072
7.357072
7.551098
7.5741525
7.674995
7.6674376
7.613632
7.5538077
7.779275
7.997578
7.9661202
8.009442
7.92255
7.887176
7.8815084
7.822413
7.8738317
7.995944
7.8408937
7.917585
7.709422
7.7532396
7.6565514
7.6910977
7.562327
7.443641
7.4581585
7.4520364
7.5080395
7.40963
7.3187194
7.255118
7.305726
7.348613
7.2490883
7.363158
7.226027
7.342713
7.1821327
7.426962
7.4190636
7.3311253
7.257741
7.5409575
7.497232
7.6072197
7.7067738
7.526098
7.624613
7.753849
7.6066713
7.506673
7.825371
7.712734
7.548669
7.7481008
7.621305
7.54523
7.584182
7.4774556
7.5778847
7.4638853
7.4069605
7.4450393
7.0989175
7.3361487
7.1003504
7.195631
7.0648003
7.3614626
7.2864294
7.299169
7.037768
7.0883985
7.1016974
7.1562667
7.043337
7.3766627
7.3988786
7.2937684
7.3966684
7.3631063
7.4660254
7.5312233
7.422174
7.568063
7.5189085
7.248886
7.599188
7.461791
7.730228
7.544117
7.7131166
7.7651186
7.5688224
7.600962
7.548003
7.6854973
7.5816636
7.623174
7.3202972
7.3779416
7.5961366
7.220176
6.9619036
7.418946
7.2731237
7.0077043
7.0520573
7.040106
6.662812
7.1037226
7.0519476
6.992587
6.919406
6.8968153
6.971238
7.0111227
7.044111
7.029985
7.0904174
7.095493
7.132614
7.299652
7.1328626
7.2109976
7.5449266
7.415222
7.6689167
7.5113773
7.6234736
7.7407126
7.583102
7.1214147
7.353856
7.2984376
7.114273
7.4357433
7.4159174
7.0967627
7.1888037
7.114491
7.20524
7.077858
7.0326886
7.2739034
7.21726
6.913769
6.7917376
7.040974
7.1006713
7.0914507
6.7387323
7.005319
6.872412
6.8242555
7.152559
6.8640494
7.1253595
7.050035
6.815941
6.829176
7.146289
7.1398797
7.3159432
7.23096
7.354825
7.568218
7.4682016
7.5661016
7.273698
7.5252905
7.0796657
7.1696234
7.3947206
7.370105
7.441463
7.151557
7.1798034
7.1478577
7.1921086
7.178317
7.38233
7.173012
6.806264
6.8720803
6.622981
6.7065988
6.624345
6.792813
6.8104897
6.7682705
6.630727
6.755648
6.656429
6.6928225
6.72064
6.7869186
6.902663
7.2702727
7.0521984
7.0518913
7.0830555
7.159859
7.0186105
7.076686
7.022514
7.0368304
6.9253945
7.034028
7.037589
6.6797533
6.7574267
6.750732
7.14655
6.7574253
6.6766033
6.8113675
6.715935
6.5822177
6.4123263
6.546083
6.557616
6.4986606
6.533778
6.4024787
6.6995378
6.7496195
6.386186
6.540134
6.5766816
6.616879
6.7352524
6.7540393
6.663268
6.8102
6.937869
6.9114695
6.9168887
6.9669957
7.0657105
6.6111155
6.7930727
6.7555604
6.5490484
6.5494504
6.563256
6.805771
6.6019106
6.3901663
6.726455
6.7566476
6.3071423
6.424448
6.4761424
6.305599
6.268815
6.213389
6.3745017
6.3332186
6.0560937
5.9738526
6.1102514
6.366795
6.286173
6.0568566
6.286291
6.30959
6.0209146
6.285877
6.0371585
6.0916815
6.1962967
6.483137
6.258665
6.2885294
6.054401
6.277276
6.376976
6.23294
6.343409
6.3021913
6.437536
6.1562376
6.1857014
6.346543
6.0972986
6.141057
6.3832254
6.113829
6.239958
6.162949
6.308537
6.2234473
6.2127733
6.273717
6.2857513
6.15549
6.006425
6.114725
5.990695
5.865964
5.926975
6.128474
5.709869
5.9065485
5.9106536
5.834948
5.723349
5.74514
5.791267
5.7598352
5.9882565
5.784003
5.72931
6.041252
5.829612
5.801373
6.105178
6.3291125
6.0619235
6.0544567
6.094547
6.2415533
6.1254215
6.2003417
6.143938
6.047945
6.0014954
6.290473
6.211691
6.2379756
6.3444033
6.437377
6.1430416
6.177953
6.148931
6.3056026
6.4792795
6.280747
6.562974
6.489492
6.4435925
6.450869
6.5520177
6.4293275
6.391789
6.3626256
6.29483
6.447814
6.4546294
6.6279616
6.445073
6.479685
6.357191
6.263404
6.48453
6.372583
6.626103
6.613822
6.467364
6.567242
6.4211173
6.728252
6.335596
6.3862553
6.4814987
6.1709948
6.1577764
6.21982
6.2910647
6.4213414
6.6187234
6.385429
6.4571753
6.5065975
6.3623652
6.481769
6.322125
6.586387
6.269421
6.363612
6.496618
6.404052
6.3898687
6.4885225
6.0974536
6.280838
6.4281545
6.4522614
6.5411973
6.6897893
6.633286
6.4785
6.4315367
6.7551565
6.69512
6.5875096
6.7228966
6.852017
6.59858
6.8698754
6.6062384
6.868679
6.524682
6.565548
6.7662525
6.721136
6.5360007
6.365962
6.7531033
6.380359
6.63981
6.2997594
6.449452
6.486252
6.496981
6.4592514
6.676345
6.761743
6.58579
6.6205564
6.501204
6.578266
6.3973465
6.746013
6.5154004
6.562073
6.8637004
6.8925495
6.696007
6.8305893
6.669463
6.755051
6.910159
6.8793178
6.941656
6.8984685
6.680845
6.8426967
6.760157
6.853125
6.862244
6.902318
6.845436
6.778587
6.772794
6.678352
6.6344595
6.80231
6.8614635
6.820304
6.47874
6.798104
6.978265
6.9677854
7.0153465
6.8772354
6.921739
6.6979737
6.7452884
6.683844
6.6552334
6.844145
6.9092298
6.8509145
6.939266
6.7952366
6.8019505
6.85697
6.6379604
6.499257
6.6757507
6.593601
6.6616073
6.7177525
6.789565
6.632029
6.4194417
6.548275
6.4639654
6.3999615
6.3895073
6.185517
6.02585
6.0696173
5.8914433
6.0999556
6.050631
6.304977
5.930697
6.0384626
6.168888
5.99367
6.2282805
6.0036464
6.079705
6.260757
6.135099
6.1586685
5.844899
6.066231
6.061126
5.9826407
5.9668093
5.9846373
6.0267224
6.020677
6.157719
6.047603
6.318826
6.0111494
6.25555
6.1143103
6.0561333
6.086998
6.217771
6.0799303
6.053746
6.066026
6.1876125
6.219518
6.1007805
6.0727663
6.0355153
5.9297748
5.96917
5.9226246
6.0475135
5.8886566
5.962639
5.81299
5.947236
5.888717
5.835961
5.9151964
6.0267467
5.814159
5.8883643
5.8731937
5.6278214
5.8556294
5.9112353
5.7880073
5.9130626
5.9075828
5.7630877
5.8482585
5.8482394
5.6922283
5.9159365
5.855711
5.967865
5.9828205
6.03292
5.8297763
5.6374598
5.7306542
5.8441005
5.864028
5.7766237
5.8297963
5.9085207
5.8127866
5.916811
5.7805924
5.7766504
5.761258
5.9703965
6.0002246
5.6602144
5.783296
5.800884
5.9921875
5.7499614
6.057291
6.0574636
5.9583006
6.116433
6.081289
5.921235
6.100117
5.88524
5.954775
5.7947464
6.212943
5.984635
5.886616
5.971016
6.1535206
5.85307
5.985774
6.1244135
6.0405784
5.800898
5.6109023
6.145822
6.1368127
5.9318266
5.947335
6.1060815
6.158811
5.983424
5.9375715
5.8249125
5.9740324
5.895525
5.84346
6.016036
5.9844284
6.058429
6.043301
5.828627
5.891558
5.86604
6.0533614
5.7933764
5.780466
5.8007474
5.7387443
5.755411
5.74467
5.9740896
5.8217125
5.907406
5.704529
5.6071286
5.860471
5.8093767
5.917388
5.771359
5.7105694
5.7345824
5.8599367
5.931118
5.8748026
5.6387224
5.970407
5.7195177
5.7091484
5.406874
5.9252577
5.549987
5.5071836
5.60133
5.534854
5.62987
5.1980596
5.822498
5.153803
5.8235083
5.3304515
5.6410313
5.3329453
5.364057
5.581212
5.2542214
5.34403
5.280489
5.5374146
5.318836
5.6759953
5.4555845
5.509883
5.2011285
5.5183005
5.2640734
5.481683
5.4589205
5.349456
5.5945406
5.440293
5.5281706
5.5046506
5.4758654
5.557891
5.4188786
5.5067306
5.626631
5.6239195
5.3358
5.8277526
5.4481773
5.4270997
5.5281916
5.4434643
5.325959
5.319473
5.6766934
5.5282283
5.3856354
5.3271646
5.622864
5.5806756
5.417922
5.4855776
5.324674
5.372746
5.5291977
5.4100847
5.396291
5.569496
5.7996197
5.453188
5.3216453
5.5625076
5.6302304
5.7645106
5.5391574
5.6258373
5.6720715
5.831089
5.4715033
5.4558797
5.740922
5.564863
5.523702
5.2799683
5.5050097
5.542445
5.6440015
5.539275
5.4929037
5.5415077
5.485293
5.640632
5.369493
5.2714353
5.611973
5.5243726
5.4939976
5.504146
5.210651
5.287903
5.457344
5.502828
5.3920927
5.2711096
5.1405506
5.227642
5.2810245
5.328432
5.31252
5.3554554
5.325341
5.3964014
5.3745685
5.3320103
5.246322
5.2150774
5.34482
5.3490186
5.2618203
5.282195
5.349283
5.325116
5.1443644
5.2597275
5.181615
5.2920613
5.269841
5.2556205
5.0262146
5.056439
5.079479
5.3533363
5.339865
5.327078
5.087254
