10000
8.855929
8.894521
8.842505
8.898616
8.876287
8.818639
8.897636
8.863003
8.824462
8.865965
9.019703
9.002476
9.009507
9.02327
9.070317
8.941681
8.81535
8.837661
8.878699
8.88702
8.894767
8.97281
9.032062
9.05942
9.097398
9.073158
9.13482
9.136293
9.157335
9.156446
9.13553
9.143057
9.054902
9.007465
8.942005
8.964038
8.935319
9.023956
9.007792
9.043769
9.060872
9.128093
9.135687
9.1272
9.068686
9.139683
9.132027
9.0632
9.00766
8.935922
8.905516
8.902405
8.962894
9.055109
9.091394
9.189305
9.191886
9.193494
9.202223
9.15263
9.0949
9.039896
8.985228
8.968882
8.978756
9.048578
9.022448
9.054139
9.02994
9.042384
9.002433
9.062539
9.027552
9.062142
9.04588
8.9993725
8.993871
8.949208
8.966635
8.931812
8.784894
8.762963
8.770048
8.805946
8.760651
8.783475
8.860574
8.829332
8.874768
8.789041
8.877855
8.873401
8.934477
8.88139
8.913107
8.911771
8.920981
8.942305
8.851831
8.837872
8.83907
8.81002
8.795841
8.819379
8.821536
8.810496
8.814133
8.868126
8.78342
8.867213
8.827816
8.930566
8.887436
8.870693
8.860885
8.85177
8.871673
8.858453
8.920185
8.942295
8.813358
8.876245
8.816056
8.839989
8.915879
8.827249
8.840492
8.835583
8.828836
8.899776
8.851974
8.940544
8.922438
8.918579
8.87364
8.837195
8.853264
8.810205
8.868864
8.891906
8.97071
8.925591
8.893679
8.827154
8.850345
8.750451
8.778257
8.734148
8.7195
8.709307
8.698688
8.7597685
8.669943
8.800435
8.712614
8.770986
8.724006
8.685234
8.606501
8.546912
8.493782
8.411883
8.416213
8.42081
8.610732
8.564947
8.521001
8.507241
8.448589
8.350359
8.282502
8.249123
8.1241455
8.148718
8.001348
8.026136
7.896614
7.8699307
7.757585
7.659139
7.328607
7.11494
6.784621
6.443978
6.0312204
5.421568
4.91929
4.4075108
4.3602996
4.512452
4.6983027
5.128108
5.3225217
5.5718403
5.667992
5.8242407
6.2192645
6.4438224
6.6429563
6.8984585
6.958251
7.1437106
7.29252
7.362833
7.54055
7.5442543
7.47926
7.481915
7.6226754
7.6672053
7.8574443
8.070499
8.109896
8.038766
8.104225
8.14043
8.069595
8.074011
7.9273443
8.003817
7.8789883
7.9084353
7.926332
7.9384522
7.911535
7.9737043
7.9825177
7.995884
7.974385
8.026915
7.956471
8.104609
7.9472284
8.071262
8.001006
8.005409
7.976663
8.066346
8.088198
8.053705
8.025625
7.9954023
8.107648
8.072361
8.101848
7.998188
8.042221
7.978236
7.979559
7.9951534
8.0031
8.015862
7.9501996
8.071522
8.103022
8.092539
8.096933
8.108932
8.110274
8.108071
8.245994
8.237905
8.23852
8.26045
8.254368
8.266072
8.272649
8.261494
8.279915
8.251527
8.300951
8.355299
8.347089
8.350714
8.313873
8.350576
8.3200035
8.354036
8.310337
8.325331
8.316649
8.31763
8.333615
8.34209
8.332297
8.362809
8.358403
8.396654
8.312072
8.378996
8.421543
8.466304
8.535141
8.483924
8.503584
8.426231
8.351426
8.282145
8.374676
8.380855
8.467224
8.454279
8.487359
8.476196
8.493456
8.503544
8.480693
8.47465
8.468177
8.452555
8.457853
8.483739
8.48125
8.449881
8.479889
8.473784
8.449305
8.438095
8.433663
8.395825
8.3510475
8.297233
8.275705
8.277503
8.250799
8.337869
8.309261
8.382886
8.316448
8.382705
8.334611
8.399722
8.42348
8.37756
8.453175
8.412002
8.489709
8.389004
8.415703
8.380842
8.375886
8.365854
8.38017
8.375171
8.408759
8.415056
8.397673
8.437923
8.345153
8.278354
8.398348
8.329417
8.330011
8.255633
8.27444
8.245137
8.266265
8.288395
8.276453
8.305464
8.277049
8.25728
8.272485
8.2538
8.289537
8.284349
8.260347
8.232669
8.23316
8.373138
8.440336
8.514799
8.522314
8.478655
8.472463
8.5050335
8.431739
8.4634075
8.4529085
8.459425
8.469261
8.417664
8.461781
8.32764
8.38611
8.285411
8.274418
8.256131
8.259653
8.240879
8.246046
8.235367
8.22164
8.259059
8.204044
8.307553
8.18657
8.295073
8.194444
8.25997
8.227971
8.255522
8.214098
8.263312
8.18718
8.306012
8.170114
8.320065
8.267166
8.400259
8.256274
8.347903
8.271468
8.296323
8.281224
8.312687
8.298518
8.4240885
8.334822
8.376493
8.349459
8.488111
8.357451
8.4911585
8.359094
8.410154
8.239445
8.23494
8.044791
8.193404
8.124175
8.314512
8.406876
8.535482
8.44567
8.5516615
8.453594
8.556345
8.448171
8.552175
8.403635
8.384783
8.14642
8.185319
8.085979
8.161769
8.11945
8.241144
8.171581
8.347948
8.210196
8.363767
8.184143
8.221516
7.9752975
8.038946
8.013896
8.100606
7.942545
8.028815
7.947435
7.850633
7.9683642
8.009384
7.91852
7.9238753
7.9175515
7.970423
7.892842
8.012005
8.002459
8.048204
8.0036955
8.012583
7.9838004
8.130909
8.074692
8.167575
8.221139
8.201475
8.122094
8.079186
8.103344
8.1235695
8.085461
8.036478
8.121898
8.159683
8.157797
8.121775
8.091703
8.179125
8.242832
8.156995
8.2748785
7.913254
7.8610516
7.6440744
7.4781523
7.501589
7.3609304
7.0942636
7.124133
7.098245
7.0291514
7.026489
6.9688325
6.827386
6.662881
6.3310122
6.249212
6.390186
6.2112365
6.0578346
5.7936273
5.513898
5.2180243
5.2349424
5.0526667
4.852097
5.140885
4.675227
4.612759
5.010275
5.212359
5.757109
5.4743104
5.2522836
5.1220555
5.0553937
5.4953346
5.467797
5.425147
4.9733996
4.49401
4.8358192
5.337034
5.401098
5.0775003
5.3170924
4.785977
4.722516
4.969943
5.034969
4.992178
4.779152
4.2431374
4.6189303
4.9082527
4.864546
4.7003193
4.9509416
4.7839274
4.6833315
4.593107
4.459585
4.678414
4.5411253
4.467608
4.424612
4.4547825
4.6646633
4.725313
4.8817983
4.138894
4.7508626
4.17191
4.513219
4.558857
4.9174614
5.042493
5.154385
4.7614913
4.116888
4.169042
4.4162855
4.5427194
4.8115296
4.042462
4.244366
4.05262
5.869122
5.9356184
7.2746935
7.2533
7.6188297
7.2070026
7.286167
6.9343677
7.326253
7.2306767
7.2810006
6.685631
5.6509047
3.9495478
3.5076652
3.586389
3.62247
3.5059276
3.6861222
3.5773785
3.5515208
3.4248521
3.416775
3.6138537
3.3835852
3.2969594
3.41439
3.2472084
3.4968734
3.7355824
3.731017
3.3020918
2.988793
3.4450698
3.5416293
3.3978121
3.404628
3.5339692
3.5029254
3.7185562
3.5111926
3.5080943
3.5951283
3.6586564
3.687524
3.609935
3.6690195
3.7194161
3.7322924
3.8282242
3.8959284
3.5815337
3.6292248
3.8822408
4.0298047
4.05539
4.0150294
4.1027937
3.9657538
3.9606507
3.917254
3.8966608
3.8213599
3.902599
3.7605445
3.7069879
3.6314297
3.9325418
3.794518
3.6897929
3.6856353
3.9236808
3.8954496
3.7768326
3.5345447
3.4596698
3.1274278
3.1064332
3.3337913
3.2711139
3.0653787
3.1009498
3.1360412
3.4113884
3.3517542
3.319815
3.2664506
3.2413688
3.4458702
3.4128628
3.3005936
3.2564023
3.2453136
3.377691
3.333774
3.5171363
3.410118
3.4155383
3.6565633
3.8438447
3.9777467
4.2678566
4.3924227
4.4009233
4.080776
4.3301125
4.059987
4.30604
4.190893
4.283886
4.253059
4.3422813
4.419342
4.3032618
4.2192183
4.219688
4.189374
4.1513176
4.1587224
4.2546167
4.035712
4.130967
4.1646523
4.0063505
4.0395517
3.955841
4.104938
4.0097933
3.9917538
3.934137
3.7858808
3.7942576
3.8287916
4.05523
4.100497
4.1791463
4.1232195
4.5189037
4.8539762
5.27024
4.9858947
4.7094364
4.5483537
4.3739843
4.566208
4.601815
4.965932
5.5990887
5.7414856
5.3975325
4.8569493
4.6134586
4.66574
4.508457
4.7462482
4.766282
4.778004
4.946537
4.7512407
4.532403
4.5360994
4.451514
4.3606
4.6542478
4.783282
4.717344
4.663595
4.9716244
4.8394904
4.7833896
4.419792
4.055432
4.332409
4.508931
4.392202
4.3877473
4.313424
4.4459257
4.3653984
4.433046
4.4361944
4.467164
4.5115623
4.481246
4.3677583
4.495831
4.5718956
4.582859
4.541796
4.4572806
4.486261
4.383885
4.210908
4.2754717
4.272417
4.175413
4.30725
4.1329536
4.131787
4.0457587
4.0719986
4.1403484
3.9178572
4.0842566
4.0445046
3.9736795
4.0090604
4.0065913
3.9855232
4.068905
3.9776304
3.9265354
4.04033
3.9464936
3.883195
3.9061725
3.9559622
3.8904383
3.9549632
3.9482002
4.0042543
3.988181
4.01345
3.963751
4.0378804
3.9181085
3.995591
4.026515
3.8468707
4.003743
3.9926953
3.716362
3.9914882
4.045405
4.1308556
4.1945705
4.185073
4.3713975
4.4705586
4.6197996
4.552824
4.5403786
4.3517637
4.3498664
4.183032
4.5033627
4.537131
4.6671867
4.4849477
4.5824027
4.4590445
4.3041644
4.2634344
4.0332365
3.9643989
3.899931
3.8239975
3.8271914
3.7844856
3.7716718
3.802579
3.8032348
3.7375257
3.7859468
3.6945028
3.535371
3.5840638
3.63456
3.7093241
3.8324296
3.8685827
3.8678331
3.8926444
3.8873985
3.9094422
3.899901
3.8490517
3.8172839
3.7806149
3.7386339
3.7746568
3.7789636
3.7628305
3.7528157
3.706514
3.6850426
3.7053227
3.720653
3.717677
3.7306597
3.808941
3.8240397
3.8248427
3.8014593
3.7958722
3.801328
3.8072217
3.7745047
3.893022
3.9263177
3.8833318
3.8733149
3.8383052
3.857493
3.9204264
3.982198
3.9611106
3.9685109
4.013697
3.9296117
3.918982
3.9865403
3.9676495
3.9163556
3.969091
3.9374657
3.916499
4.0022526
4.0733886
4.005588
4.06177
4.002444
4.218013
4.1098824
4.027617
4.1251717
3.9431586
4.1845236
4.003027
4.3404713
4.1600323
4.002272
4.117052
4.014746
3.9891973
4.08802
4.0525227
4.003637
3.9207907
3.9576693
3.903364
3.9365845
3.7508123
3.7455678
3.8850498
3.859626
3.9395957
3.9298778
4.0771933
4.034125
4.1088004
4.1449575
4.4473987
4.321943
4.398938
4.5087194
4.4488716
4.4407744
4.3899355
4.1982374
4.233388
4.280045
4.253412
4.3767385
4.5552464
4.6363716
4.547639
4.577796
4.3581734
4.5328474
4.573552
4.654284
4.507339
4.532374
4.4346933
4.5957146
4.5479336
4.2506905
4.0021324
3.9423752
4.1301475
4.303156
4.622157
4.5851145
4.5355253
4.494784
4.6610794
4.529741
4.4597883
4.27157
4.1787
4.196777
4.4662657
5.007032
5.236586
5.2702727
5.1858106
5.0141745
4.6935167
4.6945815
4.150154
4.189942
4.43641
4.4305854
5.034427
5.4542665
5.380556
5.554778
5.386818
5.1916337
4.9035773
4.6997905
4.5815344
4.5814238
4.8987374
5.1053295
5.2021
5.658702
5.698105
5.5591025
5.3165345
5.217828
4.9880443
4.7007437
4.587512
4.444485
4.3712096
4.860466
4.803318
4.913809
4.6777134
4.458372
4.3307433
4.210701
4.2820935
4.5664616
4.543911
4.234735
4.180916
4.081701
4.09451
4.208803
4.1019034
4.0533333
3.8874402
3.7958565
3.8144143
3.6583374
3.6389463
3.624678
3.5278382
3.428124
4.1953864
5.1222878
4.9768715
4.9425206
4.83396
4.8071184
4.785466
4.7381954
4.85577
4.6791177
4.6194057
4.7382975
4.5444274
4.5682864
4.730263
4.595377
4.595048
4.656902
4.588052
4.641914
4.547779
4.821834
4.634577
4.6508813
4.5239577
4.5384393
4.724636
4.624338
4.641121
4.7520275
4.7104926
4.7498927
4.979226
4.790127
4.7825003
4.831544
4.892929
4.9533906
4.8440475
4.8836064
4.986137
5.1689115
5.038239
5.216818
5.04574
5.347301
5.225087
5.3676877
5.33574
5.3621144
5.362096
5.301249
5.5547166
5.549634
5.6831555
5.7557945
5.843861
5.7824016
5.743962
5.715124
5.7625318
5.6781163
5.699778
5.809068
5.580056
5.738508
5.6631565
5.572173
5.57077
5.666408
5.596895
5.685483
5.615096
5.5459294
5.56769
5.433519
5.481077
5.3811
5.40074
5.415852
5.407573
5.4859896
5.4645004
5.4070673
5.5134172
5.437498
5.4863577
5.6005516
5.4481153
5.5219088
5.393985
5.4871726
5.3794665
5.556941
5.407067
5.375329
5.467942
5.4019523
5.473756
5.514032
5.4904437
5.5333843
5.4110594
5.554674
5.4796767
5.4203954
5.392455
5.433766
5.536197
5.592995
5.691801
5.6824913
5.812846
5.6921563
5.59679
5.548324
5.564657
5.692797
5.804599
5.842848
5.9822483
6.0501566
6.070997
6.270908
6.294171
6.5082703
6.530341
6.4511137
6.4857593
6.4898715
6.4693646
6.4440126
6.847842
6.82113
6.902353
6.8506327
6.7739735
6.920436
6.7295585
6.7324476
6.795361
6.8274574
6.6882367
6.7760696
6.6788454
6.7824454
6.665094
6.8107796
6.6656637
6.6559896
6.6589003
6.69981
6.656149
6.6510057
6.653569
6.6543794
6.6389675
6.641942
6.65287
6.6341763
6.6238184
6.6546764
6.6694098
6.6721935
6.7111483
6.6641035
6.6705446
6.652746
6.6064577
6.6219053
6.584691
6.62951
6.5764713
6.621194
6.593484
6.659184
6.6300282
6.6462026
6.6066346
6.738943
6.6581554
6.7676
6.8190846
6.800012
6.7199764
6.4850426
6.546515
6.3946376
6.5600944
6.5998144
6.652564
6.5121417
6.6122856
6.5458384
6.6394234
6.583194
6.7203116
6.6360283
6.7219934
6.661005
6.784782
6.7382483
6.880071
6.8113146
6.8626456
6.6769753
6.623923
6.7623043
6.649717
6.6810145
6.6766343
6.1268177
6.0200195
5.4473047
5.125928
5.589095
6.1770616
5.6233864
5.8713975
6.462617
5.1789503
6.0496573
6.2455044
6.2590265
6.4007697
6.1997786
6.004062
6.0548987
6.4998336
6.5348253
6.447418
6.3033977
6.4981008
6.343569
6.4582343
6.5431533
6.630246
6.807533
6.8988056
6.9036255
6.8065133
6.784211
6.790463
6.7962766
6.7280216
6.80042
6.828165
6.8311205
6.721561
6.752004
6.7126474
6.7617636
6.8001184
6.747615
6.7251563
6.78578
6.6854987
6.725068
6.6735144
6.612483
6.585656
6.645764
6.5845423
6.3322153
6.3625035
6.2497253
6.364878
6.3137903
6.370414
6.490942
6.563039
6.5857625
6.499839
6.5334473
6.48031
6.5365896
6.3979716
6.480016
6.35831
6.7043824
6.721954
6.7948656
6.7102184
6.781707
6.826898
6.9731603
7.0563426
6.928199
6.4001727
6.0240793
5.197984
3.680277
3.2297993
3.4446602
3.825941
3.5591452
3.2600539
3.3679814
3.2322032
4.1634383
3.855031
3.6864545
4.1578865
4.3740644
4.3998113
4.2241287
4.4563713
4.4165335
4.4219236
4.4366355
4.526479
4.58546
4.573697
4.616785
4.6208663
4.6301165
4.669289
4.7828393
4.7019806
4.7062216
4.8068066
4.847264
4.8936024
4.919982
4.8885684
5.0036626
5.020559
5.0034065
4.9585724
4.955695
4.9472413
4.8181686
4.912665
4.878251
4.8785605
4.921462
4.9052615
4.9244127
4.9722753
4.9315815
4.8653913
4.887158
4.838165
4.837111
4.863225
4.8375874
4.7680664
4.8042803
4.7190285
4.829246
4.701492
4.8217964
4.745285
4.7517734
4.844148
4.808808
4.800898
4.7963305
4.831456
4.7772827
4.85769
4.745846
4.831795
4.6781583
4.828375
4.7147145
4.8072157
4.714128
4.8255816
4.708981
4.874167
4.750549
4.7167425
4.695004
4.7977524
4.7522244
4.708295
4.8563805
4.6933475
4.8168006
4.7274165
4.7689524
4.735132
4.8590956
4.77279
4.827541
4.739353
4.8641477
4.755123
4.8407154
4.7704387
4.8951597
4.772244
4.8266945
4.7921605
4.878322
4.791534
4.8494487
4.8169928
4.830266
4.8149486
4.754566
4.8156023
4.805794
4.8385887
4.799174
4.79523
4.727811
4.792306
4.7582607
4.874789
4.7966175
4.745135
4.7197905
4.7145286
4.6916203
4.8101187
4.7979274
4.7915387
4.820921
4.722981
4.7929783
4.7896104
4.727181
4.7875924
4.7817135
4.7566633
4.852258
4.8155303
4.925842
4.8593335
4.925483
4.8720603
4.9185886
4.917202
4.8867846
4.9173226
5.0113554
4.941697
4.9481974
4.8888283
4.9888725
4.981571
4.859353
4.9194255
4.8362403
4.9205604
4.8307433
4.921064
4.857383
4.8889475
4.825565
4.92496
4.3161373
4.50244
4.6085196
4.8514276
5.033369
5.1858315
5.15528
5.305774
5.1574373
5.0910254
5.076997
5.1028156
5.1456943
5.1238337
5.0868235
5.0115857
5.041965
4.8531466
4.9699054
4.909449
5.1060133
5.1355634
5.228586
5.0618143
5.2521753
5.107228
5.083291
4.8998914
5.0076575
4.9908895
5.0253053
4.8036933
5.061743
4.775534
4.951563
4.9521728
4.94091
5.1678386
4.8500237
4.9357767
4.916856
5.0
4.9987755
5.225905
5.074206
5.075635
5.118512
5.1188
5.132064
5.1694965
5.224972
5.181007
5.327612
5.2316356
5.30394
5.0919814
5.27061
5.0723734
5.1364937
4.8442593
5.1837835
4.907146
5.150605
4.8463936
5.0994644
4.8502846
5.06704
4.9113817
4.9493337
4.760359
4.8806114
4.7293854
5.0477095
4.869566
4.909298
5.061326
5.0188055
4.9780803
4.866103
5.202305
5.04381
5.358872
5.267502
5.1910844
5.0340734
4.988057
4.907193
5.144252
5.1280303
5.227381
5.180566
5.1392465
5.1051407
5.0249767
5.094187
5.1418996
5.047488
4.9707355
4.7130494
4.575007
4.3778563
4.0248303
4.1523495
3.7894912
3.9707007
3.927257
4.013112
4.0264935
4.225571
4.365115
4.478302
4.470482
4.7252426
4.814681
4.7689705
4.95283
5.0442543
5.1816216
5.083172
5.713864
6.0434494
6.1113114
6.057163
5.742571
5.6710362
5.4874463
5.6880035
5.988498
6.200601
6.073397
6.1744943
6.123443
6.0231404
5.730851
5.684326
5.3991466
5.2602563
5.269617
5.4682364
5.531915
5.5090137
5.5405793
5.5931783
5.418758
5.4298105
5.498893
5.547122
5.5156856
5.627723
5.617717
5.6688232
5.684675
5.705924
5.7222066
6.2385235
6.383364
5.4507875
4.702427
3.6654956
4.639625
4.3228335
4.491233
4.4405956
5.2948146
6.058749
5.20718
6.0212946
5.297394
4.877943
5.8184285
6.404808
5.991259
5.284346
5.4520926
5.1900225
5.440962
5.42708
