934.0,383.0,108.0,77.0
954.6849,385.54025,108.0,77.0
968.11194,385.90314,108.0,77.0
978.63586,385.54025,108.0,77.0
992.7887,388.0805,108.0,77.0
1008.39307,390.62076,108.0,77.0
1023.99744,395.33838,108.0,77.0
1038.8761,400.056,108.0,77.0
1051.5774,404.04782,108.0,77.0
1062.827,408.03964,108.0,77.0
1072.6251,411.30566,108.0,77.0
1080.9717,415.2975,108.0,77.0
1087.1409,418.5635,108.0,77.0
1092.5842,421.10376,108.0,77.0
1096.576,423.644,108.0,77.0
1099.842,426.18427,108.0,77.0
1100.9307,427.99872,108.0,77.0
1101.2936,430.53897,108.0,77.0
1100.9307,432.35342,108.0,77.0
1098.3904,433.4421,108.0,77.0
1095.8501,434.5308,108.0,77.0
1091.1324,436.34525,108.0,77.0
1087.1406,436.70813,108.0,77.0
1081.6973,438.52258,108.0,77.0
1076.2539,439.61127,108.0,77.0
1071.5363,439.97415,108.0,77.0
1065.3671,441.7886,108.0,77.0
1059.9237,442.8773,108.0,77.0
1053.0287,443.96597,108.0,77.0
1046.8595,445.78043,108.0,77.0
1039.9645,446.8691,108.0,77.0
1033.7953,447.9578,108.0,77.0
1026.9003,449.04648,108.0,77.0
1020.00525,449.40936,108.0,77.0
1013.1102,451.22382,108.0,77.0
1006.94104,453.03827,108.0,77.0
1000.046,454.85272,108.0,77.0
993.151,456.66718,108.0,77.0
986.256,458.48163,108.0,77.0
979.36096,460.29608,108.0,77.0
972.46594,461.38477,108.0,77.0
966.29675,463.19922,108.0,77.0
959.4018,465.01367,108.0,77.0
952.50684,466.10236,108.0,77.0
945.6119,467.9168,108.0,77.0
939.4427,470.45706,108.0,77.0
933.2735,472.2715,108.0,77.0
927.1043,474.08594,108.0,77.0
920.9351,476.62622,108.0,77.0
914.7659,479.16644,108.0,77.0
909.3225,480.9809,108.0,77.0
903.8791,483.52112,108.0,77.0
898.43567,485.33557,108.0,77.0
892.99225,487.15002,108.0,77.0
887.5488,488.96448,108.0,77.0
882.1054,491.5047,108.0,77.0
877.3878,493.31915,108.0,77.0
872.6702,495.1336,108.0,77.0
866.50104,496.94806,108.0,77.0
861.78345,499.48828,108.0,77.0
857.7916,500.57697,108.0,77.0
853.07404,502.39142,108.0,77.0
850.5338,503.4801,108.0,77.0
845.8162,505.29456,108.0,77.0
843.276,505.65747,108.0,77.0
840.7358,506.74615,108.0,77.0
837.4697,507.83484,108.0,77.0
836.38104,508.19775,108.0,77.0
835.29236,507.83484,108.0,77.0
834.92944,508.92352,108.0,77.0
834.5665,509.28644,108.0,77.0
834.92944,508.19775,108.0,77.0
836.7439,508.56067,108.0,77.0
837.8326,508.92358,108.0,77.0
840.3728,508.56067,108.0,77.0
842.913,507.472,108.0,77.0
844.7275,507.10907,108.0,77.0
846.54193,505.29462,108.0,77.0
847.6306,504.9317,108.0,77.0
849.44507,503.84302,108.0,77.0
851.2595,502.75433,108.0,77.0
852.3482,501.66565,108.0,77.0
853.4369,499.8512,108.0,77.0
853.7998,498.03674,108.0,77.0
852.7111,495.49652,108.0,77.0
853.07404,495.1336,108.0,77.0
852.7111,492.59338,108.0,77.0
851.62244,491.5047,108.0,77.0
850.53375,488.96448,108.0,77.0
849.44507,487.8758,108.0,77.0
849.08215,486.06134,108.0,77.0
847.2677,482.7953,108.0,77.0
846.9048,482.43237,108.0,77.0
844.36456,479.89215,108.0,77.0
843.2759,478.80347,108.0,77.0
841.4614,476.26324,108.0,77.0
839.647,473.723,108.0,77.0
837.8325,473.3601,108.0,77.0
836.01807,470.0941,108.0,77.0
834.9294,468.27963,108.0,77.0
833.8407,466.46518,108.0,77.0
832.752,464.65073,108.0,77.0
831.6633,462.83627,108.0,77.0
831.3004,461.7476,108.0,77.0
831.6633,459.20734,108.0,77.0
830.57465,456.66708,108.0,77.0
830.93756,454.85263,108.0,77.0
831.3005,453.03818,108.0,77.0
833.1149,450.49792,108.0,77.0
833.47784,448.68347,108.0,77.0
834.5665,446.86902,108.0,77.0
834.92944,444.32877,108.0,77.0
837.46967,441.7885,108.0,77.0
839.2841,439.97406,108.0,77.0
841.0986,437.4338,108.0,77.0
842.913,434.89355,108.0,77.0
844.7275,432.3533,108.0,77.0
846.54193,429.81305,108.0,77.0
847.6306,427.9986,108.0,77.0
849.44507,425.45834,108.0,77.0
851.9853,422.9181,108.0,77.0
852.3482,420.37784,108.0,77.0
853.4369,417.8376,108.0,77.0
854.5256,416.7489,108.0,77.0
853.4369,414.20865,108.0,77.0
855.25134,411.6684,108.0,77.0
854.8884,410.5797,108.0,77.0
854.5255,408.76526,108.0,77.0
854.1626,407.67657,108.0,77.0
854.5255,405.86212,108.0,77.0
853.4368,404.04767,108.0,77.0
853.79974,402.23322,108.0,77.0
852.71106,401.14453,108.0,77.0
851.6224,399.33008,108.0,77.0
850.5337,398.2414,108.0,77.0
850.1708,397.1527,108.0,77.0
849.80786,396.06403,108.0,77.0
848.7192,394.97534,108.0,77.0
848.35626,395.33823,108.0,77.0
847.99335,392.79797,108.0,77.0
847.63043,393.16086,108.0,77.0
845.816,390.6206,108.0,77.0
846.1789,391.7093,108.0,77.0
845.0902,389.89484,108.0,77.0
844.0015,389.53195,108.0,77.0
842.91284,387.7175,108.0,77.0
842.5499,387.3546,108.0,77.0
840.7355,386.26593,108.0,77.0
840.37256,385.17725,108.0,77.0
840.00964,384.08856,108.0,77.0
838.1952,382.99988,108.0,77.0
837.8323,383.36276,108.0,77.0
836.0178,380.8225,108.0,77.0
835.6549,380.45963,108.0,77.0
833.84045,378.64517,108.0,77.0
833.47754,377.5565,108.0,77.0
833.84045,376.4678,108.0,77.0
832.026,374.65335,108.0,77.0
832.3889,373.56467,108.0,77.0
832.75183,371.7502,108.0,77.0
832.3889,370.66153,108.0,77.0
833.4776,369.57285,108.0,77.0
833.8405,367.7584,108.0,77.0
834.2034,366.6697,108.0,77.0
834.1382,363.1824,110.3895,78.70363
835.251,361.3278,110.3895,78.70363
835.18427,360.0723,112.83187,80.44495
835.90283,357.21564,115.32828,82.22479
837.44135,356.70807,117.87991,84.044014
841.00616,353.93542,117.87991,84.044014
843.7788,354.3315,117.87991,84.044014
847.3436,353.14325,117.87991,84.044014
851.7006,352.74716,117.87991,84.044014
855.26544,351.5589,117.87991,84.044014
859.62244,350.37064,117.87991,84.044014
862.01685,349.85184,120.48801,85.90349
867.27997,349.447,120.48801,85.90349
872.2476,348.91675,123.1538,87.8041
880.11005,347.67532,123.1538,87.8041
888.62225,347.99197,125.87858,89.746765
897.32275,345.68265,128.66364,91.732414
908.907,342.42517,131.51031,93.76199
927.166,344.59717,134.41998,95.83648
946.7662,342.13116,137.39403,97.95686
967.75793,343.44238,140.43387,100.12416
989.2141,340.86603,143.54097,102.33941
1011.14514,337.23187,146.71681,104.60367
1012.07947,330.44852,149.96292,106.91802
1004.66974,320.37833,153.28085,109.283585
1023.8139,312.22275,156.6722,111.701485
1035.7351,313.71796,160.13857,114.17288
1036.7549,316.36273,163.68163,116.69896
1038.9385,319.06604,167.30309,119.28092
1101.8271,322.99567,171.00467,121.92001
1108.8776,328.2045,174.78815,124.61749
1101.46,334.74725,178.65533,127.37466
1092.6326,336.45224,182.60808,130.19283
1083.61,331.82898,186.64828,133.07335
1076.9904,336.21298,190.77788,136.0176
1070.2244,334.0432,194.99884,139.02698
1063.3086,337.26376,199.31319,142.10295
1054.8503,334.99695,203.72299,145.24698
1044.7843,336.94116,208.23036,148.46057
1034.4957,336.02475,212.83746,151.74525
1023.97943,338.05597,217.5465,155.10262
1011.7137,332.5482,222.35971,158.53426
1004.9893,337.77826,222.35971,158.53426
996.77057,335.5368,222.35971,158.53426
984.23346,336.10855,227.27942,162.04182
977.3603,335.34488,227.27942,162.04182
966.13043,334.3446,232.30798,165.627
956.27185,330.0828,237.4478,169.29149
950.6869,330.88065,237.4478,169.29149
945.1019,326.8914,237.4478,169.29149
939.51697,327.68924,237.4478,169.29149
933.932,326.8914,237.4478,169.29149
928.34705,322.90213,237.4478,169.29149
919.92584,320.2016,242.70134,173.03706
912.58624,317.7551,242.70134,173.03706
908.5087,320.2016,242.70134,173.03706
902.8002,316.12408,242.70134,173.03706
900.35364,313.67758,242.70134,173.03706
896.2761,314.49307,242.70134,173.03706
893.8296,312.04657,242.70134,173.03706
893.0141,309.60007,242.70134,173.03706
890.56757,308.78458,242.70134,173.03706
888.12103,306.33807,242.70134,173.03706
888.9365,303.89157,242.70134,173.03706
884.859,301.44507,242.70134,173.03706
885.6745,298.99857,242.70134,173.03706
881.597,294.92105,242.70134,173.03706
885.6745,294.10556,242.70134,173.03706
879.96594,288.39703,242.70134,173.03706
884.04346,287.58154,242.70134,173.03706
878.3349,283.50403,242.70134,173.03706
879.1504,279.4265,242.70134,173.03706
876.70386,276.98,242.70134,173.03706
879.1504,274.5335,242.70134,173.03706
873.44183,268.82498,242.70134,173.03706
880.7814,268.0095,242.70134,173.03706
875.0728,263.93198,242.70134,173.03706
879.1503,261.48547,242.70134,173.03706
875.6194,257.03296,248.0711,176.86551
874.78577,254.53233,248.0711,176.86551
877.2865,252.0317,248.0711,176.86551
876.4529,251.19814,248.0711,176.86551
877.2865,247.03038,248.0711,176.86551
878.12,247.86394,248.0711,176.86551
875.6194,243.69618,248.0711,176.86551
879.7871,244.52974,248.0711,176.86551
875.6194,240.36198,248.0711,176.86551
881.4542,239.52843,248.0711,176.86551
878.9535,238.69487,248.0711,176.86551
878.80365,234.14388,253.55968,180.77866
879.65564,234.99586,253.55968,180.77866
878.80365,232.4399,253.55968,180.77866
879.65564,231.5879,253.55968,180.77866
880.5076,230.73592,253.55968,180.77866
881.3596,229.88393,253.55968,180.77866
880.5076,229.03194,253.55968,180.77866
880.35443,227.91602,259.16968,184.77838
879.4836,225.3035,259.16968,184.77838
882.0961,226.17435,259.16968,184.77838
879.4836,225.3035,259.16968,184.77838
882.0961,226.17435,259.16968,184.77838
881.2253,225.3035,259.16968,184.77838
882.0961,226.17435,259.16968,184.77838
882.967,225.3035,259.16968,184.77838
882.0961,226.17435,259.16968,184.77838
882.967,227.0452,259.16968,184.77838
883.8378,227.91605,259.16968,184.77838
886.4504,228.7869,259.16968,184.77838
883.8378,226.17438,259.16968,184.77838
886.4504,228.7869,259.16968,184.77838
887.3212,227.91605,259.16968,184.77838
886.4504,230.52856,259.16968,184.77838
887.3212,229.65771,259.16968,184.77838
888.1921,232.27023,259.16968,184.77838
887.3212,229.65771,259.16968,184.77838
889.9338,234.01193,259.16968,184.77838
885.5796,231.39941,259.16968,184.77838
889.9338,235.75363,259.16968,184.77838
887.3212,233.14111,259.16968,184.77838
889.9338,237.49533,259.16968,184.77838
887.3212,234.88281,259.16968,184.77838
889.9338,239.23703,259.16968,184.77838
887.3212,236.62451,259.16968,184.77838
891.6754,240.97873,259.16968,184.77838
889.06287,238.36621,259.16968,184.77838
889.9337,242.72043,259.16968,184.77838
887.32117,240.10791,259.16968,184.77838
889.9337,246.2038,259.16968,184.77838
885.5795,240.10791,259.16968,184.77838
888.1921,246.2038,259.16968,184.77838
885.5795,241.84958,259.16968,184.77838
888.1921,246.2038,259.16968,184.77838
885.5795,243.59128,259.16968,184.77838
886.4504,246.2038,259.16968,184.77838
883.8378,241.84958,259.16968,184.77838
886.4504,246.2038,259.16968,184.77838
882.0962,241.84958,259.16968,184.77838
884.70874,244.4621,259.16968,184.77838
882.0962,240.10788,259.16968,184.77838
882.96704,242.7204,259.16968,184.77838
880.3545,238.36618,259.16968,184.77838
881.22534,237.49533,259.16968,184.77838
878.6128,236.62448,259.16968,184.77838
879.48364,235.75363,259.16968,184.77838
878.6128,234.88278,259.16968,184.77838
877.74194,234.01193,259.16968,184.77838
876.8711,231.39941,259.16968,184.77838
877.74194,230.52856,259.16968,184.77838
875.1294,227.91605,259.16968,184.77838
874.25854,228.7869,259.16968,184.77838
873.3877,226.17438,259.16968,184.77838
872.51685,225.30353,259.16968,184.77838
873.3877,224.43268,259.16968,184.77838
870.77515,221.82016,259.16968,184.77838
871.646,224.43268,259.16968,184.77838
869.03345,220.07846,259.16968,184.77838
869.9043,224.43268,259.16968,184.77838
870.77515,220.07846,259.16968,184.77838
869.9043,220.94931,259.16968,184.77838
869.03345,220.07846,259.16968,184.77838
866.4209,219.20761,259.16968,184.77838
869.03345,220.07846,259.16968,184.77838
864.67926,219.20761,259.16968,184.77838
867.2918,221.82013,259.16968,184.77838
864.67926,219.20761,259.16968,184.77838
865.5501,223.56183,259.16968,184.77838
862.93756,220.94931,259.16968,184.77838
863.8084,227.0452,259.16968,184.77838
864.67926,226.17435,259.16968,184.77838
862.0667,227.0452,259.16968,184.77838
862.93756,231.39941,259.16968,184.77838
860.325,230.52856,259.16968,184.77838
862.93756,236.62445,259.16968,184.77838
858.5834,235.7536,259.16968,184.77838
861.1959,241.84949,259.16968,184.77838
858.5834,244.462,259.16968,184.77838
857.7125,248.81622,259.16968,184.77838
856.8417,253.17044,259.16968,184.77838
854.2291,255.78296,259.16968,184.77838
853.3583,261.87885,259.16968,184.77838
852.4874,267.97473,259.16968,184.77838
849.8749,272.32895,259.16968,184.77838
850.7457,278.42484,259.16968,184.77838
848.1332,282.77905,259.16968,184.77838
845.5206,290.6166,259.16968,184.77838
844.6498,296.7125,259.16968,184.77838
843.77893,302.80838,259.16968,184.77838
842.9081,310.64594,259.16968,184.77838
840.29553,316.74182,259.16968,184.77838
837.683,324.57938,259.16968,184.77838
838.55383,332.41693,259.16968,184.77838
835.9413,340.2545,259.16968,184.77838
833.32874,346.35037,259.16968,184.77838
832.4579,354.18793,259.16968,184.77838
828.1037,360.2838,259.16968,184.77838
825.49115,366.3797,259.16968,184.77838
821.13696,372.4756,259.16968,184.77838
818.5244,378.57147,259.16968,184.77838
814.1702,382.9257,259.16968,184.77838
811.5577,389.02158,259.16968,184.77838
807.2035,391.6341,259.16968,184.77838
802.8493,395.9883,259.16968,184.77838
798.4951,400.34253,259.16968,184.77838
794.1409,404.69675,259.16968,184.77838
789.78674,407.30927,259.16968,184.77838
785.43256,409.92178,259.16968,184.77838
781.07837,414.276,259.16968,184.77838
773.2408,416.88852,259.16968,184.77838
768.8866,419.50104,259.16968,184.77838
764.5324,420.37192,259.16968,184.77838
760.1782,422.9844,259.16968,184.77838
755.82404,425.59695,259.16968,184.77838
753.2115,424.7261,259.16968,184.77838
748.8573,427.33865,259.16968,184.77838
746.24475,428.2095,259.16968,184.77838
741.89056,429.08035,259.16968,184.77838
739.278,431.6929,259.16968,184.77838
734.9238,427.3387,259.16968,184.77838
734.053,431.6929,259.16968,184.77838
729.6988,429.08035,259.16968,184.77838
728.82794,431.6929,259.16968,184.77838
726.2154,429.08035,259.16968,184.77838
723.60284,429.9512,259.16968,184.77838
720.9903,429.08035,259.16968,184.77838
718.37775,429.9512,259.16968,184.77838
717.5069,429.08035,259.16968,184.77838
714.89435,428.2095,259.16968,184.77838
714.0235,427.33865,259.16968,184.77838
711.41095,426.4678,259.16968,184.77838
710.5401,427.33865,259.16968,184.77838
707.92755,424.7261,259.16968,184.77838
707.0567,427.33865,259.16968,184.77838
706.18585,422.98447,259.16968,184.77838
705.315,425.59702,259.16968,184.77838
702.70245,422.98447,259.16968,184.77838
703.5733,423.85532,259.16968,184.77838
700.96075,421.24277,259.16968,184.77838
700.0899,422.11362,259.16968,184.77838
699.21906,419.5011,259.16968,184.77838
698.3482,422.11362,259.16968,184.77838
697.47736,417.7594,259.16968,184.77838
698.3482,422.11362,259.16968,184.77838
695.73566,416.01773,259.16968,184.77838
693.7721,418.49115,264.9038,188.86661
692.88196,414.0406,264.9038,188.86661
691.9918,418.49115,264.9038,188.86661
691.1017,412.26038,264.9038,188.86661
690.21155,416.71088,264.9038,188.86661
687.5412,412.26038,264.9038,188.86661
686.65106,414.93066,264.9038,188.86661
685.7609,412.26038,264.9038,188.86661
684.8708,413.15045,264.9038,188.86661
683.98065,408.69995,264.9038,188.86661
683.0905,413.15045,264.9038,188.86661
680.42017,406.91974,264.9038,188.86661
679.53,411.37024,264.9038,188.86661
676.8597,406.91974,264.9038,188.86661
675.96954,411.37024,264.9038,188.86661
675.0794,405.13953,264.9038,188.86661
672.40906,409.59003,264.9038,188.86661
671.5189,403.3593,264.9038,188.86661
670.6288,407.8098,264.9038,188.86661
669.73865,403.3593,264.9038,188.86661
668.8485,406.0296,264.9038,188.86661
667.9584,401.5791,264.9038,188.86661
668.8485,404.2494,264.9038,188.86661
664.39795,398.01868,264.9038,188.86661
663.5078,402.46918,264.9038,188.86661
660.83746,398.01868,264.9038,188.86661
658.1671,402.46918,264.9038,188.86661
655.49677,396.23846,264.9038,188.86661
654.6066,400.68896,264.9038,188.86661
651.9363,394.45825,264.9038,188.86661
651.04614,398.90875,264.9038,188.86661
650.156,394.45825,264.9038,188.86661
647.48566,397.12854,264.9038,188.86661
648.3758,390.89783,264.9038,188.86661
647.48566,395.34833,264.9038,188.86661
646.5955,389.1176,264.9038,188.86661
645.7054,393.5681,264.9038,188.86661
643.03503,387.3374,264.9038,188.86661
642.1449,391.7879,264.9038,188.86661
639.47455,387.3374,264.9038,188.86661
638.5844,390.0077,264.9038,188.86661
635.91406,385.5572,264.9038,188.86661
635.0239,388.22748,264.9038,188.86661
634.1338,383.77698,264.9038,188.86661
631.46344,388.22748,264.9038,188.86661
628.7931,380.2165,264.9038,188.86661
627.90295,386.44727,264.9038,188.86661
627.0128,380.2165,264.9038,188.86661
624.34247,384.66705,264.9038,188.86661
621.6721,378.43628,264.9038,188.86661
617.22156,381.10663,264.9038,188.86661
614.5512,374.87585,264.9038,188.86661
610.10065,379.32642,264.9038,188.86661
605.6501,371.31543,264.9038,188.86661
601.1995,375.76593,264.9038,188.86661
594.96875,371.31543,264.9038,188.86661
590.5182,373.98572,264.9038,188.86661
586.0676,369.53522,264.9038,188.86661
578.05664,372.2055,264.9038,188.86661
571.82587,365.9748,264.9038,188.86661
565.5951,370.4253,264.9038,188.86661
559.3643,364.19458,264.9038,188.86661
549.5731,365.08466,264.9038,188.86661
541.56213,362.41437,264.9038,188.86661
531.77094,363.30444,264.9038,188.86661
523.75995,360.63416,264.9038,188.86661
513.96875,361.52423,264.9038,188.86661
505.95776,358.85394,264.9038,188.86661
492.8689,359.53503,270.7648,193.04529
486.5003,353.1664,270.7648,193.04529
478.31207,355.8958,270.7648,193.04529
470.12384,354.98602,270.7648,193.04529
463.75525,352.25662,270.7648,193.04529
457.38666,354.98602,270.7648,193.04529
452.83765,348.6174,270.7648,193.04529
446.46906,353.1664,270.7648,193.04529
440.10046,346.7978,270.7648,193.04529
435.55145,351.3468,270.7648,193.04529
431.00244,344.97818,270.7648,193.04529
426.45343,347.70758,270.7648,193.04529
421.90442,344.97818,270.7648,193.04529
419.175,345.88797,270.7648,193.04529
416.44556,344.97818,270.7648,193.04529
415.53577,344.0684,270.7648,193.04529
412.80634,344.97818,270.7648,193.04529
410.0769,342.24878,270.7648,193.04529
405.5279,344.97818,270.7648,193.04529
404.6181,342.24878,270.7648,193.04529
403.7083,346.7978,270.7648,193.04529
402.79852,342.24878,270.7648,193.04529
401.88873,343.15857,270.7648,193.04529
404.61816,340.42917,270.7648,193.04529
398.24957,344.97818,270.7648,193.04529
400.979,342.24878,270.7648,193.04529
392.79077,344.97818,270.7648,193.04529
393.70056,347.70758,270.7648,193.04529
385.51233,344.97818,270.7648,193.04529
382.7829,345.88797,270.7648,193.04529
379.53152,345.3156,264.99066,188.92854
376.34952,348.1883,259.33966,184.89958
371.99246,343.83124,259.33966,184.89958
367.6354,342.95984,259.33966,184.89958
363.27835,340.3456,259.33966,184.89958
364.14975,341.217,259.33966,184.89958
347.59293,342.0884,259.33966,184.89958
348.46432,339.47418,259.33966,184.89958
333.65033,343.83124,259.33966,184.89958
339.7502,346.44547,259.33966,184.89958
321.45056,350.80252,259.33966,184.89958
341.49304,356.9024,259.33966,184.89958
337.136,357.7738,259.33966,184.89958
327.55045,358.6452,259.33966,184.89958
314.47928,357.7738,259.33966,184.89958
273.52292,349.9311,259.33966,184.89958
265.6802,347.31686,259.33966,184.89958
270.03726,342.9598,259.33966,184.89958
255.22327,347.31686,259.33966,184.89958
275.62674,340.04932,253.80916,180.95654
257.78293,346.0888,248.3966,177.0976
248.60187,338.57703,248.3966,177.0976
247.76721,344.41953,248.3966,177.0976
255.27899,341.9156,248.3966,177.0976
253.90518,347.8263,243.09947,173.32094
252.5607,336.28992,237.9153,169.62482
245.36588,340.28705,237.9153,169.62482
244.56644,334.69107,237.9153,169.62482
259.7555,327.49625,237.9153,169.62482
268.54916,329.89453,237.9153,169.62482
276.47968,332.47372,232.84169,166.00752
291.782,328.96512,227.87627,162.46736
302.32996,324.0553,223.01674,159.0027
312.0717,327.80212,223.01674,159.0027
326.30957,322.55658,223.01674,159.0027
334.55255,314.3136,223.01674,159.0027
350.28915,300.0757,223.01674,159.0027
364.52704,293.33145,223.01674,159.0027
377.2662,303.07318,223.01674,159.0027
394.50156,309.81744,223.01674,159.0027
409.1582,315.1242,218.26083,155.61192
423.09247,320.25787,218.26083,155.61192
431.15967,315.1242,218.26083,155.61192
433.3598,308.52377,218.26083,155.61192
448.7608,310.7239,218.26083,155.61192
447.5537,317.33127,213.60635,152.29346
456.0575,327.94855,209.05113,149.04575
463.7843,317.412,209.05113,149.04575
474.32086,309.68518,209.05113,149.04575
501.6007,318.7219,204.59305,145.8673
517.41223,323.5341,204.59305,145.8673
524.97424,324.22156,204.59305,145.8673
535.76965,329.08994,200.23004,142.75664
560.6014,323.47882,195.96008,139.71231
588.7115,323.06458,191.78117,136.73291
599.66644,332.73068,191.78117,136.73291
611.91016,339.81915,191.78117,136.73291
607.3993,330.15305,191.78117,136.73291
615.7766,317.9093,191.78117,136.73291
628.0203,321.13135,191.78117,136.73291
640.26404,329.50864,191.78117,136.73291
648.64136,337.88593,191.78117,136.73291
655.72986,333.37506,191.78117,136.73291
660.2407,328.8642,191.78117,136.73291
667.3292,338.5303,191.78117,136.73291
661.52954,331.44183,191.78117,136.73291
688.1566,333.2721,196.02434,139.75813
693.5051,333.77612,200.36137,142.85028
704.9502,341.18173,200.36137,142.85028
715.04877,339.16202,200.36137,142.85028
722.4544,334.44934,200.36137,142.85028
731.2065,333.7761,200.36137,142.85028
738.6121,341.1817,200.36137,142.85028
755.44305,344.54788,200.36137,142.85028
759.51294,335.28427,204.79437,146.01085
767.0824,338.72495,204.79437,146.01085
774.65186,343.54187,204.79437,146.01085
783.59753,342.85373,204.79437,146.01085
791.167,339.41306,204.79437,146.01085
798.73645,342.85373,204.79437,146.01085
789.7908,350.4232,204.79437,146.01085
793.23145,359.36893,204.79437,146.01085
795.96344,367.03488,209.32545,149.24133
792.44666,367.73825,209.32545,149.24133
800.1836,365.62817,209.32545,149.24133
798.07355,355.0778,209.32545,149.24133
801.59033,361.40802,209.32545,149.24133
788.2265,359.29794,209.32545,149.24133
800.1836,358.59457,209.32545,149.24133
831.8347,353.67105,209.32545,149.24133
859.2657,355.78113,209.32545,149.24133
766.772895916539,453.24684110832777,209.32545471191406,149.2413330078125
743.9212378892835,376.8755403524256,204.8615264892578,146.0587158203125
607.1279641045808,348.880622525771,204.8615264892578,146.0587158203125
408.3056340338377,160.48419373202125,204.8615264892578,146.0587158203125
408.3056340338377,160.48419373202125,204.8615264892578,146.0587158203125
483.2518127222163,364.0237709908099,204.8615264892578,146.0587158203125
483.2518127222163,364.0237709908099,204.8615264892578,146.0587158203125
610.9510882580503,319.0770839045648,204.8615264892578,146.0587158203125
418.138036162808,412.3783034559893,204.8615264892578,146.0587158203125
413.21823798804576,502.99149473451985,204.8615264892578,146.0587158203125
1034.1054011801943,556.7188579528088,204.8615264892578,146.0587158203125
494.7049288508358,258.87119127000886,204.8615264892578,146.0587158203125
573.4441118155395,263.93878511032955,204.8615264892578,146.0587158203125
1115.545994724127,567.7046470523303,204.8615264892578,146.0587158203125
527.3042918745459,292.01725142601526,204.8615264892578,146.0587158203125
468.40500216512544,172.10185162744366,204.8615264892578,146.0587158203125
488.36741303107056,178.29708258584043,204.8615264892578,146.0587158203125
879.8025166582531,535.5953069751957,204.8615264892578,146.0587158203125
879.8025166582531,535.5953069751957,204.8615264892578,146.0587158203125
939.6863437128352,630.6302775358824,204.8615264892578,146.0587158203125
958.2720365880255,631.3186365312598,204.8615264892578,146.0587158203125
1091.125322695867,626.5001235636179,204.8615264892578,146.0587158203125
949.5565859357087,568.1157094847543,204.8615264892578,146.0587158203125
1097.5537699418535,626.6262240918348,204.8615264892578,146.0587158203125
1137.217511655604,553.759026848429,204.8615264892578,146.0587158203125
243.4922598338914,413.2098407584875,204.8615264892578,146.0587158203125
7.574793178686093,344.8773435172355,204.8615264892578,146.0587158203125
767.9584453634642,407.6539844165934,204.8615264892578,146.0587158203125
868.4809876226755,155.4709715321734,204.8615264892578,146.0587158203125
979.5657490382575,161.83015827445072,204.8615264892578,146.0587158203125
979.5657490382575,161.83015827445072,204.8615264892578,146.0587158203125
802.3462386685414,67.73656402288682,204.8615264892578,146.0587158203125
802.3462386685414,67.73656402288682,204.8615264892578,146.0587158203125
758.5274907072833,161.35098780255365,204.8615264892578,146.0587158203125
895.8905432103451,93.5370318489162,204.8615264892578,146.0587158203125
501.90169404513426,215.8946635756269,204.8615264892578,146.0587158203125
608.9971806668059,411.5010100493793,204.8615264892578,146.0587158203125
608.9971806668059,411.5010100493793,204.8615264892578,146.0587158203125
608.9971806668059,411.5010100493793,204.8615264892578,146.0587158203125
558.7667395545056,235.90961030996948,200.4927978515625,142.9439697265625
538.1779879751731,243.27773963105284,196.21722412109375,139.89564514160156
513.7834027749838,249.2115576527205,196.21722412109375,139.89564514160156
672.6409792493046,433.1069169305786,196.21722412109375,139.89564514160156
672.6409792493046,433.1069169305786,196.21722412109375,139.89564514160156
639.269984332365,291.9426259871335,196.21722412109375,139.89564514160156
620.7502317878036,297.5718850529674,196.21722412109375,139.89564514160156
509.0333239840828,287.63950623826844,196.21722412109375,139.89564514160156
529.2057351878734,273.3609968692437,196.21722412109375,139.89564514160156
708.1434051383012,570.5406308262859,196.21722412109375,139.89564514160156
659.8086730219477,336.59061365119413,196.21722412109375,139.89564514160156
717.2698057046218,497.14221741272013,196.21722412109375,139.89564514160156
720.9109673309404,332.06895873689894,196.21722412109375,139.89564514160156
720.9109673309404,332.06895873689894,196.21722412109375,139.89564514160156
655.9272521393852,568.4719180279609,196.21722412109375,139.89564514160156
655.9272521393852,568.4719180279609,196.21722412109375,139.89564514160156
756.8277394342437,349.76410668524517,196.21722412109375,139.89564514160156
823.2227279158903,523.3420587435893,196.21722412109375,139.89564514160156
687.9591152080886,415.49184253198314,196.21722412109375,139.89564514160156
974.9144998769334,637.4702981560522,196.21722412109375,139.89564514160156
944.7473166165184,-54.9611738826371,196.21722412109375,139.89564514160156
885.4622439428116,341.4522689854809,196.21722412109375,139.89564514160156
1048.2540179923697,37.065413636331186,196.21722412109375,139.89564514160156
1071.3299769655218,27.175716933551712,196.21722412109375,139.89564514160156
1082.5382998953385,26.516403820033076,196.21722412109375,139.89564514160156
1092.427996598118,35.087474295775294,196.21722412109375,139.89564514160156
1099.6804408468229,38.38403986336846,196.21722412109375,139.89564514160156
969.8312160762671,49.564238463229984,196.21722412109375,139.89564514160156
1102.1973260858738,42.79462678730398,192.0328369140625,136.91232299804688
965.0787377533418,-42.540053417598266,192.0328369140625,136.91232299804688
362.2135636306865,199.12845591669645,192.0328369140625,136.91232299804688
292.73911429862255,366.64378941422063,187.93768310546875,133.9926300048828
259.551177858316,382.2521844903428,187.93768310546875,133.9926300048828
92.70121447258032,533.4604655187834,187.93768310546875,133.9926300048828
988.8827330892359,147.64652784303817,187.93768310546875,133.9926300048828
878.7180096303257,547.7266311447984,187.93768310546875,133.9926300048828
878.7180096303257,547.7266311447984,187.93768310546875,133.9926300048828
878.7180096303257,547.7266311447984,187.93768310546875,133.9926300048828
878.7180096303257,547.7266311447984,187.93768310546875,133.9926300048828
963.0950860957098,646.2169953672918,187.93768310546875,133.9926300048828
1049.1308133406435,528.7420763556534,187.93768310546875,133.9926300048828
903.2720258220918,410.8956554609768,187.93768310546875,133.9926300048828
838.228262594755,421.6310338577217,187.93768310546875,133.9926300048828
825.0112440926049,422.11426316830335,192.09580993652344,136.95721435546875
815.3292747010406,421.46879854219907,192.09580993652344,136.95721435546875
805.6473053094763,420.8233339160948,192.09580993652344,136.95721435546875
789.5106896568692,420.1778692899905,192.09580993652344,136.95721435546875
777.2468617608878,416.95054615946907,192.09580993652344,136.95721435546875
761.0587401844843,412.0871074691703,196.34593200683594,139.98739624023438
747.2040840343906,410.1078708762998,196.34593200683594,139.98739624023438
737.3079010700379,408.1286342834293,196.34593200683594,139.98739624023438
765.9376971823278,368.93329805064576,200.69007873535156,143.08460998535156
774.7041483931083,354.7721076332312,200.69007873535156,143.08460998535156
827.4953543053537,451.84166663679764,200.69007873535156,143.08460998535156
768.8275654332076,542.8778907487483,200.69007873535156,143.08460998535156
747.9229510075004,539.506178744602,200.69007873535156,143.08460998535156
727.0183365817932,536.1344667404558,200.69007873535156,143.08460998535156
703.4163525527689,531.4140699346509,200.69007873535156,143.08460998535156
679.8143685237446,523.996303525529,200.69007873535156,143.08460998535156
618.1062885054635,640.6423653186519,200.69007873535156,143.08460998535156
771.917192649266,345.36754951002024,200.69007873535156,143.08460998535156
488.4858560268606,389.88072635861147,200.69007873535156,143.08460998535156
488.4858560268606,389.88072635861147,200.69007873535156,143.08460998535156
704.4328861175575,453.75036657200224,200.69007873535156,143.08460998535156
674.8756214149486,428.58088130945754,200.69007873535156,143.08460998535156
362.12175011231545,415.8284981603985,200.69007873535156,143.08460998535156
524.5631095236693,550.888819875771,200.69007873535156,143.08460998535156
1055.9452189810559,467.9502859733336,200.69007873535156,143.08460998535156
1102.474844638275,401.19038829123645,200.69007873535156,143.08460998535156
1095.0570782291531,388.3778826754804,200.69007873535156,143.08460998535156
1085.141014659279,381.89760050605946,205.13034057617188,146.25035095214844
879.3319599029198,538.0060048776602,205.13034057617188,146.25035095214844
306.35686542406097,547.619388884646,205.13034057617188,146.25035095214844
535.892235877865,388.20208413089483,205.13034057617188,146.25035095214844
183.92160760948076,339.3242235223572,205.13034057617188,146.25035095214844
281.6640839562374,414.291183975809,205.13034057617188,146.25035095214844
430.181857012206,487.47446030811227,205.13034057617188,146.25035095214844
672.1614263647791,288.17471272575006,205.13034057617188,146.25035095214844
943.5401611211523,606.4295998524013,205.13034057617188,146.25035095214844
846.354187192039,485.8087102240693,205.13034057617188,146.25035095214844
855.314596135858,474.0912523744598,205.13034057617188,146.25035095214844
848.0395726244853,463.1769310615563,209.66885375976562,149.48614501953125
836.64288726425,457.7774574162113,209.66885375976562,149.48614501953125
764.275229917825,353.2290072943948,209.66885375976562,149.48614501953125
890.382905342015,479.3366827185848,209.66885375976562,149.48614501953125
862.4808497708455,474.0283317709875,214.30776977539062,152.7935333251953
807.033189456839,471.868033317195,214.30776977539062,152.7935333251953
800.5522940954615,459.6263420790377,214.30776977539062,152.7935333251953
831.5165719331535,448.8248498100754,214.30776977539062,152.7935333251953
861.0406508016505,438.0233575411131,214.30776977539062,152.7935333251953
848.9575280583176,431.1033579346145,219.04933166503906,156.17408752441406
859.9980033437307,424.4790727633667,219.04933166503906,156.17408752441406
846.0134013155408,434.04748467739137,219.04933166503906,156.17408752441406
864.6658959067094,430.7467175592275,214.37803649902344,152.8436279296875
831.653061676311,428.3085353409556,219.12115478515625,156.2252960205078
774.9600396605551,420.2095321958476,219.12115478515625,156.2252960205078
753.4389318916393,405.49527595888327,223.96920776367188,159.68177795410156
750.180486590708,396.7017389536264,228.92453002929688,163.21473693847656
729.4117217891292,402.0862335318135,228.92453002929688,163.21473693847656
739.4114974343338,392.08645788660886,228.92453002929688,163.21473693847656
738.6422839231642,399.00937948713516,228.92453002929688,163.21473693847656
738.50398264416,385.23292933918736,233.98948669433594,166.82586669921875
769.359833056136,397.25459020038875,239.16650390625,170.5168914794922
774.2179247110632,387.86437116509046,244.45806884765625,174.28958129882812
784.896228906895,377.1860669692588,244.45806884765625,174.28958129882812
774.5220163806882,365.8836702995872,249.86669921875,178.14573669433594
790.4740680612364,360.00659862780634,249.86669921875,178.14573669433594
799.7094664026064,352.4503636212309,249.86669921875,178.14573669433594
808.2691716147716,347.86643203887877,255.39500427246094,182.0872039794922
815.9925883208675,359.0224783921284,255.39500427246094,182.0872039794922
827.1486346741171,366.7458950982243,255.39500427246094,182.0872039794922
831.4394217330594,364.171422862859,255.39500427246094,182.0872039794922
834.8464801827549,368.38944780425373,261.0456237792969,186.1158905029297
840.9864891944247,360.49515050353546,261.0456237792969,186.1158905029297
838.355056760852,356.1094297809142,261.0456237792969,186.1158905029297
828.7064711710852,356.98657392543845,261.0456237792969,186.1158905029297
820.812173870367,349.09227662472017,261.0456237792969,186.1158905029297
826.1146899370498,355.2237035190396,266.8212585449219,190.23370361328125
803.8994868474492,347.74649959927734,261.1312255859375,186.17691040039062
787.2282837972981,343.35934090186913,261.1312255859375,186.17691040039062
786.3508520578165,353.01109003616716,261.1312255859375,186.17691040039062
785.4734203183349,346.8690678597957,261.1312255859375,186.17691040039062
791.6154424947064,354.76595351513043,261.1312255859375,186.17691040039062
796.0026011921145,345.1142043808324,261.1312255859375,186.17691040039062
786.3508520578165,338.9721822044609,261.1312255859375,186.17691040039062
778.4539664024818,336.339886986016,261.1312255859375,186.17691040039062
765.2924903102572,333.70759176757105,261.1312255859375,186.17691040039062
752.1310142180326,338.09475046497926,261.1312255859375,186.17691040039062
738.9695381258081,330.1978648096445,261.1312255859375,186.17691040039062
724.0531985546203,336.339886986016,261.1312255859375,186.17691040039062
712.646585941359,328.4430013306812,261.1312255859375,186.17691040039062
699.4851098491345,324.055842633273,261.1312255859375,186.17691040039062
689.8333607148364,328.4430013306812,261.1312255859375,186.17691040039062
680.1816115805384,322.30097915430974,261.1312255859375,186.17691040039062
672.2847259252037,331.9527282886078,261.1312255859375,186.17691040039062
669.1490520845675,326.3264101747262,255.56253051757812,182.20663452148438
664.424888210115,335.7183520643155,250.11257934570312,178.32102966308594
659.8014663802275,328.7093793818227,244.7788543701172,174.51828002929688
645.8192073286605,337.75672347401314,244.7788543701172,174.51828002929688
638.4168348895955,327.0644077286972,244.7788543701172,174.51828002929688
629.3694907974051,318.01706363650675,244.7788543701172,174.51828002929688
621.9671183583401,330.35435103494825,244.7788543701172,174.51828002929688
617.4422945305599,323.4948439647859,239.55886840820312,170.796630859375
602.1483192276421,335.5690349934052,239.55886840820312,170.796630859375
593.2939124733213,328.3245203762336,239.55886840820312,170.796630859375
582.8296135818512,342.0086035420021,239.55886840820312,170.796630859375
577.1949911018288,331.544304650532,239.55886840820312,170.796630859375
568.340584347508,337.17892713055437,239.55886840820312,170.796630859375
561.0960697303364,326.7146282390843,239.55886840820312,170.796630859375
553.8515551131647,335.5690349934051,239.55886840820312,170.796630859375
549.8268247702916,323.49484396478584,239.55886840820312,170.796630859375
738.8513023284752,448.5559027843856,239.55886840820312,170.796630859375
1072.6022332800403,149.03661499838472,239.55886840820312,170.796630859375
1029.9400916455854,202.96800159288426,239.55886840820312,170.796630859375
1075.9740482617754,253.5705804599212,239.55886840820312,170.796630859375
438.9046672700638,489.4971580126602,239.55886840820312,170.796630859375
525.0338966075482,322.87332181771376,239.55886840820312,170.796630859375
519.3992741275258,323.6782678862884,239.55886840820312,170.796630859375
738.7261471952754,-33.240361485003646,239.55886840820312,170.796630859375
926.2785811731619,51.278975715331484,239.55886840820312,170.796630859375
870.903072256433,220.8363502015307,239.55886840820312,170.796630859375
928.0542431252311,57.432298280882776,239.55886840820312,170.796630859375
934.5905665366477,48.02667955111414,244.85911560058594,174.57550048828125
922.2492340315202,43.91290204940498,244.85911560058594,174.57550048828125
928.9301756860073,47.95691997415318,250.27662658691406,178.43798828125
924.7253808570729,40.3882892820711,250.27662658691406,178.43798828125
930.6120936175812,44.593084111005595,250.27662658691406,178.43798828125
924.7253808570729,37.02445341892353,250.27662658691406,178.43798828125
931.5541406669088,42.9029392560993,255.81399536132812,182.38592529296875
927.256314752384,38.60511334157465,255.81399536132812,182.38592529296875
933.2732710327186,39.46467852447958,255.81399536132812,182.38592529296875
927.256314752384,40.32424370738451,255.81399536132812,182.38592529296875
934.9924013985285,32.588157061240125,255.81399536132812,182.38592529296875
942.728488044673,35.166852609954915,255.81399536132812,182.38592529296875
938.4306621301482,30.86902669543025,255.81399536132812,182.38592529296875
940.0597157205691,35.093972046726535,261.473876953125,186.4212188720703
946.2097971586061,25.429558358382792,261.473876953125,186.4212188720703
950.6027124714897,29.82247367126631,261.473876953125,186.4212188720703
954.9956277843733,21.915226108075984,261.473876953125,186.4212188720703
955.8742108469501,26.3081414209595,261.473876953125,186.4212188720703
963.7814584101404,16.64372773261576,261.473876953125,186.4212188720703
969.9315398481774,21.036643045499275,261.473876953125,186.4212188720703
983.110285786828,13.12939548230895,261.473876953125,186.4212188720703
989.2603672248649,15.765144670039064,261.473876953125,186.4212188720703
1002.4391131635155,13.12939548230895,261.473876953125,186.4212188720703
1010.3463607267058,14.00797854488566,261.473876953125,186.4212188720703
1020.0107744150496,7.857897106848739,261.473876953125,186.4212188720703
1026.1608558530866,12.250812419732256,261.473876953125,186.4212188720703
1037.5824356665837,13.129395482308965,261.473876953125,186.4212188720703
799.9228521364007,426.5298504673219,261.473876953125,186.4212188720703
600.484496931489,241.1488242636375,261.473876953125,186.4212188720703
615.420408995293,229.72724445014035,261.473876953125,186.4212188720703
600.484496931489,235.87732588817727,261.473876953125,186.4212188720703
87.61003263126088,451.21130718527604,261.473876953125,186.4212188720703
-27.48434856628728,578.605851258898,261.473876953125,186.4212188720703
-35.705098179594245,579.7467714030141,255.8978729248047,182.4457244873047
-26.246781024122413,577.1672303606127,255.8978729248047,182.4457244873047
-18.508157896918192,583.1861594595493,255.8978729248047,182.4457244873047
-15.92861685451679,577.1672303606127,255.8978729248047,182.4457244873047
-6.470299699044958,583.1861594595493,255.8978729248047,182.4457244873047
-1.272342157207305,576.7074001562497,261.5596008300781,186.48233032226562
-0.3934710278857949,572.3130445096422,261.5596008300781,186.48233032226562
-56.55938062045044,409.48718067970066,261.5596008300781,186.48233032226562
903.662153939666,197.54899973530667,261.5596008300781,186.48233032226562
958.2683209597708,134.86159771357885,261.5596008300781,186.48233032226562
821.8050063289521,380.052910876764,261.5596008300781,186.48233032226562
743.1814351184722,241.46454375300772,261.5596008300781,186.48233032226562
774.2687365045258,-16.270160597524665,261.5596008300781,186.48233032226562
638.6598100070203,97.41865171124553,261.5596008300781,186.48233032226562
866.2053244924035,166.65388392674305,261.5596008300781,186.48233032226562
933.7795217032349,261.3267345647631,261.5596008300781,186.48233032226562
702.2334344780987,201.14750418699492,261.5596008300781,186.48233032226562
648.5464901032518,-24.947445592924907,261.5596008300781,186.48233032226562
648.5464901032518,-24.947445592924907,261.5596008300781,186.48233032226562
876.6375935399801,280.7290226765596,261.5596008300781,186.48233032226562
875.297500189852,22.77922773814106,261.5596008300781,186.48233032226562
875.297500189852,22.77922773814106,261.5596008300781,186.48233032226562
875.297500189852,22.77922773814106,261.5596008300781,186.48233032226562
875.297500189852,22.77922773814106,261.5596008300781,186.48233032226562
875.297500189852,22.77922773814106,261.5596008300781,186.48233032226562
788.3130672924017,117.36112291156522,261.5596008300781,186.48233032226562
788.3130672924017,117.36112291156522,261.5596008300781,186.48233032226562
841.2837183898429,7.3631938262635686,261.5596008300781,186.48233032226562
841.2837183898429,7.3631938262635686,261.5596008300781,186.48233032226562
612.483310513626,227.59226826731128,261.5596008300781,186.48233032226562
612.483310513626,227.59226826731128,261.5596008300781,186.48233032226562
612.483310513626,227.59226826731128,261.5596008300781,186.48233032226562
612.483310513626,227.59226826731128,261.5596008300781,186.48233032226562
780.3841777390535,172.75368378233446,261.5596008300781,186.48233032226562
610.1708044383527,32.84373766397157,261.5596008300781,186.48233032226562
610.1708044383527,32.84373766397157,261.5596008300781,186.48233032226562
610.1708044383527,32.84373766397157,261.5596008300781,186.48233032226562
610.1708044383527,32.84373766397157,261.5596008300781,186.48233032226562
610.1708044383527,32.84373766397157,261.5596008300781,186.48233032226562
610.1708044383527,32.84373766397157,261.5596008300781,186.48233032226562
888.4135944868241,96.95056914506841,261.5596008300781,186.48233032226562
747.4106115607412,273.3613657225592,261.5596008300781,186.48233032226562
747.4106115607412,273.3613657225592,261.5596008300781,186.48233032226562
747.4106115607412,273.3613657225592,261.5596008300781,186.48233032226562
690.215598937078,97.27947944114524,261.5596008300781,186.48233032226562
861.858219509103,62.80937594421485,261.5596008300781,186.48233032226562
861.858219509103,62.80937594421485,261.5596008300781,186.48233032226562
715.6654673699857,432.6497744685805,261.5596008300781,186.48233032226562
715.6654673699857,432.6497744685805,261.5596008300781,186.48233032226562
715.6654673699857,432.6497744685805,261.5596008300781,186.48233032226562
715.6654673699857,432.6497744685805,261.5596008300781,186.48233032226562
858.2115346535307,434.48923171885644,261.5596008300781,186.48233032226562
858.2115346535307,434.48923171885644,261.5596008300781,186.48233032226562
858.2115346535307,434.48923171885644,261.5596008300781,186.48233032226562
858.2115346535307,434.48923171885644,261.5596008300781,186.48233032226562
799.811536771587,19.50419880815143,261.5596008300781,186.48233032226562
943.0814010847403,234.22697443245602,261.5596008300781,186.48233032226562
943.0814010847403,234.22697443245602,261.5596008300781,186.48233032226562
715.3940233381653,236.59752803103999,261.5596008300781,186.48233032226562
715.3940233381653,236.59752803103999,261.5596008300781,186.48233032226562
589.278898438894,55.36735674261337,261.5596008300781,186.48233032226562
941.7274660690098,31.182837819122213,261.5596008300781,186.48233032226562
920.5823596288612,314.8919924674154,261.5596008300781,186.48233032226562
920.5823596288612,314.8919924674154,261.5596008300781,186.48233032226562
610.4576738739078,-1.4671117809422753,261.5596008300781,186.48233032226562
610.4576738739078,-1.4671117809422753,261.5596008300781,186.48233032226562
664.6074392503568,222.07362306659002,261.5596008300781,186.48233032226562
860.2093275209712,253.3610271833848,261.5596008300781,186.48233032226562
-117.16468518647793,479.2331700400666,261.5596008300781,186.48233032226562
-21.36773209043301,546.9062469978231,261.5596008300781,186.48233032226562
-12.407466644841918,567.639009150928,267.34661865234375,190.60824584960938
-7.915885879553159,579.3171191406788,267.34661865234375,190.60824584960938
-16.000731257072914,573.0289060692745,267.34661865234375,190.60824584960938
-10.50057724630463,355.29470082234764,267.34661865234375,190.60824584960938
-18.5854226238244,564.6023644848037,267.34661865234375,190.60824584960938
-21.280371082997647,552.924254495053,267.34661865234375,190.60824584960938
96.81324009835024,492.5901895583107,267.34661865234375,190.60824584960938
-17.225474205893505,557.829399637581,261.6453857421875,186.54347229003906
-60.07779213223952,594.3351090059789,261.6453857421875,186.54347229003906
-20.85050614029562,570.0552972860191,256.0657043457031,182.5653839111328
-23.925349429159766,564.5381238066425,250.6050262451172,178.672119140625
-18.03091241153811,573.8008105486193,250.6050262451172,178.672119140625
87.89579123914513,555.5107758104433,250.6050262451172,178.672119140625
-19.001666596119833,571.213546133315,245.26080322265625,174.86187744140625
-28.066823753358165,581.9269136827785,245.26080322265625,174.86187744140625
-14.057035419444361,589.3438604477917,245.26080322265625,174.86187744140625
-21.768045253041038,582.4708538970756,240.03054809570312,171.1328887939453
-27.413761585108176,586.5035084199807,240.03054809570312,171.1328887939453
-18.54192163471697,593.7622865612099,240.03054809570312,171.1328887939453
-25.800699775946143,597.794941084115,240.03054809570312,171.1328887939453
-24.018714642236816,601.9518085589635,234.9118194580078,167.48342895507812
-16.914732131248314,602.7411399490734,234.9118194580078,167.48342895507812
-41.540114404345815,402.90966590102215,234.9118194580078,167.48342895507812
828.1048233289503,454.2304247191306,234.9118194580078,167.48342895507812
138.8783298363767,563.4176547594388,234.9118194580078,167.48342895507812
618.1095328862209,189.75747352677945,234.9118194580078,167.48342895507812
616.7628611960586,397.9040389579097,234.9118194580078,167.48342895507812
707.5359710586894,381.3280797656032,234.9118194580078,167.48342895507812
739.8985580531926,374.2240972546147,234.9118194580078,167.48342895507812
728.058587201545,381.3280797656032,234.9118194580078,167.48342895507812
720.9546046905565,382.11741115571306,234.9118194580078,167.48342895507812
728.058587201545,382.9067425458229,234.9118194580078,167.48342895507812
714.6399535696779,385.2747367161524,234.9118194580078,167.48342895507812
718.586610520227,390.80005644692125,234.9118194580078,167.48342895507812
705.1679768883599,397.90403895790973,234.9118194580078,167.48342895507812
707.5359710586895,398.6933703480196,234.9118194580078,167.48342895507812
700.1503372708169,404.2831970546683,229.90225219726562,163.9117889404297
693.197849326629,398.875706431411,229.90225219726562,163.9117889404297
684.7003640615104,402.7381997337376,229.90225219726562,163.9117889404297
677.7478761173226,394.24071446861905,229.90225219726562,163.9117889404297
678.5203747777879,399.6482050918763,229.90225219726562,163.9117889404297
674.6578814754613,391.1507198267578,229.90225219726562,163.9117889404297
675.4303801359266,399.6482050918763,229.90225219726562,163.9117889404297
677.7478761173226,406.60069303606423,229.90225219726562,163.9117889404297
669.250390852204,408.9181890174602,229.90225219726562,163.9117889404297
637.5779457731257,403.5106983942029,229.90225219726562,163.9117889404297
625.9904658661459,408.9181890174602,229.90225219726562,163.9117889404297
625.2179672056806,411.23568499885613,229.90225219726562,163.9117889404297
625.9904658661459,404.2831970546682,229.90225219726562,163.9117889404297
625.2179672056806,406.6006930360642,229.90225219726562,163.9117889404297
619.8104765824233,401.1932024128069,229.90225219726562,163.9117889404297
625.2179672056806,403.51069839420285,229.90225219726562,163.9117889404297
625.9904658661459,410.46318633839076,229.90225219726562,163.9117889404297
620.5829752428887,403.51069839420285,229.90225219726562,163.9117889404297
618.8411457891566,405.704764626519,234.9888458251953,167.538330078125
614.893194822516,409.6527155931596,234.9888458251953,167.538330078125
614.1036046291879,410.44230578648774,234.9888458251953,167.538330078125
602.2597517292661,400.1776332732222,234.9888458251953,167.538330078125
598.3118007626255,400.96722346655037,234.9888458251953,167.538330078125
600.6805713426098,398.598452886566,234.9888458251953,167.538330078125
495.2931941408792,539.3871287133236,234.9888458251953,167.538330078125
605.6082716485521,596.2534727137331,234.9888458251953,167.538330078125
598.501959908599,387.01207148178196,234.9888458251953,167.538330078125
562.9704012088338,397.27674399504747,234.9888458251953,167.538330078125
557.443269855537,398.0663341883756,234.9888458251953,167.538330078125
551.9161385022402,390.96002244842254,234.9888458251953,167.538330078125
547.9681875355996,385.43289109512574,234.9888458251953,167.538330078125
545.5994169556152,386.2224812884539,234.9888458251953,167.538330078125
547.095852484872,386.82668721050015,240.18797302246094,171.2451171875
522.0769963178515,379.56314832330065,240.18797302246094,171.2451171875
498.9677008676101,377.4996308704202,235.06588745117188,167.59326171875
458.68539771611336,368.81129097499934,235.06588745117188,167.59326171875
440.51886884386977,364.86204556798987,235.06588745117188,167.59326171875
450.7869069020944,360.9128001609804,235.06588745117188,167.59326171875
454.7361523091039,363.2823474051861,235.06588745117188,167.59326171875
441.48264473287554,357.33100138916376,240.2667236328125,171.30126953125
432.6020753172685,359.7529748661475,240.2667236328125,171.30126953125
417.26290996303817,355.7163524045079,240.2667236328125,171.30126953125
411.6116385167428,354.90902791218,240.2667236328125,171.30126953125
405.96036707044743,355.7163524045079,240.2667236328125,171.30126953125
389.00655273156127,351.67972994286833,240.2667236328125,171.30126953125
373.6673873773309,354.1017034198521,240.2667236328125,171.30126953125
343.7963811611981,345.221134004245,240.2667236328125,171.30126953125
326.84256682231194,342.7991605272613,240.2667236328125,171.30126953125
311.50340146808156,337.1478890809659,240.2667236328125,171.30126953125
317.15467291437693,344.4138095119171,240.2667236328125,171.30126953125
317.9619974067048,341.9918360349334,240.2667236328125,171.30126953125
311.11605024777333,335.90882069973236,245.58262634277344,175.09130859375
305.33974442072866,340.0347534333357,245.58262634277344,175.09130859375
302.86418478056663,334.25844760629104,245.58262634277344,175.09130859375
306.99011751417,331.782887966129,245.58262634277344,175.09130859375
298.28044149058377,328.9898062403126,251.01614379882812,178.9652099609375
292.3763348971157,334.89391283378063,251.01614379882812,178.9652099609375
279.7246779111128,328.9898062403126,251.01614379882812,178.9652099609375
267.3220048267232,317.38419889078625,256.56988525390625,182.92481994628906
277.9002111698674,309.09955603156374,262.2464904785156,186.97203063964844
294.6426134256539,317.03016762640993,262.2464904785156,186.97203063964844
306.09794128487624,328.48549548563227,262.2464904785156,186.97203063964844
314.02855287972244,324.07960015516215,262.2464904785156,186.97203063964844
320.1968063423806,319.67370482469204,262.2464904785156,186.97203063964844
331.65213420160296,315.2678094942219,262.2464904785156,186.97203063964844
344.8698201930133,319.67370482469204,262.2464904785156,186.97203063964844
356.32514805223565,315.2678094942219,262.2464904785156,186.97203063964844
367.780475911458,324.9607792212562,262.2464904785156,186.97203063964844
382.7605200350564,318.792525758598,262.2464904785156,186.97203063964844
397.7405641586548,312.6242722959398,262.2464904785156,186.97203063964844
414.4829664144413,308.2183769654697,262.2464904785156,186.97203063964844
431.2253686702278,314.3866304281279,262.2464904785156,186.97203063964844
440.9183383972621,317.03016762640993,262.2464904785156,186.97203063964844
440.03715933116814,323.1984210890681,262.2464904785156,186.97203063964844
446.2054127938263,318.792525758598,262.2464904785156,186.97203063964844
455.89838252086065,316.14898856031596,262.2464904785156,186.97203063964844
471.43457021548295,313.8959566554353,256.65399169921875,182.98480224609375
484.3703850718957,313.03356899834114,256.65399169921875,182.98480224609375
493.85664929993175,317.3455072838121,256.65399169921875,182.98480224609375
491.26948632864924,316.4831196267179,256.65399169921875,182.98480224609375
473.21989062821297,299.2484882207152,262.33245849609375,187.03334045410156
451.11285309364393,277.9744508692517,268.1365661621094,191.17144775390625
457.4196463357189,282.4793031850195,268.1365661621094,191.17144775390625
462.86619521803243,266.3431127057078,274.069091796875,195.401123046875
478.5215706070966,276.473061486867,274.069091796875,195.401123046875
337.4778917256528,521.6434179962392,274.069091796875,195.401123046875
494.9525500509453,275.7619339444668,274.069091796875,195.401123046875
497.71526335489784,287.7336915949277,274.069091796875,195.401123046875
509.6870210053587,279.44555168307016,274.069091796875,195.401123046875
516.1333520479145,284.05007385632433,274.069091796875,195.401123046875
651.3868478649456,273.25812479288203,274.069091796875,195.401123046875
651.3868478649456,273.25812479288203,274.069091796875,195.401123046875
328.3639437920991,187.6025805769833,274.069091796875,195.401123046875
-50.01174058223651,232.9039794815875,274.069091796875,195.401123046875
41.71852914817154,133.66926188163583,274.069091796875,195.401123046875
114.83835019328697,-81.88184884491815,274.069091796875,195.401123046875
266.2557252717933,276.83691164263723,274.069091796875,195.401123046875
398.6172355655916,240.06412595804085,274.069091796875,195.401123046875
324.02397635887417,342.28451820428336,274.069091796875,195.401123046875
317.1824725508386,355.9070578165498,268.2244873046875,191.234130859375
327.09639712305017,362.2159189079572,268.2244873046875,191.234130859375
341.2493524144812,358.17415144033566,262.5045166015625,187.156005859375
333.3109374780007,366.1125663768162,262.5045166015625,187.156005859375
346.54162903880155,368.75870468897637,262.5045166015625,187.156005859375
359.7723205996024,367.87665858492295,262.5045166015625,187.156005859375
355.3620900793354,374.0509813132967,262.5045166015625,187.156005859375
361.53641280770916,367.87665858492295,262.5045166015625,187.156005859375
360.65436670365574,374.0509813132967,262.5045166015625,187.156005859375
368.59278164013625,380.2253040416704,262.5045166015625,187.156005859375
371.23891995229644,372.2868891051899,262.5045166015625,187.156005859375
379.17733488877695,380.2253040416704,262.5045166015625,187.156005859375
381.8234732009371,384.6355345619374,262.5045166015625,187.156005859375
391.52598034552443,376.6971196254569,262.5045166015625,187.156005859375
388.8798420333643,384.6355345619374,262.5045166015625,187.156005859375
396.8182569698448,385.5175806659908,262.5045166015625,187.156005859375
404.7566719063253,386.3996267700442,262.5045166015625,187.156005859375
412.69508684280584,376.69711962545693,262.5045166015625,187.156005859375
418.8694095711795,384.63553456193745,262.5045166015625,187.156005859375
428.57191671576675,376.69711962545693,262.5045166015625,187.156005859375
422.39759398739307,382.8714423538307,262.5045166015625,187.156005859375
426.80782450766003,378.4612118335637,262.5045166015625,187.156005859375
427.68987061171345,384.63553456193745,262.5045166015625,187.156005859375
439.84068069865793,378.9796328663781,256.9065246582031,183.1648406982422
455.0605077363142,378.43655399449136,251.42791748046875,179.2587890625
466.04326436688655,377.5917265613704,251.42791748046875,179.2587890625
458.43981746879797,371.6779345295238,251.42791748046875,179.2587890625
464.35360950064467,372.5227619626447,251.42791748046875,179.2587890625
470.26740153249136,366.6089699307981,251.42791748046875,179.2587890625
476.18119356433806,367.453797363919,251.42791748046875,179.2587890625
485.4742953286685,363.22966019831426,251.42791748046875,179.2587890625
493.0777422267571,360.69517789895144,251.42791748046875,179.2587890625
500.6811891248457,361.5400053320724,251.42791748046875,179.2587890625
508.28463602293425,355.62621330022574,251.42791748046875,179.2587890625
517.5777377872647,353.0917310008629,251.42791748046875,179.2587890625
525.1811846853533,347.1779389690163,251.42791748046875,179.2587890625
532.7846315834419,344.64345666965346,251.42791748046875,179.2587890625
543.7673882140142,342.10897437029064,251.42791748046875,179.2587890625
554.7501448445865,337.8848372046859,251.42791748046875,179.2587890625
567.4225563414008,335.35035490532306,251.42791748046875,179.2587890625
579.0606481761787,333.19027434943143,246.06614685058594,175.43603515625
573.2729695406738,332.3634631157879,246.06614685058594,175.43603515625
584.02151557804,328.22940694757017,246.06614685058594,175.43603515625
581.5410818771093,327.40259571392664,246.06614685058594,175.43603515625
593.9432503817625,324.922162012996,246.06614685058594,175.43603515625
593.116439148119,322.4417283120654,246.06614685058594,175.43603515625
595.5968728490496,321.61491707842185,246.06614685058594,175.43603515625
596.4236840826932,320.78810584477833,246.06614685058594,175.43603515625
588.9823829799012,319.9612946111348,246.06614685058594,175.43603515625
588.1555717462577,320.78810584477833,246.06614685058594,175.43603515625
593.9432503817626,318.3076721438477,246.06614685058594,175.43603515625
588.1555717462577,319.1344833774912,246.06614685058594,175.43603515625
592.2896279144754,318.3076721438477,246.06614685058594,175.43603515625
584.8483268116835,317.48086091020417,246.06614685058594,175.43603515625
590.6360054471884,318.3076721438477,246.06614685058594,175.43603515625
583.1947043443964,319.1344833774912,246.06614685058594,175.43603515625
591.3969080379271,320.2081699853769,240.81871032714844,171.69480895996094
587.3510118626942,321.0173492204235,240.81871032714844,171.69480895996094
583.3051156874614,321.8265284554701,240.81871032714844,171.69480895996094
580.8775779823217,322.6357076905167,240.81871032714844,171.69480895996094
578.450040277182,323.4448869255633,240.81871032714844,171.69480895996094
584.9174635234884,324.49567412688793,235.6831817626953,168.0333709716797
577.7901543263138,323.7037508827574,235.6831817626953,168.0333709716797
570.6628451291391,327.66336710341,235.6831817626953,168.0333709716797
574.6224613497917,328.45529034754054,235.6831817626953,168.0333709716797
569.078998640878,332.41490656819315,235.6831817626953,168.0333709716797
573.0386148615306,333.2068298123237,235.6831817626953,168.0333709716797
569.078998640878,335.58259954471526,235.6831817626953,168.0333709716797
573.0386148615306,337.95836927710684,235.6831817626953,168.0333709716797
567.4951521526169,340.3341390094984,235.6831817626953,168.0333709716797
569.8709218850084,342.70990874189,235.6831817626953,168.0333709716797
562.7436126878338,345.08567847428156,235.6831817626953,168.0333709716797
572.1263164172442,347.64065736902074,230.65716552734375,164.45001220703125
570.8506260657164,353.1292383455486,225.7383270263672,160.9430694580078
568.5751039184281,355.40476049283683,225.7383270263672,160.9430694580078
579.0240770638983,360.776297469471,220.9243927001953,157.5109100341797
576.7970811117992,364.48795738963616,220.9243927001953,157.5109100341797
574.5700851597002,368.19961730980134,220.9243927001953,157.5109100341797
577.6412224638816,376.31860518366443,216.21311950683594,154.15194702148438
575.461717871243,379.9511128380622,216.21311950683594,154.15194702148438
573.2822132786043,385.0366235542191,216.21311950683594,154.15194702148438
571.1027086859657,391.5751373321351,216.21311950683594,154.15194702148438
570.3762071550861,396.660648048292,216.21311950683594,154.15194702148438
566.7436995006884,401.74615876444886,216.21311950683594,154.15194702148438
564.5641949080498,406.83166948060574,216.21311950683594,154.15194702148438
565.2906964389293,410.4641771350035,216.21311950683594,154.15194702148438
560.2051857227724,414.0966847894013,216.21311950683594,154.15194702148438
565.2906964389293,417.7291924437991,216.21311950683594,154.15194702148438
560.2051857227724,421.3617000981969,216.21311950683594,154.15194702148438
565.2906964389293,423.54120469083557,216.21311950683594,154.15194702148438
560.2051857227724,427.17371234523335,216.21311950683594,154.15194702148438
566.7436995006884,427.9002138761129,216.21311950683594,154.15194702148438
563.1111918462907,432.9857245922698,216.21311950683594,154.15194702148438
568.1967025624476,429.353216937872,216.21311950683594,154.15194702148438
570.3762071550863,434.43872765402887,216.21311950683594,154.15194702148438
568.1967025624476,438.0712353084266,216.21311950683594,154.15194702148438
574.7352163403636,434.4387276540288,216.21311950683594,154.15194702148438
576.9147209330023,439.5242383701857,216.21311950683594,154.15194702148438
576.1882194021227,440.25073990106523,216.21311950683594,154.15194702148438
581.2737301182797,440.9772414319448,216.21311950683594,154.15194702148438
583.4532347109183,441.7037429628243,216.21311950683594,154.15194702148438
587.085742365316,443.88324755546296,216.21311950683594,154.15194702148438
590.7182500197138,443.1567460245834,216.21311950683594,154.15194702148438
594.3507576741115,442.43024449370387,216.21311950683594,154.15194702148438
597.9832653285092,444.6097490863425,216.21311950683594,154.15194702148438
607.9913368250169,442.7522060177506,211.60231018066406,150.86460876464844
615.0447445790008,449.1579926169494,207.08982849121094,147.64736938476562
617.1322831577811,442.89537688060875,207.08982849121094,147.64736938476562
622.6938886691562,450.50594331475577,202.67356872558594,144.49874877929688
626.098923985508,445.7388938718633,202.67356872558594,144.49874877929688
626.7799310487784,450.50594331475577,202.67356872558594,144.49874877929688
631.5469804916709,448.4629221249447,202.67356872558594,144.49874877929688
636.3140299345633,453.2299715678372,202.67356872558594,144.49874877929688
638.3570511243744,452.5489645045668,202.67356872558594,144.49874877929688
643.1241005672669,455.9539998209186,202.67356872558594,144.49874877929688
638.3570511243744,452.5489645045668,202.67356872558594,144.49874877929688
647.738408235681,459.99723662262454,198.3514862060547,141.41726684570312
641.7400487929696,456.664814710007,198.3514862060547,141.41726684570312
649.6365521504553,460.0998796312523,194.12158203125,138.40150451660156
642.4615667249586,458.1430654242987,194.12158203125,138.40150451660156
639.2002097133692,457.49079402198083,194.12158203125,138.40150451660156
637.2433955064156,458.1430654242987,194.12158203125,138.40150451660156
633.9820384948262,454.88170841270926,194.12158203125,138.40150451660156
637.2433955064156,455.5339798150271,194.12158203125,138.40150451660156
631.3729528855547,450.96807999880195,194.12158203125,138.40150451660156
632.0252242878726,450.3158085964841,194.12158203125,138.40150451660156
626.1547816670117,447.05445158489465,194.12158203125,138.40150451660156
622.8934246554222,446.4021801825768,194.12158203125,138.40150451660156
628.1067484000323,447.24920812164305,189.9818878173828,135.45005798339844
621.0847716998745,446.61084660344693,189.9818878173828,135.45005798339844
617.8929641088937,443.4190390124661,189.9818878173828,135.45005798339844
624.9149408090515,445.3341235670546,189.9818878173828,135.45005798339844
615.3395180361091,442.14231597607375,189.9818878173828,135.45005798339844
614.701156517913,445.3341235670546,189.9818878173828,135.45005798339844
610.2326258905398,439.5888699032891,189.9818878173828,135.45005798339844
605.7640952631666,440.22723142148527,189.9818878173828,135.45005798339844
606.4024567813627,439.5888699032891,189.9818878173828,135.45005798339844
599.380480081205,435.12033927591597,189.9818878173828,135.45005798339844
597.4653955266165,438.3121468668968,189.9818878173828,135.45005798339844
592.9968648992433,432.5668932031313,189.9818878173828,135.45005798339844
591.0817803446548,434.4819777577198,189.9818878173828,135.45005798339844
586.6132497172816,430.01344713034666,189.9818878173828,135.45005798339844
585.9748881990855,431.92853168493514,189.9818878173828,135.45005798339844
584.059803644497,427.460001057562,189.9818878173828,135.45005798339844
580.8679960535162,425.54491650297354,189.9818878173828,135.45005798339844
582.7830806081047,426.1832780211697,189.9818878173828,135.45005798339844
579.5912730171239,422.9914704301889,189.9818878173828,135.45005798339844
580.22963453532,423.62983194838506,189.9818878173828,135.45005798339844
578.3145499807315,419.16130132101193,189.9818878173828,135.45005798339844
580.22963453532,419.7996628392081,189.9818878173828,135.45005798339844
579.5912730171239,415.331132211835,189.9818878173828,135.45005798339844
580.22963453532,414.6927706936388,189.9818878173828,135.45005798339844
580.8679960535161,412.77768613905033,189.9818878173828,135.45005798339844
582.7830806081046,410.86260158446186,189.9818878173828,135.45005798339844
583.4214421263007,411.50096310265803,189.9818878173828,135.45005798339844
585.3365266808892,407.0324324752849,189.9818878173828,135.45005798339844
584.698165162693,407.6707939934811,189.9818878173828,135.45005798339844
587.8899727536739,404.47898640250025,189.9818878173828,135.45005798339844
589.8050573082623,403.8406248843041,189.9818878173828,135.45005798339844
589.1666957900662,401.9255403297156,189.9818878173828,135.45005798339844
591.0817803446547,401.2871788115194,189.9818878173828,135.45005798339844
589.1666957900662,398.0953712205386,189.9818878173828,135.45005798339844
592.3585033810471,398.7337327387348,189.9818878173828,135.45005798339844
591.7201418628509,395.54192514775394,189.9818878173828,135.45005798339844
593.6352264174394,396.1802866659501,189.9818878173828,135.45005798339844
592.9968648992433,394.26520211136165,189.9818878173828,135.45005798339844
594.9119494538318,394.9035636295578,189.9818878173828,135.45005798339844
592.9968648992433,390.4350330021847,189.9818878173828,135.45005798339844
594.9119494538318,392.35011755677317,189.9818878173828,135.45005798339844
592.9968648992433,387.88158692940004,189.9818878173828,135.45005798339844
594.9119494538318,391.0733945203809,189.9818878173828,135.45005798339844
591.7201418628509,386.60486389300775,189.9818878173828,135.45005798339844
592.3585033810471,388.5199484475962,189.9818878173828,135.45005798339844
589.1666957900662,384.0514178202231,189.9818878173828,135.45005798339844
591.0817803446547,387.2432254112039,189.9818878173828,135.45005798339844
586.6132497172815,384.0514178202231,189.9818878173828,135.45005798339844
588.52833427187,383.4130563020269,189.9818878173828,135.45005798339844
585.3365266808892,382.77469478383074,189.9818878173828,135.45005798339844
585.9748881990853,382.13633326563456,189.9818878173828,135.45005798339844
585.3365266808892,382.77469478383074,189.9818878173828,135.45005798339844
580.867996053516,379.5828871928499,189.9818878173828,135.45005798339844
584.0598036444968,381.4979717474384,189.9818878173828,135.45005798339844
575.7611039079467,379.5828871928499,189.9818878173828,135.45005798339844
579.6326795984456,384.10358788795236,185.9304656982422,132.56153869628906
572.7604486664719,379.7303500221509,185.9304656982422,132.56153869628906
578.9581311214848,384.1546448194676,181.96543884277344,129.734619140625
573.4553032272482,384.76607014104945,181.96543884277344,129.734619140625
580.6994650509595,384.38140934759883,178.08497619628906,126.96798706054688
576.2539834526867,387.4655005286752,174.28726196289062,124.2603530883789
580.3533634944142,386.8798748084284,174.28726196289062,124.2603530883789
573.9114805716996,388.63675196916876,174.28726196289062,124.2603530883789
578.0108606134271,389.22237768941557,174.28726196289062,124.2603530883789
570.3977262502189,389.8080034096624,174.28726196289062,124.2603530883789
575.66835773244,391.56488057040275,174.28726196289062,124.2603530883789
568.0552233692317,392.15050629064956,174.28726196289062,124.2603530883789
573.3258548514528,393.90738345138993,174.28726196289062,124.2603530883789
565.7127204882446,394.49300917163674,174.28726196289062,124.2603530883789
570.9833519704657,397.4211377728707,174.28726196289062,124.2603530883789
562.1989661667639,399.17801493361105,174.28726196289062,124.2603530883789
567.469597648985,399.76364065385786,174.28726196289062,124.2603530883789
561.9900047368989,403.9108768240337,170.57052612304688,121.61046600341797
567.148238415222,406.7765622008799,170.57052612304688,121.61046600341797
559.6974564354219,408.4959734269876,170.57052612304688,121.61046600341797
566.0019642644835,410.21538465309527,170.57052612304688,121.61046600341797
558.5511822846835,413.08107002994143,170.57052612304688,121.61046600341797
562.5631418122681,412.5079329545722,170.57052612304688,121.61046600341797
556.2586339832066,416.5198924821569,170.57052612304688,121.61046600341797
558.6297884760029,415.0544741746692,166.9330596923828,119.01708984375
552.4597261753441,420.10270696611724,166.9330596923828,119.01708984375
556.3861294575815,419.5417922115119,166.9330596923828,119.01708984375
550.2160671569228,424.5900250029599,166.9330596923828,119.01708984375
557.9430605310929,422.07457906569954,163.3731689453125,116.47901153564453
553.0024828244746,425.9172506152916,163.3731689453125,116.47901153564453
544.6913553416626,422.3972218834559,159.88919067382812,113.99506378173828
541.735745486614,422.0592264943544,156.47950744628906,111.5640869140625
538.0552186676074,428.8944905867952,156.47950744628906,111.5640869140625
535.4262709397456,430.4718592235123,156.47950744628906,111.5640869140625
538.6151138010721,432.1682118935964,153.1425323486328,109.18495178222656
545.304613827927,437.82855807016597,153.1425323486328,109.18495178222656
554.0524215553528,431.13905804331097,153.1425323486328,109.18495178222656
536.0422291753586,428.5661734175975,153.1425323486328,109.18495178222656
531.4110368490743,432.1682118935963,153.1425323486328,109.18495178222656
536.0422291753586,436.79940421988056,153.1425323486328,109.18495178222656
527.2944214479328,437.31398114502326,153.1425323486328,109.18495178222656
525.7506906725047,440.9160196210221,153.1425323486328,109.18495178222656
521.9278393743285,434.64055306251845,149.87672424316406,106.85655212402344
519.1573149138065,432.3821206533365,146.68055725097656,104.57780456542969
523.096565724582,431.12195080569575,143.55255126953125,102.34764862060547
519.5131041237349,431.74832896638316,140.4912567138672,100.16505432128906
520.9293054790137,428.44385913739944,140.4912567138672,100.16505432128906
519.5131041237349,427.0276577821207,140.4912567138672,100.16505432128906
517.1527685316037,425.6114564268419,140.4912567138672,100.16505432128906
514.7924329394724,423.25112083471066,140.4912567138672,100.16505432128906
513.3762315841936,420.8907852425794,140.4912567138672,100.16505432128906
511.9600302289149,417.5863154135957,140.4912567138672,100.16505432128906
511.48796311048864,415.2259798214644,140.4912567138672,100.16505432128906
508.18349328150487,412.86564422933316,140.4912567138672,100.16505432128906
505.8231576893736,411.4494428740544,140.4912567138672,100.16505432128906
502.51868786038983,410.03324151877564,140.4912567138672,100.16505432128906
499.21421803140606,408.6170401634969,140.4912567138672,100.16505432128906
494.9656139655698,405.31257033451317,140.4912567138672,100.16505432128906
489.7728756628811,404.8405032160869,140.4912567138672,100.16505432128906
483.63600312333995,401.5360333871032,140.4912567138672,100.16505432128906
479.38739905750367,399.17569779497194,140.4912567138672,100.16505432128906
474.194660754815,396.8153622028407,140.4912567138672,100.16505432128906
468.05778821527383,392.56675813700446,140.4912567138672,100.16505432128906
460.97678143888015,388.31815407116824,140.4912567138672,100.16505432128906
452.00750618878146,385.957818479037,140.4912567138672,100.16505432128906
442.09409670183027,381.70921441320075,140.4912567138672,100.16505432128906
431.23655297802657,377.46061034736454,140.4912567138672,100.16505432128906
421.32314349107537,373.2120062815283,140.4912567138672,100.16505432128906
409.52146553041916,369.9075364525446,140.4912567138672,100.16505432128906
398.66392180661546,365.6589323867084,140.4912567138672,100.16505432128906
386.86224384595926,361.41032832087217,140.4912567138672,100.16505432128906
376.00470012215555,357.16172425503595,140.4912567138672,100.16505432128906
364.20302216149935,352.91312018919973,140.4912567138672,100.16505432128906
351.45720996399064,348.6645161233635,140.4912567138672,100.16505432128906
338.7113977664819,344.4159120575273,140.4912567138672,100.16505432128906
326.9097198058257,341.1114422285436,140.4912567138672,100.16505432128906
315.1080418451695,336.86283816270736,140.4912567138672,100.16505432128906
301.41809541080835,333.55836833372365,140.4912567138672,100.16505432128906
285.8398805027422,329.30976426788743,140.4912567138672,100.16505432128906
277.814739489496,325.0611602020512,140.4912567138672,100.16505432128906
264.12479305513483,322.70082460991995,140.4912567138672,100.16505432128906
254.21138356818363,318.45222054408373,140.4912567138672,100.16505432128906
238.63316866011746,317.9801534256575,140.4912567138672,100.16505432128906
229.66389341001877,313.73154935982126,140.4912567138672,100.16505432128906
213.1415442651001,314.2036164782475,140.4912567138672,100.16505432128906
205.1164032518539,309.9550124124113,140.4912567138672,100.16505432128906
193.3147252911977,310.42707953083755,140.4912567138672,100.16505432128906
177.73651038313153,308.0667439387063,140.4912567138672,100.16505432128906
167.82310089618034,305.706408346575,140.4912567138672,100.16505432128906
156.02142293552416,305.23434122814876,140.4912567138672,100.16505432128906
145.16387921172046,302.8740056360175,140.4912567138672,100.16505432128906
132.41806701421177,304.29020699129626,140.4912567138672,100.16505432128906
120.6163890535556,300.98573716231255,140.4912567138672,100.16505432128906
108.81471109289942,301.4578042807388,140.4912567138672,100.16505432128906
96.06889889539073,299.09746868860753,140.4912567138672,100.16505432128906
82.37895246102954,302.40193851759125,140.4912567138672,100.16505432128906
70.57727450037336,299.09746868860753,140.4912567138672,100.16505432128906
57.83146230286468,302.40193851759125,140.4912567138672,100.16505432128906
45.085650105355995,300.04160292546,140.4912567138672,100.16505432128906
31.39570367099482,303.3460727544437,140.4912567138672,100.16505432128906
15.817488762928647,301.92987139916494,140.4912567138672,100.16505432128906
4.015810802272455,303.3460727544437,140.4912567138672,100.16505432128906
-4.953464447826249,303.81813987286995,140.4912567138672,100.16505432128906
-14.866873934777445,302.4019385175912,140.4912567138672,100.16505432128906
-24.78028342172864,303.81813987286995,140.4912567138672,100.16505432128906
-35.637827145532334,303.3460727544437,140.4912567138672,100.16505432128906
-46.49537086933603,304.76227410972245,140.4912567138672,100.16505432128906
863.2631935700291,132.3916330513791,140.4912567138672,100.16505432128906
928.8805230312776,199.8972309863325,140.4912567138672,100.16505432128906
922.6434560838869,205.97030363442008,137.4952392578125,98.02900695800781
912.0174527503378,208.28030435910466,137.4952392578125,98.02900695800781
903.2415862795601,210.66145833162204,134.5631103515625,95.93850708007812
887.6799842643643,210.37700351680758,131.69351196289062,93.89258575439453
868.652240732069,213.4745431615998,131.69351196289062,93.89258575439453
849.157383390676,215.7552220195749,128.88510131835938,91.89029693603516
815.8110629230708,217.05442931052056,128.88510131835938,91.89029693603516
767.7403931580816,215.7552220195749,128.88510131835938,91.89029693603516
709.2760650655271,217.92056750448432,128.88510131835938,91.89029693603516
663.4823135282802,219.3177770501593,126.13658905029297,89.93070983886719
617.2844328112392,218.89394328211307,126.13658905029297,89.93070983886719
571.9342196302907,215.92710690578934,126.13658905029297,89.93070983886719
530.8223441298047,220.58927835429807,126.13658905029297,89.93070983886719
496.4918089180587,221.0131121223443,126.13658905029297,89.93070983886719
454.53226588148027,218.89394328211307,126.13658905029297,89.93070983886719
421.0493982058267,221.8607796584368,126.13658905029297,89.93070983886719
388.41419806626567,218.89394328211307,126.13658905029297,89.93070983886719
355.7789979267046,220.1654445862518,126.13658905029297,89.93070983886719
323.99146532323607,217.19860820992807,126.13658905029297,89.93070983886719
293.05160025586,218.4701095140668,126.13658905029297,89.93070983886719
264.6547377967614,217.19860820992807,126.13658905029297,89.93070983886719
242.19154809031033,215.92710690578934,126.13658905029297,89.93070983886719
212.94701809511923,212.96027052946562,126.13658905029297,89.93070983886719
191.33149592476062,212.5364367614194,126.13658905029297,89.93070983886719
168.8683062183095,209.56960038509567,126.13658905029297,89.93070983886719
139.62377622311843,205.75509647267944,126.13658905029297,89.93070983886719
119.70358912494478,207.0265977768182,126.13658905029297,89.93070983886719
100.63106956286364,202.36442632830946,126.13658905029297,89.93070983886719
91.73056043389244,202.7882600963557,126.13658905029297,89.93070983886719
85.37305391319873,197.27842111175448,126.13658905029297,89.93070983886719
80.71088246469,193.46391719933825,126.13658905029297,89.93070983886719
76.04871101618127,190.49708082301453,126.13658905029297,89.93070983886719
72.23420710376504,186.6825769105983,126.13658905029297,89.93070983886719
68.41970319134882,182.86807299818207,126.13658905029297,89.93070983886719
65.45286681502509,179.05356908576584,126.13658905029297,89.93070983886719
63.33369797479385,176.08673270944212,126.13658905029297,89.93070983886719
67.99586942330257,174.81523140530336,126.13658905029297,89.93070983886719
64.18136551088634,171.00072749288714,126.13658905029297,89.93070983886719
69.69120449548757,168.8815586526559,126.13658905029297,89.93070983886719
70.11503826353382,165.91472227633218,126.13658905029297,89.93070983886719
76.47254478422752,164.64322097219343,126.13658905029297,89.93070983886719
80.28704869664375,161.6763845958697,126.13658905029297,89.93070983886719
85.79688768124498,159.55721575563848,126.13658905029297,89.93070983886719
88.76372405756871,157.43804691540726,126.13658905029297,89.93070983886719
94.27356304216994,157.014213147361,126.13658905029297,89.93070983886719
99.78340202677117,154.04737677103728,126.13658905029297,89.93070983886719
104.4455734752799,152.77587546689853,126.13658905029297,89.93070983886719
108.26007738769613,150.6567066266673,126.13658905029297,89.93070983886719
114.61758390838983,149.38520532252855,126.13658905029297,89.93070983886719
120.12742289299104,152.35204169885228,126.13658905029297,89.93070983886719
125.96603375010798,148.81728292303416,123.44668579101562,88.01290893554688
131.35837375877253,149.23207830831603,123.44668579101562,88.01290893554688
135.0915322263095,146.3285106113428,123.44668579101562,88.01290893554688
140.48387223497406,147.57289676718847,123.44668579101562,88.01290893554688
143.38743993194728,144.66932907021524,123.44668579101562,88.01290893554688
148.77977994061183,148.40248753775222,123.44668579101562,88.01290893554688
150.0241660964575,144.66932907021524,123.44668579101562,88.01290893554688
155.41650610512204,148.40248753775222,123.44668579101562,88.01290893554688
152.5129384081488,144.66932907021524,123.44668579101562,88.01290893554688
159.5644599579409,149.232078308316,123.44668579101562,88.01290893554688
157.49048303153145,145.49891984077902,123.44668579101562,88.01290893554688
164.54200458132354,150.0616690788798,123.44668579101562,88.01290893554688
161.6384368843503,147.15810138190656,123.44668579101562,88.01290893554688
167.86036766357864,151.72085062000733,123.44668579101562,88.01290893554688
165.7863907371692,149.64687369359788,123.44668579101562,88.01290893554688
171.17873074583375,153.38003216113486,123.44668579101562,88.01290893554688
167.44557227829677,151.30605523472542,123.44668579101562,88.01290893554688
172.8379122869613,155.86880447282618,123.44668579101562,88.01290893554688
172.42311690167944,157.94278139923563,123.44668579101562,88.01290893554688
171.17873074583378,159.1871675550813,123.44668579101562,88.01290893554688
175.74147998393454,161.26114448149073,123.44668579101562,88.01290893554688
172.8379122869613,162.5055306373364,123.44668579101562,88.01290893554688
177.40066152506208,166.23868910487337,123.44668579101562,88.01290893554688
173.6675030575251,166.65348449015525,123.44668579101562,88.01290893554688
173.25270767224322,170.38664295769223,123.44668579101562,88.01290893554688
177.81545691034398,173.29021065466546,123.44668579101562,88.01290893554688
174.91188921337076,174.53459681051112,123.44668579101562,88.01290893554688
172.8379122869613,177.43816450748434,123.44668579101562,88.01290893554688
175.74147998393454,181.17132297502133,123.44668579101562,88.01290893554688
172.8379122869613,184.07489067199455,123.44668579101562,88.01290893554688
170.76393536055187,186.97845836896778,123.44668579101562,88.01290893554688
174.49709382808885,191.54120760706854,123.44668579101562,88.01290893554688
170.76393536055187,193.615184533478,123.44668579101562,88.01290893554688
168.68995843414243,196.5187522304512,123.44668579101562,88.01290893554688
167.44557227829677,200.2519106979882,123.44668579101562,88.01290893554688
166.2011861224511,202.32588762439764,123.44668579101562,88.01290893554688
164.95679996660544,205.22945532137086,123.44668579101562,88.01290893554688
162.882823040196,207.3034322477803,123.44668579101562,88.01290893554688
161.63843688435034,210.20699994475353,123.44668579101562,88.01290893554688
158.73486918737711,211.4513861005992,123.44668579101562,88.01290893554688
156.66089226096767,214.35495379757242,123.44668579101562,88.01290893554688
153.75732456399444,215.5993399534181,123.44668579101562,88.01290893554688
152.51293840814878,218.5029076503913,123.44668579101562,88.01290893554688
151.26855225230312,219.747293806237,123.44668579101562,88.01290893554688
150.02416609645746,221.82127073264644,123.44668579101562,88.01290893554688
147.12059839948424,221.40647534736456,123.44668579101562,88.01290893554688
145.87621224363858,223.480452273774,123.44668579101562,88.01290893554688
143.5942561355857,222.41988822842018,120.81414794921875,86.1360092163086
147.24780387435715,226.88533546469637,120.81414794921875,86.1360092163086
143.5942561355857,224.04368722342969,120.81414794921875,86.1360092163086
145.6240048793476,227.69723496220115,120.81414794921875,86.1360092163086
141.97045714057617,224.04368722342969,120.81414794921875,86.1360092163086
146.4359043768524,227.69723496220115,120.81414794921875,86.1360092163086
142.78235663808096,224.04368722342969,120.81414794921875,86.1360092163086
147.24780387435717,228.50913445970588,120.81414794921875,86.1360092163086
144.4061556330905,224.04368722342969,120.81414794921875,86.1360092163086
150.49540186437622,226.07343596719159,120.81414794921875,86.1360092163086
148.46565312061432,223.2317877259249,120.81414794921875,86.1360092163086
155.36679884940483,225.2615364696868,120.81414794921875,86.1360092163086
158.2084470906715,223.2317877259249,120.81414794921875,86.1360092163086
162.67389432694773,225.2615364696868,120.81414794921875,86.1360092163086
164.70364307070963,220.7960892334106,120.81414794921875,86.1360092163086
169.16909030698585,222.0139384796678,120.81414794921875,86.1360092163086
166.32744206571917,218.36039074089632,120.81414794921875,86.1360092163086
171.60478879950014,218.7663404896487,120.81414794921875,86.1360092163086
169.57504005573824,214.30089325337246,120.81414794921875,86.1360092163086
174.85238678951922,217.14254149463915,120.81414794921875,86.1360092163086
172.82263804575732,212.67709425836293,120.81414794921875,86.1360092163086
174.85238678951922,210.64734551460103,120.81414794921875,86.1360092163086
171.19883905074778,208.61759677083913,120.81414794921875,86.1360092163086
169.16909030698588,205.77594852957245,120.81414794921875,86.1360092163086
172.01073854825256,207.80569727333435,120.81414794921875,86.1360092163086
167.54529131197634,203.34025003705813,120.81414794921875,86.1360092163086
164.70364307070966,203.74619978581052,120.81414794921875,86.1360092163086
160.23819583443344,199.2807525495343,120.81414794921875,86.1360092163086
156.584648095662,198.8748028007819,120.81414794921875,86.1360092163086
152.93110035689057,196.03315455951522,120.81414794921875,86.1360092163086
147.6537536231096,194.81530531325808,120.81414794921875,86.1360092163086
143.18830638683337,192.78555656949618,120.81414794921875,86.1360092163086
137.9109596530524,191.56770732323903,120.81414794921875,86.1360092163086
133.44551241677618,188.72605908197235,120.81414794921875,86.1360092163086
128.98006518049996,186.69631033821045,120.81414794921875,86.1360092163086
124.51461794422374,183.85466209694377,120.81414794921875,86.1360092163086
120.86107020545231,183.44871234819138,120.81414794921875,86.1360092163086
117.20752246668087,181.41896360442948,120.81414794921875,86.1360092163086
114.36587422541419,182.63681285068662,120.81414794921875,86.1360092163086
111.5242259841475,178.9832651119152,120.81414794921875,86.1360092163086
111.11827623539511,181.0130138556771,120.81414794921875,86.1360092163086
107.46472849662368,177.35946611690565,120.81414794921875,86.1360092163086
111.9301757328999,181.0130138556771,120.81414794921875,86.1360092163086
108.27662799412846,177.35946611690565,120.81414794921875,86.1360092163086
107.05877874787132,179.38921486066755,120.81414794921875,86.1360092163086
109.900426989138,178.1713656144104,120.81414794921875,86.1360092163086
107.05877874787132,176.95351636815326,120.81414794921875,86.1360092163086
111.52422598414753,179.79516460941994,120.81414794921875,86.1360092163086
107.8706782453761,176.1416168706485,120.81414794921875,86.1360092163086
113.95992447666183,180.60706410692472,120.81414794921875,86.1360092163086
111.11827623539514,176.9535163681533,120.81414794921875,86.1360092163086
116.39562296917612,181.4189636044295,120.81414794921875,86.1360092163086
113.55397472790943,177.76541586565807,120.81414794921875,86.1360092163086
120.45512045669994,181.4189636044295,120.81414794921875,86.1360092163086
118.42537171293804,179.3892148606676,120.81414794921875,86.1360092163086
123.70271844671902,182.2308631019343,120.81414794921875,86.1360092163086
124.92056769297616,178.57731536316285,120.81414794921875,86.1360092163086
130.19791442675714,181.41896360442954,120.81414794921875,86.1360092163086
127.35626618549045,179.38921486066764,120.81414794921875,86.1360092163086
133.44551241677618,182.23086310193432,120.81414794921875,86.1360092163086
136.28716065804286,179.38921486066764,120.81414794921875,86.1360092163086
141.56450739182384,182.23086310193432,120.81414794921875,86.1360092163086
143.59425613558574,179.38921486066764,120.81414794921875,86.1360092163086
254.7109050219625,115.6815772160337,123.4871597290039,88.0417709350586
253.7753189128207,111.69417714189149,126.21931457519531,89.98969268798828
256.74410111997827,109.57361842249321,126.21931457519531,89.98969268798828
259.3079432589233,110.77818799255056,129.0119171142578,91.980712890625
260.1295070050399,106.61239282147363,131.86630249023438,94.01578521728516
263.23111109014184,107.05547911934534,131.86630249023438,94.01578521728516
267.2188877709872,107.49856541721704,131.86630249023438,94.01578521728516
269.8974353254111,105.99881287658334,134.78384399414062,96.09588623046875
273.9734415653201,103.73436496552276,134.78384399414062,96.09588623046875
278.9552269696534,105.0930337121591,134.78384399414062,96.09588623046875
283.93701237398665,102.82858580109851,134.78384399414062,96.09588623046875
288.9187977783199,104.18725454773485,134.78384399414062,96.09588623046875
293.9005831826532,101.92280663667427,134.78384399414062,96.09588623046875
298.51788833191875,103.20911058390158,137.76593017578125,98.22200775146484
304.53571526676,99.96874223437166,137.76593017578125,98.22200775146484
311.47936173003836,102.28329105546445,137.76593017578125,98.22200775146484
314.2777490606557,97.83482670898928,140.81399536132812,100.39517211914062
319.10162732567034,98.1968887910487,143.92950439453125,102.61641693115234
322.4869681856048,93.8443076854187,143.92950439453125,102.61641693115234
327.80678953693035,95.29516805396204,143.92950439453125,102.61641693115234
332.15937064256036,93.8443076854187,143.92950439453125,102.61641693115234
336.51195174819037,91.42620707117979,143.92950439453125,102.61641693115234
341.83177309951594,92.87706743972313,143.92950439453125,102.61641693115234
345.2171139594504,88.52448633409313,143.92950439453125,102.61641693115234
349.5696950650804,91.90982719402757,143.92950439453125,102.61641693115234
352.95503592501484,85.62276559700643,143.92950439453125,102.61641693115234
357.30761703064485,89.00810645694088,143.92950439453125,102.61641693115234
359.72571764488373,83.68828510561531,143.92950439453125,102.61641693115234
364.07829875051374,87.07362596554975,143.92950439453125,102.61641693115234
366.4963993647526,81.75380461422418,143.92950439453125,102.61641693115234
370.8489804703826,85.13914547415862,143.92950439453125,102.61641693115234
373.2670810846215,79.81932412283305,143.92950439453125,102.61641693115234
376.65242194455595,82.23742473707196,143.92950439453125,102.61641693115234
378.10328231309927,78.85208387713749,143.92950439453125,102.61641693115234
380.52138292733815,78.3684637542897,143.92950439453125,102.61641693115234
384.87396403296816,80.78656436852862,143.92950439453125,102.61641693115234
386.3248244015115,75.46674301720304,143.92950439453125,102.61641693115234
388.74292501575036,77.88484363144192,143.92950439453125,102.61641693115234
390.1937853842937,74.49950277150748,143.92950439453125,102.61641693115234
391.644645752837,75.95036314005083,143.92950439453125,102.61641693115234
395.02998661277144,74.49950277150748,143.92950439453125,102.61641693115234
397.4480872270103,75.95036314005083,143.92950439453125,102.61641693115234
397.9317073498581,72.56502228011637,143.92950439453125,102.61641693115234
401.3170482097925,74.98312289435526,143.92950439453125,102.61641693115234
402.76790857833583,73.53226252581192,143.92950439453125,102.61641693115234
405.69149498372775,75.90936079690017,147.1139373779297,104.88680267333984
406.18581520179356,71.46047883430809,147.1139373779297,104.88680267333984
408.6574162921225,75.90936079690017,147.1139373779297,104.88680267333984
406.18581520179356,70.47183839817652,147.1139373779297,104.88680267333984
410.1997956548248,74.9529590489617,150.36883544921875,107.2074203491211
404.6419680730294,70.40564557294725,150.36883544921875,107.2074203491211
411.21030976060575,74.9529590489617,150.36883544921875,107.2074203491211
406.6629962845913,70.40564557294725,150.36883544921875,107.2074203491211
410.7657902522666,72.88909316907618,153.69573974609375,109.57938385009766
415.41371303893783,74.43840076463326,153.69573974609375,109.57938385009766
410.7657902522666,70.8233497083334,153.69573974609375,109.57938385009766
416.4465847693092,76.50414422537602,153.69573974609375,109.57938385009766
410.7657902522666,71.85622143870478,153.69573974609375,109.57938385009766
416.4465847693092,76.50414422537602,153.69573974609375,109.57938385009766
410.7657902522666,73.92196489944754,153.69573974609375,109.57938385009766
415.41371303893783,78.56988768611879,153.69573974609375,109.57938385009766
409.7329185218952,73.92196489944754,153.69573974609375,109.57938385009766
415.41371303893783,79.60275941649019,153.69573974609375,109.57938385009766
409.7329185218952,75.98770836019031,153.69573974609375,109.57938385009766
404.0521240048526,79.60275941649019,153.69573974609375,109.57938385009766
408.2456919686281,76.7831297331212,157.09625244140625,112.00382995605469
401.38348585549,77.31099174182413,157.09625244140625,112.00382995605469
406.1342439338163,82.06174982015048,157.09625244140625,112.00382995605469
397.27682819934574,76.98910779249235,160.57200622558594,114.48191833496094
393.5000415098274,81.84497639330166,160.57200622558594,114.48191833496094
398.3559101106367,80.22635352636522,160.57200622558594,114.48191833496094
391.34187768724547,85.08222212717453,160.57200622558594,114.48191833496094
384.3278452638542,81.30543543765617,160.57200622558594,114.48191833496094
389.18371386466356,86.16130403846549,160.57200622558594,114.48191833496094
379.0107787019034,82.09597872705066,164.12466430664062,117.01483154296875
370.7386042125664,87.05928342065289,164.12466430664062,117.01483154296875
365.7752995189641,83.19893532562892,164.12466430664062,117.01483154296875
359.7090382267836,89.26519661780944,164.12466430664062,117.01483154296875
354.74573353318135,86.50780512136376,164.12466430664062,117.01483154296875
349.58565162931444,89.35012946095804,160.62464904785156,114.51945495605469
354.4431123553543,93.12815447010016,160.62464904785156,114.51945495605469
345.26790876172345,89.35012946095804,160.62464904785156,114.51945495605469
335.0916407151011,94.24278711449995,164.178466796875,117.0531997680664
326.81675397409526,90.38117330203056,164.178466796875,117.0531997680664
319.64518546522356,96.44942357876818,164.178466796875,117.0531997680664
313.57693518848595,91.48449153416468,164.178466796875,117.0531997680664
306.40536667961425,97.55274181090229,164.178466796875,117.0531997680664
300.33711640287663,92.58780976629879,164.178466796875,117.0531997680664
294.268866126139,98.6560600430364,164.178466796875,117.0531997680664
287.0972976172673,94.79444623056702,164.178466796875,117.0531997680664
281.0290473405297,100.86269650730463,164.178466796875,117.0531997680664
274.9607970637921,97.00108269483525,164.178466796875,117.0531997680664
268.89254678705447,101.96601473943875,164.178466796875,117.0531997680664
263.927614742451,98.10440092696936,164.178466796875,117.0531997680664
257.8593644657134,103.06933297157286,164.178466796875,117.0531997680664
252.8944324211099,99.20771915910348,164.178466796875,117.0531997680664
247.92950037650644,104.17265120370698,164.178466796875,117.0531997680664
241.86125009976882,99.20771915910348,164.178466796875,117.0531997680664
236.89631805516535,105.27596943584109,164.178466796875,117.0531997680664
230.82806777842774,100.31103739123759,164.178466796875,117.0531997680664
223.65649926955604,105.27596943584109,164.178466796875,117.0531997680664
216.48493076068434,99.20771915910348,164.178466796875,117.0531997680664
207.1067257875444,96.4494235787682,164.178466796875,117.0531997680664
197.72852081440448,99.20771915910348,164.178466796875,117.0531997680664
185.03771734440141,90.47231402963538,167.8109130859375,119.64300537109375
159.66381151394967,84.26980371552494,167.8109130859375,119.64300537109375
148.95038460775893,83.7059391415149,167.8109130859375,119.64300537109375
122.44874962928711,78.63115797542454,167.8109130859375,119.64300537109375
92.56392720675504,70.17318936527397,167.8109130859375,119.64300537109375
59.70201677785067,58.90447676319339,171.5237274169922,122.29010772705078
23.721221606591286,47.386445848393606,175.31869506835938,124.99577331542969
-3.9660836840879483,39.728255023312116,175.31869506835938,124.99577331542969
-17.5180126415147,27.955385170650473,179.19761657714844,127.76130676269531
-45.8178995617502,14.106504337343736,179.19761657714844,127.76130676269531
281.99193114182697,290.12358288509034,179.19761657714844,127.76130676269531
410.24461016331975,376.2274941530409,179.19761657714844,127.76130676269531
404.82548288072144,385.25937295737134,179.19761657714844,127.76130676269531
398.20210509087906,394.2912517617018,179.19761657714844,127.76130676269531
391.4074005625028,405.5196746656714,175.3761749267578,125.03675842285156
382.485652046172,414.2367050322368,171.63623046875,122.37031555175781
368.0677001359164,422.8874761783901,171.63623046875,122.37031555175781
345.57569515591774,436.1519919358252,171.63623046875,122.37031555175781
333.46461555130304,441.3424546235172,171.63623046875,122.37031555175781
326.95661626410094,444.3148636545416,167.97604370117188,119.76073455810547
321.87684175661633,447.1369606031442,167.97604370117188,119.76073455810547
322.44126114633684,446.5725412134237,167.97604370117188,119.76073455810547
333.1652295510265,449.39463816202624,167.97604370117188,119.76073455810547
343.8891979557162,448.8302187723057,167.97604370117188,119.76073455810547
355.7420051398469,447.1369606031442,167.97604370117188,119.76073455810547
364.20829598565456,451.0878963311878,167.97604370117188,119.76073455810547
371.5457480520212,450.52347694146727,167.97604370117188,119.76073455810547
375.4966837800648,452.2167351106288,167.97604370117188,119.76073455810547
380.5764582875494,450.52347694146727,167.97604370117188,119.76073455810547
383.398555236152,454.4744126695108,167.97604370117188,119.76073455810547
388.9977550891244,458.4714722089177,164.39390563964844,117.20680236816406
395.0739678276421,459.02385518514654,164.39390563964844,117.20680236816406
402.25494651861754,461.785770066291,164.39390563964844,117.20680236816406
410.54069116205073,459.02385518514654,164.39390563964844,117.20680236816406
419.9312017579417,462.89053601874866,164.39390563964844,117.20680236816406
428.2169464013749,461.233387090062,164.39390563964844,117.20680236816406
454.99343702793954,466.2100451613504,160.88815307617188,114.70732879638672
469.58972458571,461.3446159754269,160.88815307617188,114.70732879638672
479.86118620043726,460.80401273254654,160.88815307617188,114.70732879638672
497.70109321549,462.42582246118775,160.88815307617188,114.70732879638672
504.728935372935,467.29125164711127,160.88815307617188,114.70732879638672
526.8936683310308,463.5070289469486,160.88815307617188,114.70732879638672
549.0584012891266,468.3724581328721,160.88815307617188,114.70732879638672
561.4922758753754,468.9130613757525,160.88815307617188,114.70732879638672
583.6570088334712,462.96642570406823,160.88815307617188,114.70732879638672
607.9841547630886,466.7506484042309,160.88815307617188,114.70732879638672
618.2556163778158,468.3724581328721,160.88815307617188,114.70732879638672
637.1767298786293,471.07547434727405,160.88815307617188,114.70732879638672
646.3669850075959,465.1288386755898,160.88815307617188,114.70732879638672
652.3136206792801,462.42582246118786,160.88815307617188,114.70732879638672
644.2045720360743,462.96642570406823,160.88815307617188,114.70732879638672
609.0653612488493,466.7506484042309,160.88815307617188,114.70732879638672
602.0375190914043,461.8852192183074,160.88815307617188,114.70732879638672
609.0653612488493,455.93858354662314,160.88815307617188,114.70732879638672
598.793899634122,459.7228062467858,160.88815307617188,114.70732879638672
592.8472639624378,463.5070289469485,160.88815307617188,114.70732879638672
585.8194218049928,471.6160775901543,160.88815307617188,114.70732879638672
579.7189635540525,477.52873138593327,157.45716857910156,112.26116180419922
554.373750725817,477.93358648553897,160.94090270996094,114.74494171142578
536.5279944243844,479.5559279674874,160.94090270996094,114.74494171142578
515.1104919700322,484.45821813704856,164.50172424316406,117.28367614746094
548.2977372222208,464.93087706663414,160.99368286132812,114.7825698852539
546.6748638126157,470.88141290185285,160.99368286132812,114.7825698852539
541.6132187617853,473.6695128189315,157.56044006347656,112.33480072021484
533.6718930351454,465.7281870922916,157.56044006347656,112.33480072021484
503.9158550598139,457.3449092256237,161.0464630126953,114.82020568847656
489.22143898845366,449.89900526963055,164.609619140625,117.36060333251953
462.72492636028437,459.50384080841286,168.25160217285156,119.95720672607422
466.14255571281296,437.6477133811531,171.9741668701172,122.61125946044922
509.48157276140444,415.1114245158855,171.9741668701172,122.61125946044922
526.2393260201932,407.599328227463,171.9741668701172,122.61125946044922
537.2185436725031,417.42283875847704,171.9741668701172,122.61125946044922
476.54391980447497,406.4436211061672,171.9741668701172,122.61125946044922
