10000
5.1388392
5.138761
5.027952
5.214414
5.150882
5.186931
5.1244617
5.1697016
5.172866
5.106
5.0894284
5.102942
5.1550636
5.1044374
5.1551237
5.1402183
5.1478863
5.242774
5.2666035
5.216926
5.1446843
5.091725
5.2688103
5.176572
5.204094
5.261092
5.1941323
5.1826763
5.240805
5.211833
5.2828484
5.1913314
5.2132597
5.2388
5.14253
5.244154
5.2765117
5.1701508
5.2314305
5.1706104
5.1799273
5.190674
5.1804557
5.2143655
5.1759887
5.1902275
5.2543406
5.214717
5.1522965
5.230278
5.218197
5.234395
5.004563
4.9118743
4.8327527
4.744322
4.9061503
4.894199
4.8709164
4.758492
4.9437437
4.8022647
4.701416
4.81127
4.639127
4.8177238
4.796959
4.8017783
4.8736796
4.898169
4.823746
4.899842
4.763995
4.7624745
4.719193
4.706838
4.6525793
4.7328143
4.675235
4.645041
4.762162
4.75311
4.589407
4.672056
4.6371274
4.6861687
4.7000284
4.650691
4.657506
4.5705504
4.5748954
4.552429
4.591736
4.640922
4.710725
4.757799
4.6022263
4.464369
4.613002
4.6810417
4.6318984
4.606548
4.6078377
4.5694265
4.6002345
4.5551744
4.602389
4.723619
4.633927
4.6514654
4.6045265
4.63337
4.563815
4.498377
4.6170583
4.331311
4.3534203
4.4621696
4.2980213
4.211259
4.2965927
4.082456
4.1162987
4.0544744
4.0559874
3.9890416
3.9952557
3.947305
3.9243088
3.8827968
3.8479686
3.7487557
3.7675395
3.7123902
3.715243
3.6393175
3.6356382
3.6508553
3.547732
3.6074667
3.560472
3.574428
3.5594583
3.5670514
3.5970676
3.535511
3.4988973
3.4864433
3.6718016
3.7252984
3.6870427
3.682772
3.7285657
3.7206054
3.8635368
3.8563485
3.8028588
3.8607597
3.8223233
3.7501268
3.7572856
3.79963
3.7764478
3.8123546
3.7659016
3.7911606
3.8471918
3.800952
3.8508801
3.7932076
3.723363
3.8079605
3.7672343
3.7854295
3.8260179
3.8118536
3.7665367
3.8361738
3.8114238
3.8602147
3.8856049
3.8877754
3.9171395
3.8302178
3.915581
3.8647285
3.8299882
3.8228002
3.8300676
3.8847725
3.8297703
3.8097994
3.8153167
3.8939605
3.884294
3.9512734
3.8574595
3.8650694
3.8265498
3.841763
3.805469
3.806633
3.7438662
3.7176127
3.7371864
3.721094
3.7134092
3.7002895
3.6583395
3.696753
3.7304997
3.657041
3.694028
3.6410925
3.690208
3.665254
3.6353853
3.648492
3.6409297
3.6431723
3.6354666
3.6494255
3.6601374
3.6537838
3.6570048
3.68965
3.4985418
3.5755827
3.557157
3.4949498
3.3805046
3.397902
3.4739046
3.4795747
3.4647584
3.4999638
3.5140443
3.430489
3.4469898
3.608292
3.571364
3.639674
3.5724192
3.582271
3.4792333
3.6806736
3.8721192
3.728703
4.0017242
4.320495
4.3496766
4.4112883
4.3911495
4.344902
4.3740335
4.3701515
4.33515
4.3097897
4.2366858
4.3404274
4.3406525
4.2691174
4.208533
4.059019
4.1034317
4.0743937
3.9479778
3.8759825
3.6324387
3.7143197
3.8260732
3.82416
3.8059254
3.8985014
3.7644925
3.719874
3.994257
4.4325686
4.5032177
4.585595
4.4762583
4.323469
3.9635992
3.364975
3.698387
3.8226545
3.8758273
3.8254583
3.8295548
3.6939173
4.150056
4.586692
4.6462383
4.664276
4.6149125
4.6574454
4.5791607
4.558402
4.5144486
4.589133
4.644066
4.666437
4.601453
4.5463963
4.6354966
4.4786344
4.4999237
4.5267787
4.5126104
4.596587
4.6471534
4.6054277
4.5746374
4.5509415
4.54813
4.426137
4.529191
4.4611416
4.389073
4.649151
4.593322
4.6425333
4.7060156
4.663351
4.579522
4.584779
4.567528
4.5827994
4.6176515
4.646397
4.64698
4.5901814
4.560336
4.5683746
4.546625
4.6175632
4.5797615
4.6322546
4.518673
4.275305
3.9357564
3.585931
3.6228857
3.6434307
3.5803607
3.5640852
3.5113733
3.4752333
3.4931395
3.481906
3.479586
3.4677925
3.5739958
3.54613
3.5914903
3.4833298
3.6025953
3.5544472
3.5602365
3.48768
3.6461334
3.6856751
3.6097722
3.5769267
3.6974692
3.6478777
3.638041
3.6454706
3.6971738
3.6216204
3.6647873
3.6190732
3.7339902
3.7423477
3.7031336
3.7195053
3.6763427
3.7222362
3.9371278
3.577989
3.5624537
3.587935
3.5322762
3.8272223
3.69048
3.741778
3.8272226
4.062976
4.1527157
4.208656
4.1165977
3.75049
3.8637822
3.5704956
3.1719985
3.1287355
3.155632
3.1313844
3.115879
3.1440675
3.5133538
3.9569764
3.914426
3.9656727
3.8493903
3.8251474
3.7561457
3.913169
3.8735335
3.8763666
3.8079908
3.9732559
3.5990162
3.5736938
3.566523
3.5578387
3.578826
3.5698326
3.478242
3.5615492
3.477839
3.52698
4.1210275
4.2418003
4.2453833
4.1768723
4.1764774
4.226062
4.1978765
4.230655
4.2700863
4.217397
4.1867313
4.2100472
4.11034
3.66962
3.6837811
3.5813577
3.572145
4.037768
4.2748895
4.177511
4.219253
4.0399847
3.478191
3.6668365
3.1926396
3.2096655
3.2099524
3.245257
3.2222626
3.2097616
3.7883563
3.418685
3.5830264
3.7338076
3.6805794
3.65899
3.5757928
3.7011132
3.792957
4.016826
4.0124793
4.1007333
4.0698276
4.3663583
4.480987
4.496862
4.6837254
4.5595016
4.645535
4.63757
4.6152806
4.6749825
4.6634607
4.699909
4.7628083
4.7950993
4.790396
4.7037873
4.8220625
4.725382
4.852633
4.730336
4.733966
4.7118316
4.7002463
4.6600194
4.6529713
4.712771
4.625001
4.7135267
4.6628
4.767172
4.6299458
4.611844
4.5578527
4.663806
4.6283875
4.659033
4.680828
4.6704583
4.659643
4.6555767
4.619877
4.6962085
4.5603266
4.650599
4.5976324
4.6456594
4.5614023
4.6272836
4.5945406
4.565094
4.5692997
4.60872
4.529696
4.585416
4.4553027
4.5190234
4.4152956
4.2710586
4.190485
4.2398553
3.9448433
3.9417024
3.7558932
3.6875815
3.754208
3.7197597
4.042902
4.34738
4.250124
4.2669487
4.468839
4.6352277
4.6307917
4.710244
4.8464947
4.925923
4.8152037
4.4757495
4.5316305
4.584794
4.4972835
4.552161
4.596367
4.547087
4.283909
4.0276523
4.1008005
4.0512266
3.938126
3.991857
4.0811043
4.2316575
4.3535466
4.3436465
4.632591
4.6166353
4.7982173
4.6706634
4.68928
4.651965
4.7748423
4.745385
4.755495
4.700766
4.730185
4.6725755
4.687411
4.7885222
4.7621193
4.7893505
4.7763124
4.7079515
4.69801
4.7451534
4.719929
4.7555823
4.7762165
4.7509346
4.7529855
4.69522
4.684925
4.683251
4.694643
4.672437
4.686092
4.6843715
4.678719
4.6808124
4.7280836
4.6662693
4.7498674
4.6940928
4.712294
4.6960964
4.671645
4.6231427
4.546421
4.4737086
4.4577594
4.502299
4.5901217
4.5451407
4.567215
4.524992
4.5516944
4.4618654
4.49209
4.4165273
4.414127
4.4307685
4.447702
4.405718
4.431871
4.253642
4.1129017
4.004599
3.8953788
3.8188887
3.8504624
4.0199466
4.31421
4.3142033
4.1202683
4.0005665
4.158487
4.145014
4.226855
4.216243
4.362954
4.250946
4.2147727
4.142661
4.0159926
3.8191173
3.7028408
3.845889
4.1036396
4.190637
4.049092
3.8970485
3.8448613
4.033085
3.9550958
3.7028494
3.6324105
3.8217583
3.76198
3.9351048
3.3931222
3.0239258
2.9833236
3.1476312
3.2042305
3.3510146
3.3478942
3.2936573
3.3523426
3.346646
3.3185506
3.321871
3.2756984
3.3275263
3.2965407
3.3124938
3.323764
3.2945855
3.3085284
3.321464
3.2688994
3.357338
3.236184
3.3004177
3.3658376
3.2618115
3.2927678
3.2984517
3.299636
3.3723717
3.4689054
3.3822153
3.3773909
3.299647
3.4071722
3.3403037
3.3793292
3.3342175
3.3380325
3.3367476
3.3764899
3.34852
3.452159
3.7077954
3.697661
3.6375277
3.4850175
3.620878
3.5955436
3.8930259
3.9676409
4.0943685
4.1658444
4.2708282
4.0403423
4.247366
4.1655273
4.283337
4.2363434
4.470002
4.336544
4.071034
3.9174802
3.8539214
4.021016
3.7560833
3.8079958
3.9000573
3.8815088
3.9301786
4.1943765
4.5316496
4.1001406
4.0267034
3.8235135
3.490405
3.6041758
3.7281857
3.679281
3.5677948
3.6679966
3.4479258
3.074649
3.408518
3.5374632
3.5996575
3.8702965
3.5084763
3.6305122
3.6052139
3.9961386
4.0312953
4.171088
4.2202096
4.0555058
3.8771703
3.7124763
3.6630278
3.678586
3.255807
2.9641929
3.0240607
2.936514
3.0318298
3.0431557
2.9601476
3.0092995
3.0302203
2.9958572
3.0193305
2.9112916
2.919765
2.9165998
2.938315
2.9600258
2.9372303
2.8393743
2.8684115
2.823803
2.9134743
2.9760091
3.1950285
3.2212129
3.125643
3.2361555
3.3953424
3.320396
3.080942
2.994749
3.0135741
3.044371
3.059584
3.1644533
3.3127856
3.4643416
3.5066652
3.634211
3.6362076
3.3532631
3.4097598
3.2351875
2.8762932
2.8714585
2.9344368
3.0589523
3.3713515
3.606317
3.8565006
3.8708348
3.8772929
3.6437345
3.5625193
3.3031821
3.4017334
2.975492
3.0389705
3.164917
3.1839306
3.4920592
3.7012367
3.7503827
3.7386365
3.7550685
3.5969808
3.5646217
3.1816864
3.1657825
2.7447107
2.8686106
2.9530156
3.0529013
3.5949876
3.8868601
3.8756404
4.055341
4.017574
3.9234247
3.629084
3.151211
3.1370988
2.6816452
2.860088
3.0969162
3.190568
3.2418904
3.2287152
3.5499823
3.5739796
3.4722197
3.4448757
3.2315254
3.0065253
2.910597
2.8936427
2.8619869
2.9386687
2.871744
2.9041262
3.173028
3.1036263
2.9559436
3.2044961
3.4508553
3.4580822
3.2833815
3.0396998
3.19366
3.2737772
3.416087
3.6306546
3.5379748
3.3267016
3.439976
3.6128838
3.6016004
3.321396
3.502748
3.5497217
3.273604
2.842084
3.148224
3.0777125
3.3353448
3.2962644
3.4364257
3.7791188
3.917489
3.9081926
4.018505
4.0656238
4.097929
3.733083
3.413377
3.3545732
3.344827
3.5019815
3.6399136
3.6947393
3.5685377
3.8901699
3.909778
4.0103264
3.9738252
3.9023244
3.8049011
3.3808334
3.37396
3.3543496
3.3974211
3.5275254
3.415986
3.748992
3.7515604
3.7235959
3.997267
4.027898
3.855736
3.9778137
3.564269
3.2808633
3.2954538
3.3083174
3.234496
3.4057093
3.7280924
3.7317522
3.57234
3.6926293
3.9079797
3.5284808
3.644754
3.2705986
2.9036565
3.3064227
2.991135
3.214351
3.4160583
3.4532394
3.3854735
3.6629071
3.799201
3.6891317
3.2333155
3.4721003
3.4683495
2.7846832
2.8631194
2.882645
2.849677
2.8117177
2.9203691
3.4040327
3.5103943
3.496117
3.634719
3.363659
3.2255712
2.8692632
2.8374784
2.963891
2.8460953
3.083271
3.1541781
3.153691
3.3138044
3.3855453
3.3825603
3.6421418
3.4374146
3.3062353
3.628076
3.152914
2.9906473
3.305747
3.2059712
3.1853552
3.0053895
3.4484582
3.4416268
3.5800421
3.8640811
3.7226338
3.2471507
3.0581415
2.914373
2.9255722
3.1970606
3.5436015
3.5207603
3.7730694
3.481079
3.3658314
3.5029988
3.5744197
3.5494397
3.457484
3.1561952
2.8341382
3.224483
3.3763692
3.350129
2.968776
3.2404926
3.3110757
3.3183715
3.2247722
3.2508829
3.11358
2.8976934
2.7826202
2.687086
2.7798696
2.8625786
3.0842772
2.9631016
3.3513095
3.282271
3.4366438
3.4581387
3.4750752
3.3794959
3.3011594
3.415302
3.4196153
3.4048798
3.3659835
3.248149
3.404466
3.5218246
3.4922037
3.3816485
3.387467
3.4850368
3.954437
3.903438
3.7954297
3.4950116
3.4933424
3.470708
3.6268966
3.4657123
3.4165773
3.4129424
3.3604507
3.4286656
3.8447356
3.6869643
3.6228094
3.2761505
3.1043131
3.4041846
3.4887125
3.3654103
3.4461298
3.4565144
3.6059022
3.6126575
3.4321508
3.5953434
3.7961545
3.8484666
3.3524773
3.1690953
3.4883687
3.5373206
3.384446
3.5044324
3.4358706
3.3282006
3.46168
3.4626713
3.4585395
3.3751264
3.679606
3.8411827
3.7808442
3.354136
3.4036345
3.429675
3.392116
3.4776034
3.413352
3.3418877
3.7030077
3.6763487
3.8579743
3.70093
3.4726436
3.6329863
3.5108862
3.461553
3.3883684
3.300306
3.4608061
3.371923
3.4027665
3.4025617
3.400847
3.3390172
3.2870228
3.460631
3.3431473
3.3939571
3.2423506
3.3695955
3.3911104
3.4192464
3.3620515
3.3364563
3.477528
3.3049529
3.3513298
3.283277
3.2605946
3.1302516
3.1365309
3.212396
3.1866174
3.0948362
3.0922081
3.143445
3.1431549
3.1199384
3.12389
3.202228
3.1032267
3.1108675
3.2596111
3.325901
3.487373
3.5156498
3.4588263
3.3838093
3.2602298
3.265624
3.1820865
3.2090397
3.2194827
3.2087302
3.1146722
3.154132
3.2290359
3.2375457
3.155962
3.2886524
3.259468
3.2285938
3.289548
3.3221006
3.2418182
3.2226448
3.2618551
3.2461863
3.2777789
3.2643204
3.1565132
3.2189043
3.1737854
3.2035894
3.2684655
3.219268
3.2466004
3.2864726
3.2523916
3.2704031
3.2660272
3.4572024
3.4855616
3.438378
3.5109563
3.5097275
3.4976902
3.4567952
3.4335833
3.425291
3.3902504
3.4086814
3.5019665
3.4604654
3.3764238
3.4671276
3.323007
3.427464
3.309413
3.2760193
3.384392
3.389828
3.396903
3.4483116
3.347559
3.3771772
3.439657
3.390553
3.3695474
3.4691978
3.4201767
3.4277751
3.4630373
3.5244737
3.449032
3.3122356
3.1924362
3.240314
3.2019813
3.5485682
3.4990916
3.7377095
3.4367702
3.4996085
3.5217383
3.5004978
3.4795415
3.5120523
3.4761982
3.433619
3.4665318
3.2924871
3.4155316
3.4676802
3.4549417
3.4575186
3.432102
3.4200797
3.3817956
3.2823384
3.3782387
3.396908
3.4690819
3.3933706
3.37166
3.38984
3.3698819
3.3933916
3.4567327
3.3556595
3.386087
3.4211159
3.561301
3.3914552
3.3175907
3.279808
3.2945704
3.1581273
3.1448011
3.1398473
3.0990665
3.0658345
3.087472
3.6425924
3.8069563
3.7372127
3.8014832
3.4178836
3.361996
3.1039422
3.0314105
3.2090108
3.323434
3.4010658
3.4527194
3.5033946
3.5443485
3.5837638
3.443277
3.4462035
3.4843023
3.3471978
3.3418002
3.5164385
3.5404072
3.5741248
3.4445126
3.477007
3.615899
3.4572
3.1102946
2.9954317
2.745162
2.8480287
2.8544323
3.0114794
2.8727183
2.9926937
2.786799
2.9181006
2.944219
2.8960476
2.803991
2.826264
2.7524893
2.882165
2.9237738
2.8986862
2.8958733
3.0005162
2.8132248
2.860792
2.857544
2.7757554
2.844153
2.8205557
2.7561355
2.8081598
2.7891018
2.9763565
2.7679086
2.7635093
2.7593777
2.7551305
2.7748184
2.802563
2.6733336
2.7810125
2.7485943
2.721373
2.7768834
2.678534
2.763585
2.8934522
3.0088968
2.9842093
3.3038168
2.9196038
2.859427
2.9247115
2.9695845
3.2600648
2.9418914
3.0979867
2.9241045
2.899129
2.9600668
3.0279927
3.0923193
3.1673558
3.1022954
3.0983167
3.190271
3.2607677
3.1946788
3.1002254
3.213022
3.1806664
3.2382243
3.2233696
3.1797717
3.276608
3.047293
3.1178837
3.0333838
3.010179
2.9828625
2.9908953
3.096585
3.159883
3.0755756
3.0606856
3.0521424
3.060927
2.9665437
3.0512807
3.0343785
3.0064561
2.9502118
3.0374472
2.8908784
2.9220018
3.0825393
3.008204
3.0061905
2.9139905
2.9027486
2.9030364
2.8511028
2.8168888
2.827714
2.777546
2.90527
2.8512614
2.8039234
2.790886
2.822642
2.8988748
2.7001162
2.832701
2.7967973
2.753221
2.7926214
2.7801294
2.78316
2.8015833
2.775831
2.7674575
2.7780862
2.852355
2.9720862
2.9908383
3.0021696
2.8873734
2.9840298
2.9807968
2.979362
2.9418952
2.8735228
2.8775833
2.9004717
2.7957656
2.8697004
2.8362732
2.8837066
2.8403666
2.914668
2.880958
2.8271873
2.8175337
2.8125398
2.8277273
2.8651123
2.844447
2.8516967
2.883062
2.9650776
2.9103968
2.8857284
2.8837264
2.907386
2.982541
2.972302
2.829248
2.8681269
2.9057474
2.9146507
2.8253067
2.849224
2.7630835
2.7927508
2.7075226
2.7824106
2.7565517
2.8488848
2.8246737
2.8856125
2.7302349
2.8014932
2.8892808
2.8040385
2.8602896
2.8442209
2.896627
2.7636366
2.778883
2.802543
2.8352962
2.8933284
2.7429638
2.773612
2.7266088
2.6416705
2.7419815
2.7521796
2.738068
2.7572744
2.7079134
2.7072406
2.6462955
2.6244357
2.7628503
2.8208263
2.7500932
2.7759247
2.6860433
2.8596435
2.836541
2.8277314
2.8242378
2.736337
2.754657
2.8028245
2.977981
2.961255
2.963511
2.8814821
2.9819443
2.9981794
2.9177294
2.99781
2.9575648
3.0099838
2.9508991
2.912625
2.9004555
2.9158392
3.120703
3.1302466
2.8924634
2.8355958
3.029215
3.0122826
2.9706233
3.1049712
2.9853466
2.9644322
3.0504274
3.0414567
2.951927
3.0292974
3.0888891
