10000
10.156441
10.05887
10.067155
10.061448
10.025739
10.056501
10.095673
9.983608
9.96474
9.951198
9.899156
9.937904
9.94258
9.902187
9.966866
9.981082
9.887201
9.866632
9.981951
9.865704
9.987755
10.055914
10.0357685
9.86477
9.990971
9.992483
9.990377
10.010239
10.133479
10.225162
10.008926
9.985977
9.848209
9.931955
10.06463
10.105414
10.063467
9.938084
9.763548
9.625706
9.396353
9.150668
8.833389
8.669284
8.269219
7.5344534
6.6512237
5.964436
5.499276
4.3721642
3.6953273
3.9266043
4.0549154
3.9584105
4.220761
4.8562903
5.478574
4.261187
4.058413
4.0991683
4.2218294
4.462763
4.3617687
4.318442
4.334852
4.4266815
4.3406367
4.403391
4.3328986
4.355571
4.43714
4.641011
4.5146885
4.580633
4.8719473
4.530151
4.3166633
4.7727737
4.3755884
4.054724
3.5778942
3.8244276
3.8204436
4.0776615
4.3164587
4.097924
4.4030657
4.3716946
4.1010966
4.0736184
4.0739684
4.464396
4.299598
4.366599
4.255549
3.884441
4.8837247
5.122892
4.1714387
3.8337288
4.686648
4.4915814
4.7241507
4.7566266
5.0116024
4.824457
4.8325224
5.1194324
4.813689
4.9384794
5.0353036
4.464329
4.652047
4.5491724
4.6219954
4.61485
4.499628
4.2783422
4.2465973
4.3039646
4.343983
4.264159
4.467581
4.3781686
4.3258805
4.5983424
4.270641
4.3566165
4.186637
3.1820111
4.242467
4.2962303
4.1457515
4.0778575
4.0698957
4.3632927
4.178491
3.3663273
4.00899
4.480608
5.1771555
4.6940794
3.987173
4.0268035
4.8981853
4.998306
5.0516653
4.338752
4.7540245
5.9296417
6.614306
6.5874796
6.1898355
4.8896914
4.0738826
4.893206
5.7724495
7.2531376
6.4566255
5.0919347
4.935066
4.70337
4.8407264
5.607581
6.7181044
6.0101395
4.845187
4.0307417
4.7825136
4.0750065
4.3781047
4.9451737
4.5304604
4.0764503
4.195869
3.8497922
6.479496
4.985975
5.134983
4.9961853
4.8589716
4.656505
4.6614494
4.696
5.187928
5.0093207
4.0128493
3.9261608
3.8520925
4.112876
4.579571
5.384159
6.4467707
6.8574357
6.1394606
5.0515985
4.61127
5.13024
5.7849455
6.829859
6.925443
6.7259655
5.859537
5.1830416
4.8577914
5.5089736
5.9556656
6.2204022
6.206422
5.968763
4.1572523
4.0078135
3.9687815
4.021014
5.4454885
5.5987096
5.297021
4.771005
4.8105774
4.164284
4.0474434
4.7630816
4.6588907
4.314814
4.012617
4.1324754
3.8491833
3.801031
3.740806
3.730285
4.1283817
4.1385603
4.48562
4.6758995
4.251465
4.4042435
4.212809
4.0808396
4.232363
4.396114
4.4370103
4.75905
4.5798926
4.664021
4.602936
4.4503508
4.110219
5.483259
5.3822165
4.6531343
4.5213284
4.6480308
4.465021
4.786997
4.668922
4.6602407
3.966178
3.6411095
3.7385626
3.752329
3.5640006
4.131302
4.171193
3.955481
3.8726947
4.545826
4.917837
4.7824597
5.0264244
5.485695
5.4430346
5.1380835
5.444619
4.901456
4.280285
4.3624167
4.3108983
3.9409988
3.8028393
3.565774
4.5664196
4.383876
4.972396
5.2190194
5.049445
5.1871843
5.5076275
5.7800694
5.3626676
5.533804
5.306324
4.950344
4.0979376
3.757987
3.9942834
5.601
5.8268533
5.7583275
5.884204
5.9008574
5.2581315
3.5833921
4.2166715
3.9479187
3.8945386
3.264135
3.7450995
3.7758172
3.8355947
3.8687375
3.921718
3.9179924
3.8218708
5.0460196
5.1275487
5.378758
5.348802
5.1333876
4.923656
5.249272
5.8842916
5.8086605
6.0011983
5.8712845
6.0229607
6.576947
6.540363
6.414953
6.6660047
7.122264
6.779588
6.366126
6.4319057
6.4330225
6.071775
5.7303915
5.4858413
5.395948
5.871569
5.956233
5.8570437
5.7652817
5.5840993
5.31357
5.919487
5.988334
5.3479214
5.2371416
4.590429
4.481843
4.6767964
4.9541464
4.7926683
5.171394
5.510503
5.6379137
5.6551294
5.5291824
5.3415895
5.569851
5.2757573
5.296902
4.977755
4.5764465
4.854883
5.156213
4.867496
4.462061
4.761949
5.115753
5.2380705
4.8067617
5.106458
6.0378394
5.9743443
5.7344437
5.1604033
5.651524
6.148502
6.636669
6.1015353
5.82508
5.8327365
5.5924993
6.025736
5.8467407
5.86217
5.7753344
5.907691
6.2821236
6.400464
6.3792443
6.3030057
6.590063
6.7439775
6.871256
7.105221
6.662426
6.0914035
5.2781124
5.255955
5.1577377
5.4147463
6.024705
6.3529944
6.6753235
6.568977
6.472745
6.5176
6.5753107
6.7504272
6.076042
3.8759127
3.8192515
3.7352614
3.9277403
3.681466
3.921615
3.69719
3.8003504
4.567293
4.6172724
4.5016956
3.9447865
3.6540813
3.7613087
3.4622793
3.760212
3.7042873
3.7040496
3.5587313
3.4933417
3.4406323
3.414228
3.0977762
3.4151921
3.6018987
3.750999
3.598595
3.753686
3.8020875
3.041917
3.3767128
3.807312
3.203525
3.283576
3.0106864
3.0248523
3.0795283
3.1479106
3.121653
3.1837661
3.990639
3.2090259
3.5419722
3.509337
3.965341
4.3776217
4.0496163
3.3703218
3.5584145
3.6605072
4.267469
4.215135
4.202116
4.1178293
3.760105
4.0420074
4.1228747
4.3119464
4.3568406
4.5322804
4.558429
4.753068
4.7468147
4.6992245
4.625904
4.817692
4.7353683
4.490568
4.639394
4.6262035
4.7190523
4.7967505
4.7658978
4.5757823
4.6960793
4.634506
4.58527
4.552721
4.3926353
4.890722
5.2243433
4.7708626
5.4807615
5.855589
5.580185
5.6631026
5.539729
5.534319
5.4298377
5.138864
5.671548
5.2087436
5.0774117
5.0656533
4.2457814
4.2376146
3.6048174
4.435169
4.19848
4.0014644
2.779884
5.037164
4.2818656
3.1452558
4.320415
3.3555427
4.2989573
4.6478443
3.4907186
4.7528815
4.549568
4.06832
4.215737
4.6782746
4.588377
5.1575546
5.5970774
4.081599
4.4686556
5.0778646
4.7470646
4.5548854
5.4365516
6.306185
5.4780865
4.7507167
4.1132655
3.2757766
3.4368353
4.654796
4.503737
4.5182996
4.5487833
4.719624
4.9720263
4.74571
4.1561346
3.668354
3.3354168
4.038267
3.7501886
3.972146
3.8443875
4.0828805
5.67592
4.892964
4.978599
5.2462425
5.682485
6.0752387
5.8099456
5.422446
5.6022067
5.879585
5.6006613
5.5562997
5.7237263
5.939532
6.165163
6.028538
5.749567
5.8156095
6.310912
6.426187
6.3706684
6.5784616
6.6418076
6.637601
6.433992
6.5190067
6.547728
6.5952873
6.4961214
6.1848025
5.92246
5.6995244
5.772914
5.7721367
5.7253275
5.8763423
5.9435296
6.175513
5.965081
5.763998
5.745066
5.9660306
5.9924946
6.153162
6.2164984
6.0750337
5.9265747
5.560155
5.7293754
5.6901393
5.5640135
5.8140435
5.4752326
6.2329345
6.2925253
5.6807065
6.1134443
6.032383
5.8950553
5.74942
5.547461
5.5740824
5.8409863
5.226535
4.7812624
4.7674127
5.042138
5.043278
4.7634373
5.032535
5.0750613
5.305778
5.859641
5.998316
6.029205
5.8555756
5.746262
5.5438023
5.411482
5.3609734
5.596549
5.6190658
5.802068
5.8935585
5.784675
5.9041867
5.9627843
5.9794273
6.0247803
5.810525
5.912814
5.8785496
6.215939
6.3798265
6.397763
6.3206573
6.257287
6.300313
6.105932
6.1124086
6.139843
6.142119
5.993223
5.8749638
5.603696
5.7242117
4.806885
3.9904447
4.735975
5.247157
5.3182206
5.2546573
5.565423
5.4828157
5.25477
6.206023
5.823845
6.1137695
5.9569097
5.147269
4.02641
4.555061
4.8533916
5.5544505
5.6675253
5.8290567
6.133534
6.6194687
6.7013288
6.403796
5.641514
5.0993023
4.1122074
4.790632
3.4480512
4.3831396
3.9121437
3.9390428
3.4810221
3.9362142
3.895667
3.9738135
3.968135
3.6990998
5.5193477
5.557893
5.658007
5.444484
5.39016
5.320157
5.5476246
5.628132
5.615796
5.657919
5.5873857
5.7515874
5.4149327
5.5556297
5.2924347
5.373881
5.4586473
5.2186265
5.2523527
5.3154902
5.276455
5.3295336
4.976504
4.4853587
3.7154384
4.2317176
3.7904582
4.136348
4.718002
5.0074654
4.9700985
4.8699484
4.9795694
4.868739
5.144093
5.150295
5.290802
5.2138176
5.35074
5.2308917
5.1923122
5.289647
5.301006
5.239098
5.279704
5.2509274
3.520871
4.4775786
4.4099455
4.2681904
2.4116328
3.8438365
4.519562
3.6650805
3.4239192
3.5801249
3.7360659
3.63933
4.0541496
4.3673687
4.6687865
4.6756225
3.7625265
4.634158
4.6628375
4.321292
4.1134586
3.1162531
4.193384
4.1256156
4.888588
4.84334
4.8457317
4.972974
5.0948267
5.0511346
4.970753
4.93882
4.9956627
4.8554144
4.8941116
4.9345655
5.1533465
5.2318897
5.0447063
5.14577
5.161873
5.130501
5.0440407
5.011093
5.0107794
4.6835117
4.803191
4.83286
4.732112
4.837877
4.6721983
4.755409
4.5286446
4.394328
4.2962956
4.3572674
4.2686334
4.34286
4.1504683
4.272329
4.2523665
4.4520435
4.4202585
4.409221
4.3782706
4.306731
4.373768
4.2316637
4.2991977
4.172285
4.3551016
4.134805
4.2824607
4.1851645
4.167129
4.020554
4.1383767
4.162193
4.3348804
4.188278
4.241946
4.398115
4.2394643
4.3863125
4.1615553
4.4549394
4.2461576
4.5322886
4.12691
4.29989
4.381639
4.3091426
4.3583255
4.3650117
4.174193
4.252358
4.093684
4.169281
4.1118393
4.0341325
3.9567761
4.1011467
4.0334806
4.0321245
4.312974
4.29919
4.541894
4.3811293
4.3927464
4.314588
4.3079844
4.1526036
4.6415195
4.671433
4.813339
4.6071744
4.4122024
4.410825
4.545658
4.59408
4.439899
4.435348
4.63038
4.3428
4.468374
4.312436
4.3817816
4.1652145
4.024124
4.6615753
4.9721274
4.634548
4.4356303
3.708613
5.127244
4.9618607
4.47757
4.372436
5.1017904
3.5218759
3.9755774
3.9623063
4.026754
4.00157
4.107124
3.982198
4.0868855
4.056491
4.00409
4.028357
4.014762
4.015012
4.0208626
3.8881354
6.1177893
6.1537247
5.690163
6.14891
6.2272606
5.9654355
5.9670806
5.891837
5.757729
5.7469163
6.1267557
5.987467
5.972678
5.8058915
5.9557686
5.8695383
5.9007316
5.735379
5.735077
5.7000656
5.6799116
5.663797
5.486222
5.3979664
5.4882593
5.762058
6.2355337
5.8236346
4.4633284
3.7353187
3.8571637
4.293275
4.052205
4.0218143
4.1874037
3.9778295
4.117867
4.259339
4.443452
4.440452
4.6332912
4.6071744
4.3686013
4.3882113
4.0981
4.579359
4.5663733
4.235104
4.0575085
4.26374
4.0749044
4.1438274
4.0861583
6.112481
5.82064
5.7291193
5.801956
5.832228
5.6298018
5.5742903
5.365366
5.222517
5.0804334
5.0362997
5.213908
5.015467
5.1312532
5.164444
4.9840827
4.8466415
4.945799
5.123845
5.048748
5.025929
4.9362698
4.80649
4.8440437
4.879819
5.1623087
5.1212864
5.174078
5.631503
4.7625957
4.649312
4.3630395
4.4924936
4.645189
4.280511
4.34082
4.611004
4.8085046
4.648167
4.82289
4.828458
4.704823
4.81504
4.8134727
5.08793
4.799414
4.7682304
4.798601
4.7444882
4.678315
4.588114
4.3491907
4.8256345
4.8424015
4.8248515
4.5712314
4.775547
4.818663
4.7368436
4.729047
4.4583144
4.674325
4.567095
4.516884
4.5797815
4.6966615
4.6588774
4.7079196
4.6129885
4.70018
4.506107
4.705849
4.8398232
4.783065
4.828363
4.6272554
4.784655
4.6096888
4.6708655
4.467872
4.343421
4.358244
4.3654504
4.34371
4.2771683
4.339923
4.334134
4.143988
4.3181887
4.460221
4.2510414
4.266573
4.121019
4.186077
4.231603
4.4440165
4.3417077
4.387272
4.194564
4.384803
4.2744737
4.422613
4.397069
4.27592
4.1257386
4.044347
4.121651
4.5885253
4.524866
4.4675155
4.5766835
4.554081
4.21522
4.245966
4.2802324
4.1412897
4.439014
4.06398
4.1480355
4.3252482
4.2349925
4.283481
4.1119432
3.925749
3.9986687
3.9185076
4.1446395
4.0855684
4.0447254
4.0741496
4.175094
4.130442
4.0980186
4.2212667
4.1797895
3.9470305
4.9383354
4.774222
4.733526
4.671166
4.616404
4.763702
4.6424127
4.838499
4.916637
4.849307
4.923516
5.157697
5.2134333
5.135372
5.128797
5.18313
5.0756173
4.9213996
4.9697723
5.069748
5.0120997
5.2232695
5.1070247
4.9213395
4.991219
4.7472014
4.9972954
4.8897476
4.726412
4.847042
4.8066154
4.7188883
4.8343353
5.0792837
5.3158607
5.0424733
5.130094
5.1162567
5.1031837
5.2057433
5.2309175
5.0383472
5.086629
5.1230297
5.232534
5.3056636
5.3508806
4.1065974
4.332126
4.4549375
4.35757
4.3449593
4.4832115
4.572028
4.483758
4.4949102
4.5317845
3.7984788
4.041888
5.099
5.097647
5.190978
5.081031
5.0132356
5.0359287
4.57122
4.6850653
4.592437
4.8678756
4.973168
4.790087
4.917422
4.9417706
4.99914
4.99335
4.8215365
4.915885
4.9390864
4.93823
4.8238506
4.4257016
4.5008326
4.755197
4.544857
4.5768266
4.728036
4.925722
4.912756
4.8139434
4.9383917
4.8035045
4.8863683
4.833153
4.970696
5.083856
4.7659006
5.6213765
4.9929624
5.0009727
4.9801984
4.9752603
5.0387616
4.883151
5.055196
5.025431
5.021988
4.8753085
4.9096956
5.102053
4.864004
4.8614035
4.977294
4.8159585
5.09795
4.7490025
5.050973
4.782259
5.019286
4.919445
4.912955
4.91028
4.9305634
4.9504137
4.973815
4.6711297
3.5235064
3.6811092
3.5559766
3.5772378
3.9759893
3.9039655
3.5701027
5.3606796
5.6707907
4.98801
5.0388737
4.979622
4.9728594
5.025896
5.0983973
5.123838
5.11696
5.516638
5.6203637
5.5233397
5.380462
5.5869007
5.636233
5.3157125
4.9434414
3.6097388
4.236963
4.1895
4.1809564
4.1157637
4.6147804
4.087048
4.2442493
4.662618
3.0172024
3.9581828
3.8946095
4.14997
3.359375
4.2713494
3.9746783
3.8798625
4.283398
4.626088
3.2538652
4.199295
4.4408393
3.9717078
4.1286397
3.3761313
3.4728205
3.3882747
3.7443688
4.0085545
3.9974477
4.448566
4.219832
4.4175024
2.2701058
3.9272492
3.9813805
4.4937367
3.8805852
3.6726422
4.166357
4.1072373
4.087765
4.1447105
5.2029324
4.140634
3.8591142
2.7569242
3.4753337
3.6118257
3.6746666
3.2091646
3.6538298
2.3796856
2.093637
1.7770925
2.2922738
2.96959
2.846046
2.714665
3.8825634
3.863412
2.9556947
2.9400373
3.518736
3.4767623
3.4844048
3.5659401
2.1689186
3.4371076
3.5054944
3.5587997
3.5548673
3.4579976
2.3026955
2.434745
3.2837365
2.9523942
3.6836295
3.6528385
3.888115
2.8570566
3.234717
4.0254817
4.0285764
4.054201
3.9697537
3.8339999
3.9474444
4.0665703
4.075303
4.045804
4.06322
4.263594
4.4769936
4.609646
4.661117
3.8854458
4.1850986
4.25371
4.4264565
4.347144
4.2473783
4.168101
4.1068435
4.0343547
3.9918113
4.178505
3.6096094
4.3776784
4.451758
4.18824
3.6524882
3.3391259
3.6957886
4.706182
4.3667135
4.2495446
3.9219005
4.1057324
4.1111546
4.027158
3.7455378
4.4724226
4.5739617
4.4125743
4.4187474
4.348536
4.2763023
3.9518945
4.5129623
4.2138553
4.2494526
4.3383503
4.076602
4.2365904
4.130717
4.0917697
4.1744566
4.245123
3.9967933
4.0657043
4.092093
4.077626
4.3513203
4.2171884
4.002543
5.209267
4.5214386
4.564038
4.789445
4.797518
4.7735305
4.646373
4.6983953
4.8506165
4.7548947
4.682211
4.332849
4.3936877
4.324153
4.71121
3.9545076
4.282925
3.0855484
2.8295166
3.6601224
3.9755578
4.0366063
5.564813
4.2991376
4.294704
4.4798236
4.3102455
3.875847
3.7777061
3.8432214
3.8122854
3.8389816
3.7559938
5.5324144
5.072928
5.2761707
5.2283154
5.2702503
5.2034345
5.081127
5.2643237
5.316343
5.4293423
5.420093
5.151298
4.8191924
3.7117143
4.3510346
4.802619
4.3423266
4.705239
4.177569
5.1047115
5.0523376
4.491203
4.465172
4.7877717
4.25811
4.944378
4.7427034
4.619336
4.4502754
4.0749083
5.745984
5.780144
5.541285
5.5230145
5.3837156
4.4906926
4.471778
4.3793936
4.3890443
4.2825127
4.341856
4.098993
4.309393
4.420803
3.1942616
3.4996026
3.8413682
4.201762
4.3694057
4.601257
4.15591
4.2462716
4.8173223
4.0797253
4.909368
4.220272
3.7289972
4.631156
4.0927005
4.5234427
3.9360397
4.100134
4.296762
7.1355715
6.4231024
5.1289406
3.6007257
4.357672
3.6332884
4.062051
3.8410087
4.0048637
4.0182137
4.05102
4.0555606
3.9410348
3.836244
4.7335696
3.8667498
5.737627
6.2571473
6.3697615
5.478042
4.9300604
4.08105
4.3976517
4.2116356
4.618031
4.5943756
4.804949
4.3628025
4.659596
4.5050325
5.0972347
6.8162184
7.0571585
6.9379764
6.9448605
6.9744945
6.979808
7.137151
7.1269436
7.264923
6.5276318
6.711834
4.7704988
3.8479993
4.188707
4.2427835
4.2273645
4.9890075
4.9962974
4.885519
4.9282722
4.879033
4.783368
4.674891
4.520946
4.409735
4.4467115
4.5560684
4.459458
4.6076174
4.7195144
4.6652374
5.003966
4.602553
4.7645025
4.983535
4.7732887
4.7401104
5.0351934
4.2475247
3.8367982
3.8178484
4.251517
5.2598133
5.887912
5.927564
5.9148474
6.079583
5.941891
5.828415
5.945569
5.8482094
5.796222
5.9925275
5.9134297
5.7554913
5.6996913
5.759018
5.833573
5.887045
5.7072544
5.8519564
5.650298
5.972129
5.888206
6.181196
6.174486
6.1945763
6.2277913
6.3382287
6.2732244
6.0402
4.966962
4.5314517
4.413707
4.2019606
4.456532
4.242839
4.577328
4.588457
4.325759
5.502053
5.310643
4.794305
4.900917
4.707906
4.8244696
4.1127844
4.7181873
4.1643806
4.2218075
4.286716
6.4994054
5.2751718
3.542356
4.241514
3.5223732
3.5975657
3.8883433
5.958059
4.11921
4.5162373
4.310039
3.6386075
3.639121
5.222684
4.8508863
3.485981
4.1572404
4.0020866
4.988462
4.939092
4.9339786
4.2515883
4.7895617
4.6303945
4.3251734
4.0713844
4.1681495
3.7816336
2.7034197
3.658806
4.0457134
3.2642293
4.631278
3.723423
3.3584673
5.7491946
4.97013
3.313675
3.4014127
3.4221683
3.5029302
3.6580272
3.2084103
2.4834394
3.5557232
2.470903
2.4016168
3.4353354
3.28202
3.2849066
2.4615176
3.9380298
3.1539698
3.3179164
4.077602
3.0197937
3.0326538
3.698869
4.3405476
2.5851994
5.138586
3.2949727
3.3309467
3.544163
3.8481035
4.1845436
4.5017085
4.156266
3.9153936
4.261289
4.4482665
3.1335142
3.4792855
4.524484
3.1175332
2.986192
2.2711456
2.6069262
2.341475
5.183057
3.4866667
4.8564267
3.6541789
4.7347746
4.905428
3.85495
3.6343699
2.7586496
3.2320898
3.0854106
3.5620408
3.51047
3.7457895
3.2500408
3.6519444
3.9495587
6.8753567
2.606702
2.61747
2.6545022
2.5003147
2.4845607
1.8754374
2.4608996
3.5193324
2.8761206
5.31915
6.9725037
6.772673
6.746707
6.802693
6.7341595
6.5886555
6.63739
6.663039
6.2247543
5.535766
5.566166
4.9492307
5.1566916
4.6911654
4.755481
4.390587
4.5357723
4.654131
4.4475927
4.527188
3.9221463
4.3778634
4.7375674
4.906621
4.2478256
4.410056
4.0819554
2.6261358
3.6076946
2.378328
3.1806228
3.097638
3.399184
3.4690535
4.0783234
3.6760998
4.974866
3.5774262
3.2598963
4.685226
4.31843
3.6959445
4.8982906
3.542401
3.4837987
5.0671244
5.5647244
4.5598555
2.9377792
4.190275
5.2571964
5.615722
4.021257
3.388501
4.164944
4.7537713
4.9676986
5.166355
5.127638
4.997874
4.4328628
4.373699
4.665716
4.76115
4.757915
4.5981355
4.5760255
4.1918745
4.1943774
4.096368
4.1003475
4.3428645
4.781896
4.8993177
5.2307005
4.948923
4.6688356
4.6989007
4.752785
5.0308886
4.9604864
4.747951
4.511489
4.379302
4.295041
4.184275
4.1085014
4.0723114
4.173594
4.675264
4.757199
4.75029
4.8043375
4.817674
4.879508
4.8182554
4.7954807
4.7319455
4.638745
4.930542
4.841403
4.9256444
4.823905
4.73587
4.8508196
4.773441
4.8882856
4.7252307
4.686758
4.549341
5.0983233
4.9486775
4.779864
4.910621
4.8437285
5.069835
4.8921804
5.131615
