453.0,367.0,69.0,159.0
451.68002,370.9599,69.0,159.0
451.24002,372.27988,69.0,159.0
450.80002,373.59985,69.0,159.0
448.60007,373.15985,69.0,159.0
446.40012,375.3598,69.0,159.0
445.9601,374.03983,69.0,159.0
443.76016,372.71985,69.0,159.0
441.5602,371.39987,69.0,159.0
439.36026,371.83987,69.0,159.0
438.04028,369.63992,69.0,159.0
435.84033,370.07993,69.0,159.0
433.64038,371.3999,69.0,159.0
431.44043,372.71988,69.0,159.0
430.12045,372.27988,69.0,159.0
425.28055,377.11978,69.0,159.0
423.0806,378.43976,69.0,159.0
420.00067,379.75974,69.0,159.0
416.92075,381.0797,69.0,159.0
413.84082,383.27966,69.0,159.0
410.7609,386.3596,69.0,159.0
407.68097,387.67957,69.0,159.0
404.63522,385.46414,70.52663,162.51787
404.1855,388.6122,70.52663,162.51787
401.0374,387.26303,70.52663,162.51787
397.88934,386.8133,70.52663,162.51787
395.64072,386.36356,70.52663,162.51787
393.46072,383.16592,72.08703,166.11357
391.16235,381.7869,72.08703,166.11357
389.78333,380.40787,72.08703,166.11357
387.48495,377.19016,72.08703,166.11357
384.26724,376.73047,72.08703,166.11357
384.72693,380.86755,72.08703,166.11357
382.42856,381.32724,72.08703,166.11357
381.04953,381.78693,72.08703,166.11357
377.83182,383.16595,72.08703,166.11357
376.4528,383.62564,72.08703,166.11357
374.15442,385.924,72.08703,166.11357
372.7754,389.14172,72.08703,166.11357
372.3157,387.7627,72.08703,166.11357
370.01733,390.9804,72.08703,166.11357
368.6383,388.68204,72.08703,166.11357
368.17862,390.06107,72.08703,166.11357
366.7996,386.84335,72.08703,166.11357
366.3399,384.54498,72.08703,166.11357
364.04153,382.2466,72.08703,166.11357
364.50122,379.94824,72.08703,166.11357
364.04153,379.48856,72.08703,166.11357
363.58185,380.86758,72.08703,166.11357
364.04153,379.48856,72.08703,166.11357
361.74316,380.86758,72.08703,166.11357
363.1222,383.16595,72.08703,166.11357
360.82382,381.78693,72.08703,166.11357
361.2835,385.00464,72.08703,166.11357
358.98514,384.54495,72.08703,166.11357
356.68677,387.76266,72.08703,166.11357
358.0658,388.22235,72.08703,166.11357
354.84808,388.68204,72.08703,166.11357
356.2271,390.06107,72.08703,166.11357
352.09003,387.7627,72.08703,166.11357
351.63034,387.303,72.08703,166.11357
352.09003,385.00464,72.08703,166.11357
349.79166,383.6256,72.08703,166.11357
351.1707,383.16592,72.08703,166.11357
348.8723,380.86755,72.08703,166.11357
350.25134,376.73047,72.08703,166.11357
347.03363,373.51276,72.08703,166.11357
348.41266,375.81113,72.08703,166.11357
348.87234,376.2708,72.08703,166.11357
350.25137,375.81113,72.08703,166.11357
347.953,377.19016,72.08703,166.11357
349.33203,375.81113,72.08703,166.11357
347.953,378.1095,72.08703,166.11357
349.33203,379.48853,72.08703,166.11357
347.953,378.1095,72.08703,166.11357
348.4127,378.56918,72.08703,166.11357
347.953,377.19016,72.08703,166.11357
349.33203,375.81113,72.08703,166.11357
347.953,374.4321,72.08703,166.11357
350.25137,370.295,72.08703,166.11357
349.7917,367.0773,72.08703,166.11357
352.09006,363.8596,72.08703,166.11357
352.54974,365.23862,72.08703,166.11357
353.00943,362.94025,72.08703,166.11357
353.46912,363.39993,72.08703,166.11357
354.84814,362.0209,72.08703,166.11357
355.30783,362.4806,72.08703,166.11357
354.84814,362.94028,72.08703,166.11357
356.22717,363.39996,72.08703,166.11357
353.9288,362.94028,72.08703,166.11357
355.30783,365.23865,72.08703,166.11357
353.9288,362.94028,72.08703,166.11357
355.30783,366.158,72.08703,166.11357
353.9288,363.85962,72.08703,166.11357
354.3885,363.39993,72.08703,166.11357
353.9288,362.0209,72.08703,166.11357
354.3885,359.72253,72.08703,166.11357
352.09012,358.3435,72.08703,166.11357
353.46915,356.96448,72.08703,166.11357
353.00946,352.8274,72.08703,166.11357
350.7111,348.6903,72.08703,166.11357
351.17078,346.39194,72.08703,166.11357
349.79175,344.09357,72.08703,166.11357
352.09012,347.31128,72.08703,166.11357
350.7111,345.93225,72.08703,166.11357
351.17078,347.31128,72.08703,166.11357
349.79175,345.93225,72.08703,166.11357
350.25143,347.31128,72.08703,166.11357
349.79175,346.8516,72.08703,166.11357
350.25143,349.14996,72.08703,166.11357
348.8724,346.8516,72.08703,166.11357
351.17078,348.23062,72.08703,166.11357
349.79175,345.93225,72.08703,166.11357
352.09012,344.55322,72.08703,166.11357
351.63043,342.25485,72.08703,166.11357
353.00946,339.03714,72.08703,166.11357
354.3885,337.6581,72.08703,166.11357
355.76752,338.1178,72.08703,166.11357
356.2272,337.6581,72.08703,166.11357
356.6869,339.03714,72.08703,166.11357
358.06592,337.6581,72.08703,166.11357
356.6869,340.87582,72.08703,166.11357
358.98526,344.09354,72.08703,166.11357
356.6869,346.3919,72.08703,166.11357
358.98526,349.60962,72.08703,166.11357
356.6869,354.66605,72.08703,166.11357
358.06592,358.80313,72.08703,166.11357
357.60623,363.85956,72.08703,166.11357
358.06592,367.99664,72.08703,166.11357
357.60623,371.21436,72.08703,166.11357
358.06592,375.35144,72.08703,166.11357
356.6869,377.6498,72.08703,166.11357
358.06592,380.86752,72.08703,166.11357
356.6869,384.08524,72.08703,166.11357
357.14658,383.62555,72.08703,166.11357
355.76755,386.84326,72.08703,166.11357
355.30786,388.2223,72.08703,166.11357
353.0095,390.52066,72.08703,166.11357
353.46918,395.5771,72.08703,166.11357
353.92886,400.6335,72.08703,166.11357
354.38855,405.68994,72.08703,166.11357
353.00952,409.82703,72.08703,166.11357
353.4692,413.9641,72.08703,166.11357
354.84824,415.34314,72.08703,166.11357
357.1466,419.48022,72.08703,166.11357
360.36432,421.7786,72.08703,166.11357
365.42075,422.23828,72.08703,166.11357
369.55783,421.7786,72.08703,166.11357
373.69492,424.07697,72.08703,166.11357
376.91263,421.7786,72.08703,166.11357
382.8884,423.15762,72.08703,166.11357
387.02548,419.9399,72.08703,166.11357
389.32385,421.31894,72.08703,166.11357
392.54156,419.02057,72.08703,166.11357
394.83994,420.3996,72.08703,166.11357
398.97702,420.85928,72.08703,166.11357
402.19473,421.31897,72.08703,166.11357
405.41245,422.698,72.08703,166.11357
408.63016,425.9157,72.08703,166.11357
411.84787,427.29474,72.08703,166.11357
414.14624,429.5931,72.08703,166.11357
416.4446,432.81082,72.08703,166.11357
418.74298,434.18985,72.08703,166.11357
421.04135,436.48825,72.08703,166.11357
421.50104,436.9479,72.08703,166.11357
423.7994,439.2463,72.08703,166.11357
423.47885,435.97797,73.68195,169.78883
425.8281,436.4478,73.68195,169.78883
427.23764,435.97797,73.68195,169.78883
425.8281,433.62872,73.68195,169.78883
427.23764,429.4001,73.68195,169.78883
424.8884,425.17148,73.68195,169.78883
424.41855,421.88257,73.68195,169.78883
422.0693,420.47302,73.68195,169.78883
423.47885,422.82227,73.68195,169.78883
422.0693,426.11118,73.68195,169.78883
420.65976,426.58102,73.68195,169.78883
419.2502,429.86993,73.68195,169.78883
417.84067,432.21918,73.68195,169.78883
418.31052,433.62872,73.68195,169.78883
416.90097,438.797,73.68195,169.78883
417.37082,441.14624,73.68195,169.78883
415.02158,440.6764,73.68195,169.78883
416.43112,443.96533,73.68195,169.78883
415.02158,442.5558,73.68195,169.78883
415.49142,440.20654,73.68195,169.78883
415.02158,439.7367,73.68195,169.78883
416.43112,439.26685,73.68195,169.78883
415.96127,438.797,73.68195,169.78883
418.31052,440.20654,73.68195,169.78883
417.84067,438.797,73.68195,169.78883
418.31052,440.20654,73.68195,169.78883
416.90097,441.6161,73.68195,169.78883
417.37082,443.96533,73.68195,169.78883
415.02158,447.25427,73.68195,169.78883
415.49142,446.78442,73.68195,169.78883
413.14218,450.07336,73.68195,169.78883
413.61203,453.3623,73.68195,169.78883
411.2628,452.89246,73.68195,169.78883
410.79294,456.1814,73.68195,169.78883
408.4437,455.71155,73.68195,169.78883
407.03415,457.1211,73.68195,169.78883
404.75665,452.80548,75.312164,173.54541
403.31592,452.32526,75.312164,173.54541
402.83563,452.80548,75.312164,173.54541
401.3949,449.4438,75.312164,173.54541
398.0332,447.0426,75.312164,173.54541
396.59247,444.64142,75.312164,173.54541
395.15173,443.20068,75.312164,173.54541
391.79004,442.72046,75.312164,173.54541
392.27032,447.0426,75.312164,173.54541
389.86908,446.56238,75.312164,173.54541
388.42834,448.0031,75.312164,173.54541
386.9876,448.48334,75.312164,173.54541
385.54688,450.88452,75.312164,173.54541
384.10614,453.2857,75.312164,173.54541
382.6654,454.72644,75.312164,173.54541
383.1457,455.20667,75.312164,173.54541
381.70496,454.72644,75.312164,173.54541
381.22467,455.20667,75.312164,173.54541
378.8235,451.84497,75.312164,173.54541
379.3037,448.48328,75.312164,173.54541
377.86298,448.00305,75.312164,173.54541
378.34326,444.64136,75.312164,173.54541
378.8235,443.20062,75.312164,173.54541
379.30377,442.7204,75.312164,173.54541
378.8235,442.24017,75.312164,173.54541
377.38275,442.7204,75.312164,173.54541
375.94202,444.16113,75.312164,173.54541
374.50128,442.7204,75.312164,173.54541
374.98157,445.12158,75.312164,173.54541
372.58032,443.68085,75.312164,173.54541
373.0606,446.08203,75.312164,173.54541
370.65936,446.56226,75.312164,173.54541
371.13965,448.96344,75.312164,173.54541
367.77795,448.48322,75.312164,173.54541
368.25818,449.92395,75.312164,173.54541
364.89648,448.48322,75.312164,173.54541
363.45575,448.003,75.312164,173.54541
363.93604,446.56226,75.312164,173.54541
360.57434,445.12152,75.312164,173.54541
361.05457,442.72034,75.312164,173.54541
356.73242,440.31915,75.312164,173.54541
356.25214,435.997,75.312164,173.54541
352.89044,432.6353,75.312164,173.54541
350.48926,432.1551,75.312164,173.54541
350.96948,434.55627,75.312164,173.54541
347.6078,433.11554,75.312164,173.54541
348.08807,432.6353,75.312164,173.54541
344.72638,434.07605,75.312164,173.54541
343.28564,433.59583,75.312164,173.54541
341.8449,436.95752,75.312164,173.54541
339.44366,434.55634,75.312164,173.54541
339.92395,438.87848,75.312164,173.54541
337.5227,435.51678,75.312164,173.54541
338.003,436.95752,75.312164,173.54541
336.56226,433.59583,75.312164,173.54541
336.08197,430.23413,75.312164,173.54541
334.64124,426.87244,75.312164,173.54541
336.08197,423.51074,75.312164,173.54541
335.60175,422.07,75.312164,173.54541
336.08197,419.6688,75.312164,173.54541
335.60175,419.18854,75.312164,173.54541
335.12146,416.78732,75.312164,173.54541
332.72028,416.30707,75.312164,173.54541
333.2005,417.7478,75.312164,173.54541
329.8388,415.3466,75.312164,173.54541
331.27954,415.82684,75.312164,173.54541
327.91785,415.3466,75.312164,173.54541
326.4771,415.82684,75.312164,173.54541
325.03638,414.3861,75.312164,173.54541
322.6352,415.82684,75.312164,173.54541
324.07593,413.42563,75.312164,173.54541
318.79327,412.94537,75.312164,173.54541
321.19446,410.54416,75.312164,173.54541
316.8723,408.14294,75.312164,173.54541
318.31305,407.6627,75.312164,173.54541
315.9118,404.301,75.312164,173.54541
315.43158,399.97882,75.312164,173.54541
312.0699,393.7357,75.312164,173.54541
309.66864,387.49255,75.312164,173.54541
311.10938,388.9333,75.312164,173.54541
307.74768,388.45303,75.312164,173.54541
310.14893,387.97278,75.312164,173.54541
305.82672,385.57156,75.312164,173.54541
307.26746,387.0123,75.312164,173.54541
303.90576,384.61108,75.312164,173.54541
302.46503,385.09134,75.312164,173.54541
301.9848,382.69012,75.312164,173.54541
300.54407,385.09134,75.312164,173.54541
301.0243,379.8087,75.312164,173.54541
300.54407,379.32843,75.312164,173.54541
301.0243,376.92722,75.312164,173.54541
299.58356,373.56552,75.312164,173.54541
301.0243,370.20383,75.312164,173.54541
300.54407,365.88165,75.312164,173.54541
301.9848,363.48044,75.312164,173.54541
302.46503,363.00018,75.312164,173.54541
301.9848,359.6385,75.312164,173.54541
300.54407,359.15823,75.312164,173.54541
299.10333,356.75702,75.312164,173.54541
298.62305,356.27676,75.312164,173.54541
297.1823,354.83603,75.312164,173.54541
295.74158,354.35577,75.312164,173.54541
299.10327,357.71747,75.312164,173.54541
291.79288,352.30988,76.97845,177.3851
292.46915,347.80118,78.681595,181.30975
288.95706,349.30637,78.681595,181.30975
288.60718,343.65683,80.422424,185.32123
287.0687,341.09268,80.422424,185.32123
283.4789,337.5029,80.422424,185.32123
285.0174,334.93875,80.422424,185.32123
282.45325,332.3746,80.422424,185.32123
283.99173,328.78482,80.422424,185.32123
279.37628,324.16937,80.422424,185.32123
279.8891,318.52826,80.422424,185.32123
275.27365,313.9128,80.422424,185.32123
277.8378,316.47696,80.422424,185.32123
273.22235,313.9128,80.422424,185.32123
276.81213,315.4513,80.422424,185.32123
272.1967,311.8615,80.422424,185.32123
274.76083,314.42566,80.422424,185.32123
271.17105,309.8102,80.422424,185.32123
270.65823,312.37436,80.422424,185.32123
269.11975,308.78458,80.422424,185.32123
268.60693,312.37436,80.422424,185.32123
270.14542,307.7589,80.422424,185.32123
267.58127,306.22043,80.422424,185.32123
270.14542,304.68195,80.422424,185.32123
267.58127,301.09216,80.422424,185.32123
271.17105,298.528,80.422424,185.32123
269.63257,295.96387,80.422424,185.32123
271.17105,294.42538,80.422424,185.32123
268.6069,290.8356,80.422424,185.32123
269.11972,288.27145,80.422424,185.32123
265.52994,287.75864,80.422424,185.32123
267.06842,287.24582,80.422424,185.32123
262.45435,282.53543,82.20177,189.42146
264.02686,283.0596,82.20177,189.42146
262.45435,284.6321,82.20177,189.42146
259.9135,279.81747,84.02048,193.61241
261.5208,281.42477,84.02048,193.61241
255.6273,280.889,84.02048,193.61241
256.36542,277.0796,85.87943,197.89609
252.53206,275.4367,85.87943,197.89609
250.88918,271.60333,85.87943,197.89609
250.34154,269.96045,85.87943,197.89609
246.50816,268.31757,85.87943,197.89609
248.15105,266.67468,85.87943,197.89609
243.22243,263.93652,85.87943,197.89609
242.67479,259.00793,85.87943,197.89609
239.93666,255.17455,85.87943,197.89609
240.4843,253.53166,85.87943,197.89609
235.55568,256.26978,85.87943,197.89609
239.38905,255.72215,85.87943,197.89609
233.36519,254.07927,85.87943,197.89609
236.10332,253.53163,85.87943,197.89609
232.26994,252.984,85.87943,197.89609
231.7223,254.62688,85.87943,197.89609
228.98418,251.88875,85.87943,197.89609
228.43654,252.43639,85.87943,197.89609
225.69841,249.69826,85.87943,197.89609
229.53178,251.34114,85.87943,197.89609
225.69841,247.50777,85.87943,197.89609
228.43654,244.76964,85.87943,197.89609
224.60316,240.93626,85.87943,197.89609
227.3413,240.38863,85.87943,197.89609
224.60316,237.6505,85.87943,197.89609
226.24605,236.00761,85.87943,197.89609
224.60316,236.55525,85.87943,197.89609
221.86504,231.62663,85.87943,197.89609
223.50792,234.36476,85.87943,197.89609
218.5793,232.72188,85.87943,197.89609
220.22218,235.46,85.87943,197.89609
216.43135,230.43,87.77952,202.27454
218.11058,235.46765,87.77952,202.27454
213.07439,230.32632,89.72164,206.74986
212.67542,231.00705,91.70673,211.3242
208.58192,230.42227,91.70673,211.3242
210.33627,233.34619,91.70673,211.3242
203.90366,229.25272,91.70673,211.3242
202.28242,225.09482,93.73575,215.99976
198.14479,220.84491,95.809654,220.77875
197.53384,221.45587,95.809654,220.77875
195.701,220.84491,95.809654,220.77875
192.64627,216.56827,95.809654,220.77875
192.03532,214.73541,95.809654,220.77875
188.98059,210.45877,95.809654,220.77875
189.59154,212.29163,95.809654,220.77875
185.31491,211.68066,95.809654,220.77875
188.36964,215.9573,95.809654,220.77875
185.31491,215.34634,95.809654,220.77875
188.36964,218.4011,95.809654,220.77875
184.09302,217.79013,95.809654,220.77875
185.92586,218.4011,95.809654,220.77875
181.64923,220.23395,95.809654,220.77875
183.48207,222.0668,95.809654,220.77875
179.20544,221.45584,95.809654,220.77875
183.48207,225.73248,95.809654,220.77875
180.42734,221.45584,95.809654,220.77875
184.70396,223.2887,95.809654,220.77875
180.42734,219.01205,95.809654,220.77875
185.92586,217.1792,95.809654,220.77875
182.87112,216.56824,95.809654,220.77875
188.36964,214.73538,95.809654,220.77875
186.5368,211.68063,95.809654,220.77875
188.36964,211.06967,95.809654,220.77875
185.31491,209.23682,95.809654,220.77875
187.14775,212.29156,95.809654,220.77875
182.87112,210.45871,95.809654,220.77875
185.92586,214.73535,95.809654,220.77875
188.98059,217.7901,95.809654,220.77875
184.75142,213.44615,97.92944,225.66348
186.90749,212.89339,100.09613,230.65628
186.26921,214.80821,100.09613,230.65628
184.35437,214.16994,100.09613,230.65628
187.54578,217.36134,100.09613,230.65628
180.52469,214.16994,100.09613,230.65628
181.40402,208.30724,102.31076,235.75955
182.05643,207.65483,102.31076,235.75955
177.48961,205.69762,102.31076,235.75955
182.05643,205.04521,102.31076,235.75955
174.8328,196.34532,104.57439,240.97574
178.16699,197.01216,104.57439,240.97574
176.16647,192.34431,104.57439,240.97574
178.16699,191.67747,104.57439,240.97574
180.16748,196.34532,104.57439,240.97574
180.83432,197.01216,104.57439,240.97574
182.83484,197.679,104.57439,240.97574
182.168,199.67952,104.57439,240.97574
184.16849,199.01268,104.57439,240.97574
180.83432,199.67952,104.57439,240.97574
184.16849,201.68004,104.57439,240.97574
180.83432,202.34688,104.57439,240.97574
184.16849,201.68004,104.57439,240.97574
182.168,203.68056,104.57439,240.97574
185.50217,200.34639,104.57439,240.97574
180.88611,192.8377,106.88809,246.30733
185.65724,192.15613,106.88809,246.30733
182.2493,188.74817,106.88809,246.30733
188.3836,189.42975,106.88809,246.30733
186.33884,186.02179,106.88809,246.30733
189.74678,186.70337,106.88809,246.30733
183.61247,184.6586,106.88809,246.30733
187.02042,186.70337,106.88809,246.30733
182.24928,186.02179,106.88809,246.30733
185.65723,185.34021,106.88809,246.30733
182.35333,186.15115,109.25299,251.75688
185.83669,189.63449,109.25299,251.75688
182.45969,183.23546,111.67021,257.327
183.4407,184.08272,114.140915,263.02036
179.80151,181.89922,114.140915,263.02036
181.98505,185.5384,114.140915,263.02036
175.43642,175.83253,116.66628,268.8397
176.18036,173.6007,116.66628,268.8397
172.46065,169.88097,116.66628,268.8397
173.20459,167.64912,116.66628,268.8397
168.05476,160.81589,119.24752,274.78778
168.81517,158.53467,119.24752,274.78778
165.01315,153.21185,119.24752,274.78778
165.77356,149.40985,119.24752,274.78778
163.49236,147.12863,119.24752,274.78778
162.73195,149.40985,119.24752,274.78778
165.01315,151.69107,119.24752,274.78778
162.73195,153.97229,119.24752,274.78778
166.53397,154.7327,119.24752,274.78778
161.21115,153.97229,119.24752,274.78778
165.01317,154.7327,119.24752,274.78778
158.16954,157.01392,119.24752,274.78778
161.97156,156.25351,119.24752,274.78778
158.16954,155.4931,119.24752,274.78778
160.45074,157.77432,119.24752,274.78778
159.69034,153.97232,119.24752,274.78778
160.45074,153.21191,119.24752,274.78778
156.64873,147.8891,119.24752,274.78778
160.45074,145.60788,119.24752,274.78778
156.64873,141.80588,119.24752,274.78778
160.45074,139.52466,119.24752,274.78778
155.12793,137.24344,119.24752,274.78778
158.92995,138.00385,119.24752,274.78778
150.56552,132.68103,119.24752,274.78778
155.88834,134.96225,119.24752,274.78778
147.52391,131.16025,119.24752,274.78778
152.84673,133.44147,119.24752,274.78778
146.00514,128.03487,121.88587,280.86746
151.44572,136.58437,121.88587,280.86746
146.00514,132.69823,121.88587,280.86746
151.44572,138.13881,121.88587,280.86746
142.84,129.38712,124.582596,287.08167
146.8121,133.35922,124.582596,287.08167
139.66232,130.97595,124.582596,287.08167
143.63443,128.59268,124.582596,287.08167
136.48674,121.29578,127.33899,293.43335
138.92273,125.355774,127.33899,293.43335
131.61691,116.21251,130.15636,299.92557
134.10681,113.72261,130.15636,299.92557
129.95697,109.5728,130.15636,299.92557
134.10681,107.0829,130.15636,299.92557
138.25662,102.933075,130.15636,299.92557
142.40646,105.42297,130.15636,299.92557
151.53607,101.27315,130.15636,299.92557
160.66568,105.42297,130.15636,299.92557
169.79529,104.593,130.15636,299.92557
178.9249,107.0829,130.15636,299.92557
186.39456,106.25293,130.15636,299.92557
195.52417,107.0829,130.15636,299.92557
204.65378,109.5728,130.15636,299.92557
213.78339,107.0829,130.15636,299.92557
226.23285,106.25293,130.15636,299.92557
240.34225,102.1031,130.15636,299.92557
257.7715,96.29335,130.15636,299.92557
273.54083,93.80345,130.15636,299.92557
287.65024,89.653625,130.15636,299.92557
303.41956,90.4836,130.15636,299.92557
319.18887,92.973495,130.15636,299.92557
338.27805,95.463394,130.15636,299.92557
352.38745,94.63342,130.15636,299.92557
363.177,95.463394,130.15636,299.92557
373.96655,97.95329,130.15636,299.92557
383.09616,100.44319,130.15636,299.92557
393.8857,104.59302,130.15636,299.92557
403.01532,107.08293,130.15636,299.92557
412.14493,111.23274,130.15636,299.92557
421.27454,115.38255,130.15636,299.92557
430.40414,119.532364,130.15636,299.92557
441.1937,123.682175,130.15636,299.92557
448.6634,126.17207,130.15636,299.92557
456.13306,127.00203,130.15636,299.92557
460.2829,129.49193,130.15636,299.92557
467.27045,136.68974,127.38073,293.52957
474.5808,140.75108,127.38073,293.52957
475.39307,144.81242,127.38073,293.52957
479.4544,150.49828,127.38073,293.52957
481.89117,154.55962,127.38073,293.52957
482.4665,163.16977,124.6643,287.26996
486.44122,171.91415,124.6643,287.26996
484.0564,180.65854,124.6643,287.26996
483.26147,189.40292,124.6643,287.26996
484.0564,196.5574,124.6643,287.26996
483.26147,205.30179,124.6643,287.26996
485.6463,218.81583,124.6643,287.26996
484.85138,230.73999,124.6643,287.26996
482.46655,242.66415,124.6643,287.26996
484.85138,252.99841,124.6643,287.26996
484.05646,263.33267,124.6643,287.26996
484.85138,275.25684,124.6643,287.26996
484.05646,285.5911,124.6643,287.26996
484.85138,294.33548,124.6643,287.26996
487.2362,303.07986,124.6643,287.26996
488.03113,310.23434,124.6643,287.26996
490.41595,315.79895,124.6643,287.26996
491.21088,319.77368,124.6643,287.26996
490.41595,323.7484,124.6643,287.26996
492.80078,324.54337,124.6643,287.26996
490.41595,325.33832,124.6643,287.26996
492.80078,326.13327,124.6643,287.26996
488.82605,328.5181,124.6643,287.26996
491.21088,329.31305,124.6643,287.26996
488.82605,334.87766,124.6643,287.26996
489.62097,340.44226,124.6643,287.26996
488.82605,341.2372,124.6643,287.26996
486.44122,345.21194,124.6643,287.26996
488.82605,344.417,124.6643,287.26996
483.26147,342.03217,124.6643,287.26996
487.2362,342.82712,124.6643,287.26996
481.67163,338.8524,124.6643,287.26996
484.05646,334.87766,124.6643,287.26996
483.26154,332.49283,124.6643,287.26996
484.05646,330.108,124.6643,287.26996
483.26154,327.72318,124.6643,287.26996
484.05646,323.74844,124.6643,287.26996
481.67163,322.9535,124.6643,287.26996
480.8767,322.15854,124.6643,287.26996
478.49188,322.9535,124.6643,287.26996
477.69696,322.15854,124.6643,287.26996
473.72223,324.54337,124.6643,287.26996
472.9273,322.15854,124.6643,287.26996
470.54248,326.13327,124.6643,287.26996
471.3374,323.74844,124.6643,287.26996
467.36267,327.72318,124.6643,287.26996
464.97784,326.92822,124.6643,287.26996
462.59302,332.49283,124.6643,287.26996
461.7981,330.108,124.6643,287.26996
459.41327,334.08273,124.6643,287.26996
458.61835,331.6979,124.6643,287.26996
459.41327,330.90295,124.6643,287.26996
457.02844,336.46756,124.6643,287.26996
456.23352,334.08273,124.6643,287.26996
453.8487,339.64734,124.6643,287.26996
453.05377,337.2625,124.6643,287.26996
452.25885,339.64734,124.6643,287.26996
449.87402,337.2625,124.6643,287.26996
449.07907,338.05746,124.6643,287.26996
445.10434,337.2625,124.6643,287.26996
445.8993,342.82712,124.6643,287.26996
440.39642,340.47397,127.42249,293.6258
439.8298,343.12674,130.24171,300.12225
437.3383,347.2793,130.24171,300.12225
433.31253,343.09753,133.1233,306.76245
430.76587,350.7375,133.1233,306.76245
428.41248,342.94034,136.06866,313.54956
424.07416,347.27866,136.06866,313.54956
424.94183,342.94034,136.06866,313.54956
422.33884,347.27866,136.06866,313.54956
423.2065,341.205,136.06866,313.54956
420.60352,342.07266,136.06866,313.54956
423.2065,337.73434,136.06866,313.54956
418.8682,336.86667,136.06866,313.54956
423.2065,334.26367,136.06866,313.54956
418.8682,333.396,136.06866,313.54956
418.00052,337.7343,136.06866,313.54956
413.6622,335.13132,136.06866,313.54956
412.79453,339.46964,136.06866,313.54956
411.92685,336.86664,136.06866,313.54956
409.32385,342.9403,136.06866,313.54956
408.45618,345.5433,136.06866,313.54956
407.5885,342.9403,136.06866,313.54956
404.9855,349.01398,136.06866,313.54956
404.11783,346.41098,136.06866,313.54956
403.25015,349.01398,136.06866,313.54956
400.64716,353.3523,136.06866,313.54956
404.98547,345.5433,136.06866,313.54956
400.64716,353.3523,136.06866,313.54956
404.98547,347.27863,136.06866,313.54956
400.64716,353.3523,136.06866,313.54956
403.25015,352.48462,136.06866,313.54956
400.64716,356.82294,136.06866,313.54956
399.77948,354.21994,136.06866,313.54956
397.17648,353.35226,136.06866,313.54956
394.77103,350.7838,139.07918,320.48685
390.3367,348.12323,139.07918,320.48685
389.71823,351.01868,142.15631,327.5776
385.18582,348.29926,142.15631,327.5776
382.67273,351.25876,145.30151,334.82526
379.8931,350.33224,145.30151,334.82526
377.11346,349.40573,145.30151,334.82526
376.18692,348.47922,145.30151,334.82526
373.4073,345.69955,145.30151,334.82526
368.91605,339.11172,148.51631,342.23328
369.8631,341.95282,148.51631,342.23328
368.91605,335.32358,148.51631,342.23328
369.8631,330.58838,148.51631,342.23328
367.02197,325.85318,148.51631,342.23328
367.96902,323.01205,148.51631,342.23328
365.1279,320.17093,148.51631,342.23328
362.28677,319.22388,148.51631,342.23328
359.44565,320.17093,148.51631,342.23328
356.60452,317.3298,148.51631,342.23328
353.7634,322.065,148.51631,342.23328
352.81635,317.3298,148.51631,342.23328
348.08115,320.17093,148.51631,342.23328
347.1341,319.22388,148.51631,342.23328
344.29297,320.17093,148.51631,342.23328
341.45184,317.3298,148.51631,342.23328
338.61072,318.27686,148.51631,342.23328
337.66367,315.43573,148.51631,342.23328
336.7166,312.5946,148.51631,342.23328
334.0911,305.861,151.80223,349.80518
333.1231,304.893,151.80223,349.80518
330.21912,301.989,151.80223,349.80518
333.1231,299.08502,151.80223,349.80518
328.28314,296.18103,151.80223,349.80518
327.31516,295.21304,151.80223,349.80518
324.41116,292.30905,151.80223,349.80518
321.50717,293.27704,151.80223,349.80518
316.6672,290.37305,151.80223,349.80518
313.7632,295.213,151.80223,349.80518
312.79523,296.181,151.80223,349.80518
309.89124,302.95694,151.80223,349.80518
305.19904,298.08292,155.16086,357.54462
302.23083,301.05115,155.16086,357.54462
299.26257,300.06174,155.16086,357.54462
296.29437,299.07233,155.16086,357.54462
295.30493,296.1041,155.16086,357.54462
292.33673,293.13586,155.16086,357.54462
287.5407,286.101,158.5938,365.4553
288.552,285.08972,158.5938,365.4553
283.49548,280.0332,158.5938,365.4553
286.5294,276.99927,158.5938,365.4553
281.47287,271.94275,158.5938,365.4553
282.48416,270.93146,158.5938,365.4553
279.45026,269.92017,158.5938,365.4553
274.54816,260.63123,162.10268,373.541
269.3798,267.86694,162.10268,373.541
266.27878,260.63123,162.10268,373.541
261.2682,261.86108,165.6892,381.80557
258.09854,260.80457,165.6892,381.80557
252.9771,257.677,169.35507,390.25302
249.73732,258.7569,169.35507,390.25302
246.49754,259.83685,169.35507,390.25302
241.09795,260.91675,169.35507,390.25302
237.85817,259.83685,169.35507,390.25302
232.45857,258.7569,169.35507,390.25302
231.37865,257.677,169.35507,390.25302
228.13887,254.43721,169.35507,390.25302
227.05894,255.51714,169.35507,390.25302
224.06503,245.59789,173.10205,398.88736
220.7536,248.90932,173.10205,398.88736
217.44217,243.39024,173.10205,398.88736
214.13074,242.28642,173.10205,398.88736
206.40402,236.76735,173.10205,398.88736
203.34387,233.49986,176.93193,407.71274
197.7027,232.37163,176.93193,407.71274
192.06152,240.2693,176.93193,407.71274
184.2515,234.58846,180.84654,416.73337
176.26868,238.35347,184.84778,425.95358
172.73254,244.24702,184.84778,425.95358
162.12724,235.86618,188.93753,435.3778
160.92247,241.89014,188.93753,435.3778
154.8985,235.86618,188.93753,435.3778
148.87453,239.48056,188.93753,435.3778
142.85056,235.86618,188.93753,435.3778
139.23618,232.2518,188.93753,435.3778
130.8962,231.18535,193.11777,445.01053
129.66475,225.02809,193.11777,445.01053
121.0446,228.72243,193.11777,445.01053
117.35025,222.56517,193.11777,445.01053
113.6559,218.87083,193.11777,445.01053
112.42445,222.56517,193.11777,445.01053
106.26721,221.33372,193.11777,445.01053
97.647064,229.95387,193.11777,445.01053
89.12256,218.64279,197.3905,454.85638
85.34648,229.97104,197.3905,454.85638
79.245155,221.0215,201.75777,464.92007
78.348,222.55228,206.22166,475.20642
74.40298,221.23727,206.22166,475.20642
73.087975,227.81232,206.22166,475.20642
69.14295,223.86728,206.22166,475.20642
67.82795,233.07233,206.22166,475.20642
71.77297,229.12729,206.22166,475.20642
73.087975,227.81229,206.22166,475.20642
79.66302,223.86725,206.22166,475.20642
88.86808,222.55225,206.22166,475.20642
100.70315,215.9772,206.22166,475.20642
107.97207,209.35591,210.78432,485.72037
120.979836,197.0101,215.44792,496.46692
127.84904,201.13162,215.44792,496.46692
137.46591,191.51474,215.44792,496.46692
147.0828,201.13162,215.44792,496.46692
156.69968,199.75778,215.44792,496.46692
169.06424,206.62698,215.44792,496.46692
178.68112,210.7485,215.44792,496.46692
193.79337,206.62698,215.44792,496.46692
208.90561,213.49619,215.44792,496.46692
224.01785,209.37466,215.44792,496.46692
241.87778,216.24387,215.44792,496.46692
254.24234,212.12234,215.44792,496.46692
269.35458,213.49619,215.44792,496.46692
281.71915,206.62698,215.44792,496.46692
294.0837,205.25314,215.44792,496.46692
311.94363,195.63626,215.44792,496.46692
321.56052,197.0101,215.44792,496.46692
333.92508,190.1409,215.44792,496.46692
346.28964,197.0101,215.44792,496.46692
361.4019,190.1409,215.44792,496.46692
379.2618,188.76706,215.44792,496.46692
394.37405,187.39322,215.44792,496.46692
406.73862,188.76706,215.44792,496.46692
410.86014,187.39322,215.44792,496.46692
423.2247,186.01938,215.44792,496.46692
430.0939,190.1409,215.44792,496.46692
439.7108,186.01938,215.44792,496.46692
446.58,192.88858,215.44792,496.46692
456.19687,186.01938,215.44792,496.46692
463.06607,187.39322,215.44792,496.46692
472.68295,191.51474,215.44792,496.46692
482.29984,181.89786,215.44792,496.46692
494.6644,186.01938,215.44792,496.46692
507.02896,176.4025,215.44792,496.46692
516.6459,177.77634,215.44792,496.46692
531.7581,168.15945,215.44792,496.46692
538.6273,164.03793,215.44792,496.46692
548.2442,162.6641,215.44792,496.46692
552.3657,158.54257,215.44792,496.46692
553.73956,154.42105,215.44792,496.46692
563.35645,155.79489,215.44792,496.46692
556.48724,151.67337,215.44792,496.46692
560.60876,158.54257,215.44792,496.46692
556.48724,157.16873,215.44792,496.46692
560.60876,161.29025,215.44792,496.46692
559.2349,159.91641,215.44792,496.46692
557.8611,164.03793,215.44792,496.46692
559.2349,159.91641,215.44792,496.46692
557.8611,164.03793,215.44792,496.46692
559.2349,159.91641,215.44792,496.46692
560.60876,155.79489,215.44792,496.46692
564.7303,148.92569,215.44792,496.46692
560.60876,147.55185,215.44792,496.46692
570.22565,143.43033,215.44792,496.46692
563.35645,139.3088,215.44792,496.46692
578.4687,135.18729,215.44792,496.46692
568.8518,136.56113,215.44792,496.46692
583.96405,135.18729,215.44792,496.46692
579.8425,131.06577,215.44792,496.46692
588.7607,137.68361,210.85342,485.8796
582.03796,136.33907,210.85342,485.8796
588.7607,134.99452,210.85342,485.8796
579.3489,139.02815,210.85342,485.8796
583.3825,140.3727,210.85342,485.8796
582.03796,139.02815,210.85342,485.8796
575.31525,145.75087,210.85342,485.8796
582.03796,141.71724,210.85342,485.8796
578.00433,140.3727,210.85342,485.8796
582.03796,139.02815,210.85342,485.8796
580.6934,140.3727,210.85342,485.8796
587.41614,136.33907,210.85342,485.8796
594.13885,132.30544,210.85342,485.8796
590.1052,128.2718,210.85342,485.8796
599.517,129.61635,210.85342,485.8796
598.1725,125.58272,210.85342,485.8796
604.8952,126.92726,210.85342,485.8796
603.55066,125.58272,210.85342,485.8796
607.5843,121.54909,210.85342,485.8796
603.55066,122.89363,210.85342,485.8796
607.5843,126.92726,210.85342,485.8796
600.8616,130.96089,210.85342,485.8796
602.2061,137.68361,210.85342,485.8796
600.8616,144.40633,210.85342,485.8796
596.82794,148.43996,210.85342,485.8796
595.4834,149.7845,210.85342,485.8796
594.13885,153.81813,210.85342,485.8796
595.4834,152.47359,210.85342,485.8796
594.13885,148.43996,210.85342,485.8796
592.7943,152.47359,210.85342,485.8796
594.13885,148.43996,210.85342,485.8796
592.7943,147.09541,210.85342,485.8796
594.13885,148.43996,210.85342,485.8796
598.1725,141.71724,210.85342,485.8796
594.13885,151.12904,210.85342,485.8796
595.4834,147.09541,210.85342,485.8796
602.2061,156.50722,210.85342,485.8796
592.7943,157.85176,210.85342,485.8796
588.7607,161.88539,210.85342,485.8796
587.41614,157.85176,210.85342,485.8796
580.6934,169.95265,210.85342,485.8796
576.6598,176.67537,210.85342,485.8796
572.62616,183.39809,210.85342,485.8796
568.5925,184.74263,210.85342,485.8796
561.8698,194.15443,210.85342,485.8796
563.21436,184.74263,210.85342,485.8796
551.11346,196.84352,210.85342,485.8796
555.1471,190.1208,210.85342,485.8796
545.7353,191.46535,210.85342,485.8796
549.7689,187.43172,210.85342,485.8796
543.0462,194.15443,210.85342,485.8796
544.39075,184.74263,210.85342,485.8796
540.3571,188.77626,210.85342,485.8796
539.0126,184.74263,210.85342,485.8796
537.668,183.39809,210.85342,485.8796
530.9453,182.05354,210.85342,485.8796
524.2226,186.08717,210.85342,485.8796
517.4999,187.43172,210.85342,485.8796
513.46625,196.84352,210.85342,485.8796
509.43262,200.87715,210.85342,485.8796
505.399,204.91078,210.85342,485.8796
498.67627,206.25533,210.85342,485.8796
497.33173,207.59987,210.85342,485.8796
498.67627,208.94441,210.85342,485.8796
494.64264,207.59987,210.85342,485.8796
498.67627,203.56624,210.85342,485.8796
500.0208,199.53261,210.85342,485.8796
493.2981,203.56624,210.85342,485.8796
502.7099,196.84352,210.85342,485.8796
495.98718,200.87715,210.85342,485.8796
502.7099,196.84352,210.85342,485.8796
498.67627,198.18806,210.85342,485.8796
508.08807,196.84352,210.85342,485.8796
495.98718,203.56624,210.85342,485.8796
497.33173,199.53261,210.85342,485.8796
490.609,206.25533,210.85342,485.8796
483.8863,202.2217,210.85342,485.8796
479.85266,208.94441,210.85342,485.8796
481.70496,199.38446,215.51855,496.6297
477.5821,209.00449,215.51855,496.6297
476.20782,204.88162,215.51855,496.6297
469.33636,209.00449,215.51855,496.6297
470.71063,210.37878,215.51855,496.6297
472.0849,203.50732,215.51855,496.6297
465.21344,202.13303,215.51855,496.6297
466.5877,209.00449,215.51855,496.6297
473.45917,202.13303,215.51855,496.6297
474.83344,206.25589,215.51855,496.6297
471.02344,185.0778,220.2869,507.61765
475.23755,192.1013,220.2869,507.61765
471.02344,185.0778,220.2869,507.61765
475.23755,183.67311,220.2869,507.61765
471.02344,187.88719,220.2869,507.61765
478.04694,189.29189,220.2869,507.61765
468.21405,196.31538,220.2869,507.61765
475.23755,200.52946,220.2869,507.61765
468.21405,210.36235,220.2869,507.61765
466.80933,211.76704,220.2869,507.61765
465.4046,213.17174,220.2869,507.61765
463.99988,217.38582,220.2869,507.61765
459.78577,218.79051,220.2869,507.61765
466.80927,211.76701,220.2869,507.61765
459.78577,210.36232,220.2869,507.61765
464.63568,197.45993,225.16074,518.8487
457.4568,201.76727,225.16074,518.8487
470.37878,194.58838,225.16074,518.8487
457.4568,196.02417,225.16074,518.8487
476.1219,197.45996,225.16074,518.8487
466.07147,193.15262,225.16074,518.8487
476.1219,197.45996,225.16074,518.8487
466.07147,198.89575,225.16074,518.8487
473.25037,206.07465,225.16074,518.8487
463.19995,210.38199,225.16074,518.8487
461.76416,208.9462,225.16074,518.8487
466.07147,216.12509,225.16074,518.8487
461.76416,217.56088,225.16074,518.8487
457.45685,224.73978,225.16074,518.8487
456.02106,220.43243,225.16074,518.8487
457.45685,224.73978,225.16074,518.8487
453.14954,229.04712,225.16074,518.8487
457.45685,221.86823,225.16074,518.8487
456.02106,226.17557,225.16074,518.8487
460.32837,218.99667,225.16074,518.8487
458.89258,226.17557,225.16074,518.8487
466.07147,213.25357,225.16074,518.8487
459.1118,203.04495,230.14241,530.32825
463.51443,207.44757,230.14241,530.32825
462.0469,197.17477,230.14241,530.32825
463.51443,195.70724,230.14241,530.32825
464.98196,200.10986,230.14241,530.32825
460.5793,198.64233,230.14241,530.32825
467.2767,214.19852,225.23456,519.01886
460.0955,227.12476,225.23456,519.01886
465.05438,213.93259,230.21788,530.50214
457.71423,218.33667,230.21788,530.50214
459.18225,222.74075,230.21788,530.50214
457.71423,224.20877,230.21788,530.50214
456.24622,228.61285,230.21788,530.50214
454.7782,224.20877,230.21788,530.50214
453.31018,222.74075,230.21788,530.50214
454.7782,215.40063,230.21788,530.50214
456.24622,202.18842,230.21788,530.50214
451.84216,209.52853,230.21788,530.50214
456.24622,202.18842,230.21788,530.50214
448.90607,209.52853,230.21788,530.50214
456.24622,202.18842,230.21788,530.50214
454.7782,212.4646,230.21788,530.50214
450.37415,205.12448,230.21788,530.50214
448.90613,212.4646,230.21788,530.50214
444.50208,216.86868,230.21788,530.50214
443.03406,218.3367,230.21788,530.50214
438.63,225.67682,230.21788,530.50214
443.03406,233.01694,230.21788,530.50214
435.6939,228.61285,230.21788,530.50214
434.2259,233.01694,230.21788,530.50214
429.82184,228.61285,230.21788,530.50214
425.4178,233.01694,230.21788,530.50214
426.8858,225.67682,230.21788,530.50214
422.48175,233.01694,230.21788,530.50214
429.8219,225.67682,230.21788,530.50214
422.48175,230.0809,230.21788,530.50214
429.8219,225.67682,230.21788,530.50214
419.54572,218.3367,230.21788,530.50214
429.8219,213.93262,230.21788,530.50214
419.54572,218.3367,230.21788,530.50214
426.88586,210.99658,230.21788,530.50214
413.67365,224.2088,230.21788,530.50214
415.14166,225.67682,230.21788,530.50214
401.92944,233.01694,230.21788,530.50214
406.3335,225.67682,230.21788,530.50214
393.12128,241.82507,230.21788,530.50214
391.65326,246.22916,230.21788,530.50214
387.24918,233.01694,230.21788,530.50214
385.459,251.40817,225.30841,519.189
378.27542,241.35114,225.30841,519.189
382.58557,242.78784,225.30841,519.189
369.65512,232.7308,225.30841,519.189
373.96527,234.16751,225.30841,519.189
358.16138,238.47766,225.30841,519.189
359.59808,225.54721,225.30841,519.189
346.66763,235.60425,225.30841,519.189
339.48404,234.16754,225.30841,519.189
335.1739,226.98395,225.30841,519.189
327.9903,237.04099,225.30841,519.189
326.5536,244.22458,225.30841,519.189
316.49655,248.53473,225.30841,519.189
306.4395,249.97144,225.30841,519.189
299.25592,251.40814,225.30841,519.189
292.07233,255.71829,225.30841,519.189
284.88873,251.40814,225.30841,519.189
271.95828,255.71829,225.30841,519.189
261.90125,248.5347,225.30841,519.189
251.84421,261.46518,225.30841,519.189
253.28091,248.53473,225.30841,519.189
246.09732,258.59177,225.30841,519.189
247.53403,254.28159,225.30841,519.189
231.93414,261.20227,220.50365,508.11716
241.7767,245.7354,220.50365,508.11716
223.49768,255.57796,220.50365,508.11716
233.34024,245.7354,220.50365,508.11716
215.06122,255.57796,220.50365,508.11716
224.90378,259.7962,220.50365,508.11716
206.62476,261.20227,220.50365,508.11716
213.65515,265.42053,220.50365,508.11716
203.80899,277.61475,215.80135,497.2814
205.18509,278.99084,215.80135,497.2814
192.80023,285.87134,215.80135,497.2814
185.91977,273.4865,215.80135,497.2814
187.29587,285.87134,215.80135,497.2814
174.91101,278.99084,215.80135,497.2814
181.19109,296.23035,211.19931,486.67673
169.16425,300.12152,206.69542,476.2982
170.48227,304.07562,206.69542,476.2982
161.25607,297.48547,206.69542,476.2982
165.21017,301.43958,206.69542,476.2982
153.3479,289.57733,206.69542,476.2982
149.39383,288.25928,206.69542,476.2982
142.80368,289.57733,206.69542,476.2982
138.65567,288.30402,202.28758,466.141
132.20605,292.17377,202.28758,466.141
128.33627,296.04352,202.28758,466.141
124.466515,297.33344,202.28758,466.141
118.0169,301.2032,202.28758,466.141
114.14713,302.4931,202.28758,466.141
105.11768,296.04352,202.28758,466.141
106.4076,302.4931,202.28758,466.141
94.7983,298.62335,202.28758,466.141
93.508385,305.07294,202.28758,466.141
84.478935,298.62335,202.28758,466.141
92.85235,312.2967,197.97374,456.2004
86.445786,320.81134,193.75189,446.4718
92.084206,329.1444,189.62007,436.95065
86.038475,330.35358,189.62007,436.95065
89.66592,324.30786,189.62007,436.95065
83.620186,323.0987,189.62007,436.95065
84.82934,319.47125,189.62007,436.95065
78.78361,315.8438,189.62007,436.95065
79.99276,319.47125,189.62007,436.95065
73.94703,313.42554,189.62007,436.95065
77.57447,317.05298,189.62007,436.95065
69.11045,318.26215,189.62007,436.95065
65.75829,307.15594,193.81541,446.6182
69.46598,313.33545,193.81541,446.6182
63.28649,317.04315,193.81541,446.6182
66.99418,320.75085,193.81541,446.6182
60.81469,319.51495,193.81541,446.6182
59.57879,323.22266,193.81541,446.6182
60.81469,324.45856,193.81541,446.6182
54.6352,318.27905,193.81541,446.6182
58.342888,314.57135,193.81541,446.6182
49.691597,318.27905,193.81541,446.6182
55.871086,307.15594,193.81541,446.6182
47.219795,305.92004,193.81541,446.6182
43.512108,299.74054,193.81541,446.6182
42.276207,300.97644,193.81541,446.6182
36.096718,299.74054,193.81541,446.6182
29.917229,300.97644,193.81541,446.6182
33.624916,299.74054,193.81541,446.6182
27.445427,300.97644,193.81541,446.6182
26.209526,304.68414,193.81541,446.6182
24.973625,310.86365,193.81541,446.6182
11.289352,294.3827,198.10358,456.49963
10.026108,305.7519,198.10358,456.49963
8.485672,314.27216,193.87895,446.76465
4.776764,308.09064,193.87895,446.76465
1.0678558,311.79956,193.87895,446.76465
-2.6410522,305.61804,193.87895,446.76465
-1.404747,316.74475,193.87895,446.76465
-5.113655,310.56323,193.87895,446.76465
-3.8773499,314.27216,193.87895,446.76465
-7.586258,308.09064,193.87895,446.76465
-4.3273773,318.8124,189.74443,437.23724
-7.9571915,305.50308,189.74443,437.23724
-4.3273773,309.1329,189.74443,437.23724
-5.5373154,303.08322,189.74443,437.23724
0.5123749,309.1329,189.74443,437.23724
1.7223129,303.08322,189.74443,437.23724
5.352127,311.55276,189.74443,437.23724
11.401817,305.50308,189.74443,437.23724
13.068703,304.43207,193.94252,446.91113
19.252243,308.1422,193.94252,446.91113
27.909203,309.3789,193.94252,446.91113
36.566154,310.6156,193.94252,446.91113
40.276283,304.43207,193.94252,446.91113
43.986412,310.6156,193.94252,446.91113
47.69654,301.95862,193.94252,446.91113
51.40667,303.1953,193.94252,446.91113
47.69654,299.48517,193.94252,446.91113
48.93325,303.1953,193.94252,446.91113
45.22312,294.53833,193.94252,446.91113
43.986412,298.24847,193.94252,446.91113
40.276283,299.48517,193.94252,446.91113
39.039574,303.1953,193.94252,446.91113
32.856026,299.48517,193.94252,446.91113
36.566154,305.6687,193.94252,446.91113
30.382614,304.432,193.94252,446.91113
26.672493,313.089,193.94252,446.91113
22.962372,314.32568,193.94252,446.91113
16.778831,315.56238,193.94252,446.91113
13.06871,304.432,193.94252,446.91113
6.88517,310.61554,193.94252,446.91113
3.1750488,299.48517,193.94252,446.91113
-3.0084915,310.61554,193.94252,446.91113
-1.7717819,309.37885,193.94252,446.91113
-7.9553223,313.089,193.94252,446.91113
-9.192032,304.432,193.94252,446.91113
-12.902153,310.61554,193.94252,446.91113
-14.138863,301.95856,193.94252,446.91113
-20.414978,315.06787,189.80664,437.3806
-14.363304,304.17487,189.80664,437.3806
-20.505577,314.67145,185.75896,428.05334
-9.844856,313.48694,185.75896,428.05334
-8.660332,317.04053,185.75896,428.05334
-2.737709,322.96313,185.75896,428.05334
-11.029381,317.04053,185.75896,428.05334
-5.106758,330.0703,185.75896,428.05334
-11.029381,338.362,185.75896,428.05334
-14.582954,330.0703,185.75896,428.05334
-6.2912827,343.1001,185.75896,428.05334
-19.321053,337.1775,185.75896,428.05334
-6.2912827,352.5763,185.75896,428.05334
-21.690102,337.1775,185.75896,428.05334
-13.39843,350.20728,185.75896,428.05334
-26.25998,344.49606,181.79759,418.925
-27.419243,350.2924,181.79759,418.925
-33.21556,339.85904,181.79759,418.925
-39.01188,347.9739,181.79759,418.925
-40.42552,346.85397,177.9207,409.99127
-43.996086,356.69324,174.12648,401.24808
-53.989216,351.14148,174.12648,401.24808
-40.360203,365.0518,170.41318,392.69135
-50.14023,372.65848,170.41318,392.69135
-38.896645,384.17734,166.77907,384.31708
-46.343845,397.5007,163.22246,376.1214
-57.792824,390.215,163.22246,376.1214
-41.00449,395.22864,159.74168,368.1005
-52.06466,390.31732,156.33514,360.25064
-41.74992,402.8063,153.00125,352.56818
-50.462646,399.98297,149.73845,345.04956
-36.901855,413.78564,146.54523,337.69128
-47.181038,405.37543,146.54523,337.69128
-36.901855,411.91675,146.54523,337.69128
-47.181038,399.76862,146.54523,337.69128
-36.901855,404.44098,146.54523,337.69128
-45.312096,401.63757,146.54523,337.69128
-35.032913,402.57202,146.54523,337.69128
-39.70527,403.50647,146.54523,337.69128
-26.43367,409.80923,143.4201,330.48993
-21.860954,403.40744,143.4201,330.48993
-17.288239,407.98013,143.4201,330.48993
-19.823662,399.5799,146.59328,337.80203
-17.01933,396.77557,146.59328,337.80203
-17.954105,395.84082,146.59328,337.80203
-13.280216,396.77557,146.59328,337.80203
-8.606331,397.71033,146.59328,337.80203
-9.541103,402.38422,146.59328,337.80203
-1.1281052,397.71033,146.59328,337.80203
-7.671547,400.51465,146.59328,337.80203
-1.1281052,397.71033,146.59328,337.80203
0.15969849,387.18457,149.83665,345.2759
1.4759979,382.37366,153.1518,352.91513
2.8214188,375.42987,156.54028,360.7234
7.812454,378.4245,156.54028,360.7234
10.8070755,381.41913,156.54028,360.7234
13.801697,380.4209,156.54028,360.7234
18.792732,385.41193,156.54028,360.7234
23.783768,386.41016,156.54028,360.7234
32.767624,395.39404,156.54028,360.7234
37.75866,390.403,156.54028,360.7234
42.749695,397.39044,156.54028,360.7234
43.747902,390.403,156.54028,360.7234
50.73535,395.39404,156.54028,360.7234
55.72638,390.403,156.54028,360.7234
62.71382,395.39404,156.54028,360.7234
67.70485,390.403,156.54028,360.7234
74.69229,395.39404,156.54028,360.7234
81.67973,386.41016,156.54028,360.7234
84.67435,385.41193,156.54028,360.7234
89.665375,380.4209,156.54028,360.7234
96.65282,381.41913,156.54028,360.7234
97.65102,380.4209,156.54028,360.7234
104.63846,385.41193,156.54028,360.7234
97.65102,378.4245,156.54028,360.7234
106.63487,383.41553,156.54028,360.7234
97.65102,380.4209,156.54028,360.7234
106.63487,389.4048,156.54028,360.7234
97.65102,384.41376,156.54028,360.7234
94.6564,389.4048,156.54028,360.7234
89.665375,378.4245,156.54028,360.7234
86.67076,381.41913,156.54028,360.7234
89.665375,382.41736,156.54028,360.7234
82.67538,392.99847,153.20201,353.03085
89.51382,386.16003,153.20201,353.03085
82.67287,396.51556,149.93494,345.50235
85.54112,387.91077,149.93494,345.50235
78.848526,390.77905,149.93494,345.50235
80.16569,380.0133,153.25224,353.14658
71.37054,384.89948,153.25224,353.14658
74.30225,380.0133,153.25224,353.14658
65.5071,384.89948,153.25224,353.14658
60.620903,385.8767,153.25224,353.14658
53.78022,386.85394,153.25224,353.14658
58.66642,393.69464,153.25224,353.14658
51.825745,390.76294,153.25224,353.14658
52.802986,399.5581,153.25224,353.14658
47.916786,392.7174,153.25224,353.14658
46.939545,395.6491,153.25224,353.14658
40.09887,388.8084,153.25224,353.14658
39.121628,393.69458,153.25224,353.14658
36.18991,390.76288,153.25224,353.14658
41.07611,397.60358,153.25224,353.14658
36.18991,392.7174,153.25224,353.14658
41.07611,393.69464,153.25224,353.14658
34.235435,386.85394,153.25224,353.14658
37.167152,387.83118,153.25224,353.14658
30.326477,384.89948,153.25224,353.14658
33.258194,387.83118,153.25224,353.14658
24.463036,388.8084,153.25224,353.14658
29.349236,389.78564,153.25224,353.14658
22.50856,394.6718,153.25224,353.14658
21.531319,391.7401,153.25224,353.14658
20.554077,398.5808,153.25224,353.14658
13.713402,395.6491,153.25224,353.14658
8.827202,392.7174,153.25224,353.14658
3.941002,397.60358,153.25224,353.14658
-2.8996735,388.8084,153.25224,353.14658
-3.876915,387.83118,153.25224,353.14658
-6.808632,392.71735,153.25224,353.14658
-5.8313904,385.87665,153.25224,353.14658
-4.854149,392.71735,153.25224,353.14658
-11.694832,387.83118,153.25224,353.14658
-6.808632,394.67188,153.25224,353.14658
-7.7858734,389.7857,153.25224,353.14658
-8.763115,388.80847,153.25224,353.14658
-7.7858734,387.83124,153.25224,353.14658
-12.672073,388.80847,153.25224,353.14658
-9.740356,387.83124,153.25224,353.14658
-8.763115,388.80847,153.25224,353.14658
-11.694832,389.7857,153.25224,353.14658
-8.763115,398.58087,153.25224,353.14658
-5.831398,393.6947,153.25224,353.14658
-2.899681,390.763,153.25224,353.14658
-3.8769226,395.64917,153.25224,353.14658
-0.9452057,390.763,153.25224,353.14658
0.032035828,395.64917,153.25224,353.14658
4.918236,390.763,153.25224,353.14658
17.622353,397.6037,153.25224,353.14658
28.371986,392.71753,153.25224,353.14658
39.12162,397.6037,153.25224,353.14658
45.962296,390.763,153.25224,353.14658
43.03058,389.78577,153.25224,353.14658
47.91678,386.85406,153.25224,353.14658
46.939537,387.8313,153.25224,353.14658
49.871254,384.8996,153.25224,353.14658
54.757454,387.8313,153.25224,353.14658
61.598137,388.80853,153.25224,353.14658
64.529854,383.92236,153.25224,353.14658
71.37054,394.672,153.25224,353.14658
72.34777,387.8313,153.25224,353.14658
81.14292,396.62646,153.25224,353.14658
76.25672,387.8313,153.25224,353.14658
83.097404,394.672,153.25224,353.14658
76.25672,385.87683,153.25224,353.14658
83.097404,390.763,153.25224,353.14658
84.07464,385.87683,153.25224,353.14658
88.96084,390.763,153.25224,353.14658
91.892555,385.87683,153.25224,353.14658
92.86979,388.80853,153.25224,353.14658
95.801506,381.96783,153.25224,353.14658
96.77874,384.89954,153.25224,353.14658
99.71046,378.05884,153.25224,353.14658
102.64217,377.0816,153.25224,353.14658
105.57389,374.1499,153.25224,353.14658
108.50561,380.9906,153.25224,353.14658
113.39181,374.1499,153.25224,353.14658
118.27801,384.89954,153.25224,353.14658
129.02765,380.01337,153.25224,353.14658
135.86832,386.85406,153.25224,353.14658
142.70901,380.01337,153.25224,353.14658
147.59521,384.89954,153.25224,353.14658
152.48141,376.10437,153.25224,353.14658
163.23105,386.854,153.25224,353.14658
175.93515,381.96783,153.25224,353.14658
184.73032,384.89954,153.25224,353.14658
197.43442,385.87677,153.25224,353.14658
208.18405,388.80847,153.25224,353.14658
218.93369,381.96777,153.25224,353.14658
227.72885,380.99054,153.25224,353.14658
234.56952,378.05884,153.25224,353.14658
241.41019,379.03607,153.25224,353.14658
250.20535,380.0133,153.25224,353.14658
259.66275,366.98163,156.64294,360.95993
270.6502,379.9668,156.64294,360.95993
281.63766,386.9588,156.64294,360.95993
289.2317,375.7115,160.10867,368.94617
294.8752,379.04474,163.65108,377.1091
302.18005,369.65277,163.65108,377.1091
305.78308,368.72906,167.27185,385.45264
308.983,361.26257,167.27185,385.45264
316.44946,366.59576,167.27185,385.45264
321.78265,361.26257,167.27185,385.45264
333.5157,364.46246,167.27185,385.45264
345.24872,365.5291,167.27185,385.45264
354.84845,366.59576,167.27185,385.45264
364.44818,361.26257,167.27185,385.45264
371.91464,360.19592,167.27185,385.45264
382.951,357.10925,163.70473,377.23276
392.346,358.15314,163.70473,377.23276
397.56546,355.02148,163.70473,377.23276
406.96048,362.32874,163.70473,377.23276
418.4433,359.19708,163.70473,377.23276
432.01392,366.50433,163.70473,377.23276
445.58453,359.19708,163.70473,377.23276
454.97955,368.5921,163.70473,377.23276
462.2868,363.37262,163.70473,377.23276
469.59406,368.5921,163.70473,377.23276
483.16467,363.37262,163.70473,377.23276
494.64746,356.06537,163.70473,377.23276
504.04248,367.54816,163.70473,377.23276
515.52527,360.2409,163.70473,377.23276
522.8325,367.54816,163.70473,377.23276
528.052,360.2409,163.70473,377.23276
527.0081,363.37256,163.70473,377.23276
530.1398,358.15308,163.70473,377.23276
533.2714,361.28473,163.70473,377.23276
532.22754,358.15308,163.70473,377.23276
531.18365,352.9336,163.70473,377.23276
536.40314,360.24084,163.70473,377.23276
535.35925,359.19696,163.70473,377.23276
538.4909,364.41644,163.70473,377.23276
539.929,356.99423,167.32669,385.57904
538.862,368.7311,167.32669,385.57904
533.68994,358.93066,171.0288,394.11
536.96173,366.56482,171.0288,394.11
531.5087,369.8366,171.0288,394.11
530.41815,360.02124,171.0288,394.11
535.39526,371.58173,167.38155,385.70547
544.3813,370.55054,163.81209,377.4802
551.6933,373.68427,163.81209,377.4802
563.18365,368.46136,163.81209,377.4802
574.674,375.77338,163.81209,377.4802
595.5503,376.7779,160.31874,369.43033
610.0693,389.58514,156.8999,361.55212
623.07574,378.57965,156.8999,361.55212
626.0773,373.57715,156.8999,361.55212
631.0798,374.57764,156.8999,361.55212
638.08325,379.58014,156.8999,361.55212
637.08276,374.57764,156.8999,361.55212
644.08624,381.58112,156.8999,361.55212
649.08875,384.58264,156.8999,361.55212
648.08826,381.58112,156.8999,361.55212
651.0898,384.58264,156.8999,361.55212
652.0903,379.58014,156.8999,361.55212
651.0898,386.58362,156.8999,361.55212
647.9411,391.40308,153.55397,353.84192
650.8786,384.54895,153.55397,353.84192
651.5721,398.7033,150.27939,346.29614
648.6972,399.66162,150.27939,346.29614
643.90576,396.78674,150.27939,346.29614
639.1143,401.5782,150.27939,346.29614
637.9458,402.4997,147.07463,338.9113
629.5052,405.31323,147.07463,338.9113
617.3132,400.62402,147.07463,338.9113
603.2455,405.31323,147.07463,338.9113
589.1778,400.62402,147.07463,338.9113
595.74274,405.31323,147.07463,338.9113
591.0535,400.62402,147.07463,338.9113
584.56146,405.63196,150.32866,346.4097
575.93665,394.838,153.65468,354.074
572.99725,405.6159,153.65468,354.074
558.0823,390.51694,157.05429,361.9079
557.0808,393.5214,157.05429,361.9079
554.07635,388.51395,157.05429,361.9079
557.0808,387.51248,157.05429,361.9079
552.2263,376.23563,160.52911,369.9151
553.2499,379.30655,160.52911,369.9151
548.1317,378.28293,160.52911,369.9151
553.2499,377.2593,160.52911,369.9151
546.0845,376.2357,160.52911,369.9151
551.20264,377.2593,160.52911,369.9151
544.03723,372.14108,160.52911,369.9151
538.91895,373.1647,160.52911,369.9151
539.9426,376.23563,160.52911,369.9151
540.9662,383.4011,160.52911,369.9151
539.9426,374.18832,160.52911,369.9151
536.8717,379.30655,160.52911,369.9151
531.7534,374.18832,160.52911,369.9151
526.63525,377.25925,160.52911,369.9151
527.6588,370.09378,160.52911,369.9151
520.4934,373.1647,160.52911,369.9151
515.2985,380.06888,157.10579,362.02655
504.2786,377.06345,157.10579,362.02655
497.2659,384.07614,157.10579,362.02655
498.26773,387.08157,157.10579,362.02655
495.2623,390.087,157.10579,362.02655
496.26413,387.08157,157.10579,362.02655
491.2551,394.09427,157.10579,362.02655
490.25327,385.07797,157.10579,362.02655
487.24783,386.0798,157.10579,362.02655
482.2388,379.0671,157.10579,362.02655
477.22977,374.05807,157.10579,362.02655
474.22433,371.05264,157.10579,362.02655
473.2225,378.06534,157.10579,362.02655
470.21707,371.05264,157.10579,362.02655
465.3609,361.85083,160.58176,370.03638
464.64685,360.94446,164.13463,378.22342
466.08875,353.50272,167.76611,386.5916
467.1585,358.85165,167.76611,386.5916
464.1927,355.6849,171.47794,395.14496
467.47308,348.03067,171.47794,395.14496
457.6349,342.5249,175.27188,403.88754
454.28192,343.64258,175.27188,403.88754
448.69366,344.76025,175.27188,403.88754
445.3407,345.87793,175.27188,403.88754
446.45837,346.9956,175.27188,403.88754
441.0407,334.41068,179.14977,412.82355
435.3288,335.55307,179.14977,412.82355
441.0407,327.55643,179.14977,412.82355
439.89832,326.41403,179.14977,412.82355
436.4712,332.12595,179.14977,412.82355
439.89832,326.41403,179.14977,412.82355
422.76263,332.12595,179.14977,412.82355
435.3288,321.8445,179.14977,412.82355
436.4712,327.55643,179.14977,412.82355
442.78586,309.95215,183.11345,421.95728
420.6004,318.12573,183.11345,421.95728
424.63193,300.13196,187.16484,431.2931
406.72958,308.4864,187.16484,431.2931
388.82724,309.67987,187.16484,431.2931
390.02072,303.7124,187.16484,431.2931
372.11838,314.4538,187.16484,431.2931
363.76395,303.7124,187.16484,431.2931
350.63556,312.06683,187.16484,431.2931
351.82904,303.7124,187.16484,431.2931
341.08765,309.67987,187.16484,431.2931
335.1202,303.7124,187.16484,431.2931
331.36414,316.36356,183.1735,422.09564
325.52393,312.85947,183.1735,422.09564
324.3559,318.69968,183.1735,422.09564
318.51575,312.85947,183.1735,422.09564
319.68378,318.69968,183.1735,422.09564
311.5075,317.53165,183.1735,422.09564
313.11667,311.65036,187.22621,431.4345
302.37173,315.23203,187.22621,431.4345
304.01648,304.26605,191.36859,440.98
293.03708,295.58954,195.60262,450.7367
286.8006,301.826,195.60262,450.7367
290.54248,293.0949,195.60262,450.7367
286.8006,299.33136,195.60262,450.7367
285.5533,298.08405,195.60262,450.7367
291.7898,296.83673,195.60262,450.7367
293.03708,290.60028,195.60262,450.7367
291.7898,289.35297,195.60262,450.7367
298.02628,285.61108,195.60262,450.7367
308.52737,294.02374,191.43134,441.1246
316.45142,297.55072,187.349,431.7175
320.0354,303.52405,187.349,431.7175
323.6194,295.16144,187.349,431.7175
327.20337,291.57745,187.349,431.7175
335.566,292.7721,187.349,431.7175
339.15,293.9668,187.349,431.7175
345.12332,297.55078,187.349,431.7175
348.7073,293.9668,187.349,431.7175
352.2913,297.55078,187.349,431.7175
360.65393,293.9668,187.349,431.7175
364.2379,299.94006,187.349,431.7175
372.60056,301.1347,187.349,431.7175
376.18454,297.55072,187.349,431.7175
379.76852,298.74536,187.349,431.7175
380.9632,297.55066,187.349,431.7175
382.15787,293.96674,187.349,431.7175
386.28265,282.99353,191.4941,441.26926
390.4987,279.37885,195.7309,451.03235
394.243,283.12317,195.7309,451.03235
400.48358,276.8826,195.7309,451.03235
406.72415,283.12317,195.7309,451.03235
412.96472,279.37885,195.7309,451.03235
417.27402,270.50458,200.06145,461.01144
418.54977,276.88318,200.06145,461.01144
420.3073,270.45966,204.48781,471.21133
422.1037,266.59973,209.0121,481.63687
432.23657,262.65442,213.63649,492.2931
436.32343,264.01672,213.63649,492.2931
443.1349,265.37903,213.63649,492.2931
444.4972,264.01672,213.63649,492.2931
454.0332,265.37903,213.63649,492.2931
449.94635,264.01672,213.63649,492.2931
464.93152,262.65442,213.63649,492.2931
458.12006,255.84296,213.63649,492.2931
473.10522,259.92984,213.63649,492.2931
466.29376,253.11838,213.63649,492.2931
484.00354,249.0315,213.63649,492.2931
488.0904,253.11838,213.63649,492.2931
497.6264,246.30692,213.63649,492.2931
504.43787,242.22003,213.63649,492.2931
508.52472,238.13315,213.63649,492.2931
515.3362,247.66919,213.63649,492.2931
519.42303,243.5823,213.63649,492.2931
526.2345,244.94461,213.63649,492.2931
527.5968,254.48065,213.63649,492.2931
532.30035,241.96776,218.36319,503.1851
536.47766,246.14507,218.36319,503.1851
540.65497,247.53749,218.36319,503.1851
544.8323,243.36018,218.36319,503.1851
543.4398,241.96776,218.36319,503.1851
547.6171,240.57533,218.36319,503.1851
554.5793,241.96776,218.36319,503.1851
550.402,237.79045,218.36319,503.1851
562.93384,236.39803,218.36319,503.1851
572.68085,229.43587,218.36319,503.1851
574.0733,228.04344,218.36319,503.1851
583.8203,229.43587,218.36319,503.1851
579.643,236.39803,218.36319,503.1851
586.60516,229.43587,218.36319,503.1851
590.7825,239.18288,218.36319,503.1851
583.8203,237.79045,218.36319,503.1851
579.643,241.96776,218.36319,503.1851
581.03546,243.36018,218.36319,503.1851
582.4279,250.32234,218.36319,503.1851
586.6052,260.06934,218.36319,503.1851
585.21277,255.89204,218.36319,503.1851
575.46576,260.06934,218.36319,503.1851
582.4279,255.89204,218.36319,503.1851
578.2506,257.2845,218.36319,503.1851
582.4279,250.32231,218.36319,503.1851
578.2506,251.71474,218.36319,503.1851
579.64307,255.89204,218.36319,503.1851
569.89606,251.71474,218.36319,503.1851
579.64307,250.32231,218.36319,503.1851
583.8204,246.145,218.36319,503.1851
582.4279,241.9677,218.36319,503.1851
589.3901,232.22069,218.36319,503.1851
582.4279,241.9677,218.36319,503.1851
592.1749,240.57527,218.36319,503.1851
579.6467,233.56415,223.19447,514.31805
589.6094,240.68033,223.19447,514.31805
596.7256,242.10358,223.19447,514.31805
598.1488,243.52682,223.19447,514.31805
599.572,242.10358,223.19447,514.31805
606.06726,251.70296,218.43478,503.35007
599.10284,255.8816,218.43478,503.35007
608.853,248.91716,218.43478,503.35007
599.10284,253.09581,218.43478,503.35007
611.63885,251.70293,218.43478,503.35007
599.10284,247.52428,218.43478,503.35007
606.06726,251.70293,218.43478,503.35007
620.47925,255.72745,213.7766,492.61597
613.6633,251.63791,213.7766,492.61597
620.47925,253.0011,213.7766,492.61597
616.3897,257.09064,213.7766,492.61597
625.2387,266.28497,209.21774,482.11078
613.2317,267.61908,209.21774,482.11078
619.9023,274.28964,209.21774,482.11078
615.7037,288.43146,204.75612,471.82962
619.62067,289.73712,204.75612,471.82962
618.315,298.87677,204.75612,471.82962
619.62067,294.95978,204.75612,471.82962
615.7037,298.87677,204.75612,471.82962
619.62067,292.34845,204.75612,471.82962
620.92633,293.6541,204.75612,471.82962
624.8433,284.51447,204.75612,471.82962
628.7603,280.59747,204.75612,471.82962
622.232,276.68048,204.75612,471.82962
623.53766,270.15216,204.75612,471.82962
632.6773,274.06915,204.75612,471.82962
620.92633,270.15216,204.75612,471.82962
637.89996,261.0125,204.75612,471.82962
641.81696,264.9295,204.75612,471.82962
640.5113,274.06915,204.75612,471.82962
636.5943,267.54083,204.75612,471.82962
645.73395,268.8465,204.75612,471.82962
641.81696,272.7635,204.75612,471.82962
638.1972,271.60776,209.28635,482.26886
644.86993,272.9423,209.28635,482.26886
640.8663,268.93863,209.28635,482.26886
636.8626,270.2732,209.28635,482.26886
638.19714,271.60776,209.28635,482.26886
636.8626,272.9423,209.28635,482.26886
638.19714,268.93863,209.28635,482.26886
626.1897,264.9881,213.91681,492.93906
633.01013,255.43956,213.91681,492.93906
620.7334,256.80365,213.91681,492.93906
635.7383,249.98323,213.91681,492.93906
623.4617,254.07545,213.91681,492.93906
641.1947,252.71138,213.91681,492.93906
628.91797,254.07545,213.91681,492.93906
643.92285,252.71138,213.91681,492.93906
634.3744,256.8036,213.91681,492.93906
635.7384,258.16766,213.91681,492.93906
628.9181,262.2599,213.91681,492.93906
641.1947,263.62396,213.91681,492.93906
631.64624,270.44434,213.91681,492.93906
630.2821,274.53656,213.91681,492.93906
637.10254,267.7162,213.91681,492.93906
627.55396,269.08026,213.91681,492.93906
634.3744,267.7162,213.91681,492.93906
627.55396,263.62396,213.91681,492.93906
642.55884,267.7162,213.91681,492.93906
627.55396,263.62396,213.91681,492.93906
637.92456,251.0947,218.64972,503.84534
642.1074,255.27747,218.64972,503.84534
635.1361,248.30618,218.64972,503.84534
650.4729,235.75787,218.64972,503.84534
637.92456,239.94064,218.64972,503.84534
650.4729,246.91193,218.64972,503.84534
651.8672,248.30618,218.64972,503.84534
644.8959,246.91193,218.64972,503.84534
649.07874,256.67172,218.64972,503.84534
644.8959,255.27747,218.64972,503.84534
643.5016,259.46024,218.64972,503.84534
636.5303,252.48895,218.64972,503.84534
640.71313,259.46024,218.64972,503.84534
633.7418,258.06598,218.64972,503.84534
635.1361,259.46024,218.64972,503.84534
633.7418,255.27747,218.64972,503.84534
632.34753,259.46024,218.64972,503.84534
619.7992,249.70044,218.64972,503.84534
626.7705,253.88321,218.64972,503.84534
617.0071,263.2871,213.98695,493.10068
634.7459,251.0064,213.98695,493.10068
627.82117,268.101,209.42361,482.58514
634.4983,261.4239,209.42361,482.58514
627.82117,260.08847,209.42361,482.58514
618.4732,264.09476,209.42361,482.58514
625.1503,273.44272,209.42361,482.58514
613.135,263.9476,214.05711,493.26233
617.2299,276.23236,214.05711,493.26233
613.135,283.05725,214.05711,493.26233
612.18317,259.1905,218.79312,504.17575
607.9976,271.747,218.79312,504.17575
601.0217,273.1422,218.79312,504.17575
605.2073,257.79535,218.79312,504.17575
595.44104,256.40015,218.79312,504.17575
602.41693,257.79535,218.79312,504.17575
589.95764,269.8949,214.12729,493.42404
599.51556,263.0678,214.12729,493.42404
584.496,256.24072,214.12729,493.42404
599.51556,246.68279,214.12729,493.42404
581.7651,245.31737,214.12729,493.42404
596.78467,235.75941,214.12729,493.42404
584.4959,250.77904,214.12729,493.42404
591.323,246.68279,214.12729,493.42404
587.22675,250.77904,214.12729,493.42404
580.39966,254.87529,214.12729,493.42404
579.03424,256.24072,214.12729,493.42404
569.4763,260.33698,214.12729,493.42404
570.84174,258.97156,214.12729,493.42404
561.2838,260.33698,214.12729,493.42404
557.18756,261.7024,214.12729,493.42404
553.0913,260.33698,214.12729,493.42404
551.7259,261.7024,214.12729,493.42404
550.3605,257.60614,214.12729,493.42404
546.2642,258.97156,214.12729,493.42404
536.7063,257.60614,214.12729,493.42404
552.7536,239.39803,218.86485,504.34103
540.2902,251.50156,214.1975,493.58582
549.8513,244.67221,214.1975,493.58582
553.9489,246.03809,214.1975,493.58582
544.3878,244.67221,214.1975,493.58582
537.5585,240.57462,214.1975,493.58582
544.3878,247.40396,214.1975,493.58582
532.09863,243.36075,218.93661,504.5064
530.7026,250.34119,218.93661,504.5064
532.09863,257.32162,218.93661,504.5064
527.9104,258.7177,218.93661,504.5064
526.51434,260.1138,218.93661,504.5064
513.9496,261.50986,218.93661,504.5064
512.5535,254.52942,218.93661,504.5064
502.78094,255.9255,218.93661,504.5064
495.80054,254.52942,218.93661,504.5064
488.82013,247.54898,218.93661,504.5064
479.04755,246.1529,218.93661,504.5064
472.06714,239.17245,218.93661,504.5064
473.9905,229.246,223.7806,515.66864
449.7319,219.25717,223.7806,515.66864
464.49658,239.88496,219.0084,504.67184
485.44476,235.69533,219.0084,504.67184
467.28967,242.67805,219.0084,504.67184
482.65167,246.86769,219.0084,504.67184
467.28967,248.26424,219.0084,504.67184
468.68622,252.45387,219.0084,504.67184
456.1173,248.26424,219.0084,504.67184
463.10004,249.66078,219.0084,504.67184
458.9104,251.05733,219.0084,504.67184
454.72076,252.45387,219.0084,504.67184
442.15186,245.47115,219.0084,504.67184
437.96222,244.0746,219.0084,504.67184
438.95135,256.1861,214.33798,493.90958
429.38403,252.0858,214.33798,493.90958
431.26697,239.53185,219.08022,504.8373
424.28192,240.92885,219.08022,504.8373
434.06097,239.53185,219.08022,504.8373
441.04602,232.54683,219.08022,504.8373
439.34244,250.04832,214.40826,494.0715
435.2408,240.47783,214.40826,494.0715
436.608,244.57945,214.40826,494.0715
427.0375,245.94667,214.40826,494.0715
426.08408,233.3886,219.15205,505.00284
413.50693,243.17082,219.15205,505.00284
426.08408,247.3632,219.15205,505.00284
424.6866,248.76067,219.15205,505.00284
414.9044,252.95305,219.15205,505.00284
405.23068,237.2174,224.0008,516.176
395.23203,241.50253,224.0008,516.176
390.9469,237.2174,224.0008,516.176
383.805,232.93228,224.0008,516.176
388.09012,228.64716,224.0008,516.176
375.2347,238.64581,224.0008,516.176
379.51984,234.36069,224.0008,516.176
363.70435,218.27689,228.95682,527.59644
376.84418,210.97696,228.95682,527.59644
381.22412,203.67703,228.95682,527.59644
376.62933,207.89539,224.07425,516.3453
378.05823,209.32425,224.07425,516.3453
370.91394,216.4685,224.07425,516.3453
375.2005,217.89737,224.07425,516.3453
367.94934,233.0434,219.29579,505.33405
372.14447,228.84827,219.29579,505.33405
365.1526,233.0434,219.29579,505.33405
369.34772,231.64502,219.29579,505.33405
356.76602,221.7023,224.1477,516.5146
355.3367,225.99026,224.1477,516.5146
345.33148,224.56094,224.1477,516.5146
346.7608,217.41437,224.1477,516.5146
348.19012,218.84369,224.1477,516.5146
341.04355,223.13165,224.1477,516.5146
345.3315,218.84369,224.1477,516.5146
335.3263,220.27301,224.1477,516.5146
345.3315,215.98505,224.1477,516.5146
355.33673,214.55573,224.1477,516.5146
339.61426,213.1264,224.1477,516.5146
349.61948,208.83844,224.1477,516.5146
336.7556,213.1264,224.1477,516.5146
346.76083,217.41437,224.1477,516.5146
336.7556,218.84369,224.1477,516.5146
343.9022,223.13165,224.1477,516.5146
342.47287,227.41962,224.1477,516.5146
341.04355,228.84894,224.1477,516.5146
339.61423,230.27826,224.1477,516.5146
335.32626,228.84894,224.1477,516.5146
336.75558,230.27826,224.1477,516.5146
332.46762,223.13168,224.1477,516.5146
339.6142,221.70236,224.1477,516.5146
326.75415,223.40302,229.10698,527.94244
336.98074,216.0983,229.10698,527.94244
332.59793,214.63736,229.10698,527.94244
342.82452,207.33264,229.10698,527.94244
332.59793,202.94983,229.10698,527.94244
345.7464,189.80136,229.10698,527.94244
350.1292,182.49664,229.10698,527.94244
345.7464,186.87946,229.10698,527.94244
338.44168,197.10605,229.10698,527.94244
336.98074,192.72324,229.10698,527.94244
338.44168,200.02795,229.10698,527.94244
340.45438,189.64041,234.17596,539.62317
332.98807,194.12021,234.17596,539.62317
331.4948,195.61346,234.17596,539.62317
327.015,191.13367,234.17596,539.62317
328.50827,189.64041,234.17596,539.62317
318.05542,191.13367,234.17596,539.62317
325.52173,189.64041,234.17596,539.62317
312.08237,191.13367,234.17596,539.62317
319.54868,192.62692,234.17596,539.62317
309.2118,185.1081,239.3571,551.5623
319.8959,177.4766,239.3571,551.5623
306.15918,179.0029,239.3571,551.5623
316.8433,174.42398,239.3571,551.5623
306.15918,179.0029,239.3571,551.5623
310.7381,174.42398,239.3571,551.5623
300.17252,166.7388,244.65288,563.7656
295.4923,171.419,244.65288,563.7656
303.29266,179.21936,244.65288,563.7656
298.61246,187.01971,244.65288,563.7656
306.4128,191.69992,244.65288,563.7656
292.37216,190.13986,244.65288,563.7656
287.69196,191.69992,244.65288,563.7656
292.37216,187.01971,244.65288,563.7656
281.45166,188.57977,244.65288,563.7656
283.6009,167.77594,250.06583,576.23895
272.43878,175.74887,250.06583,576.23895
286.7901,170.96512,250.06583,576.23895
278.81714,162.99219,250.06583,576.23895
284.32275,145.03687,255.59853,588.9882
286.56818,130.06622,261.25363,602.0196
278.49283,107.85077,267.03387,615.3393
290.41235,95.931244,267.03387,615.3393
278.48846,117.26358,261.3393,602.217
283.48788,112.26416,261.3393,602.217
271.82254,123.929504,261.3393,602.217
