10000
8.851166
8.705829
8.686026
8.777246
8.732378
8.608716
8.645344
8.587518
8.544934
8.197852
8.051972
7.8098335
7.9998064
7.9957056
7.7827826
8.088436
8.066271
7.6872683
7.3005977
7.2120657
7.104064
7.155971
7.2409225
7.6456804
7.7233305
7.983227
8.171072
8.330921
8.183177
8.145437
8.275817
8.119406
8.048723
7.8292794
7.982634
8.243294
8.282098
8.063053
8.147914
8.103977
8.232788
8.132427
7.995355
7.9716177
7.582489
7.6548476
7.626485
7.9376893
8.374044
8.347384
8.229857
8.089636
8.13546
8.3854685
8.426287
8.499672
8.549477
8.367873
8.395154
8.1932535
8.10852
8.296887
8.07172
8.084339
7.6678433
7.8275585
7.692383
7.824482
7.7080183
7.983279
8.20398
8.138472
8.189061
8.274368
7.928197
8.279494
8.572044
8.563179
8.426498
8.27948
8.297367
8.3918495
8.1898775
8.225389
8.026236
8.116035
8.218544
7.685165
7.7391405
7.547263
7.6875353
7.961797
8.35846
8.230591
8.510618
8.186294
7.769756
8.3584
8.158341
7.738017
7.7662497
7.668105
7.6832395
7.09789
6.606345
6.1658187
6.3327003
5.956358
5.3988137
5.646977
6.0810747
5.7126145
5.4960604
5.033886
4.699835
4.385223
4.539253
5.0626345
5.3708487
6.220658
6.4188504
6.1581054
5.7351384
5.2385683
5.4801946
5.6771216
5.41201
5.7733955
5.6878495
5.5780945
5.5581703
5.163696
4.6074247
4.613077
4.1452436
5.0500646
4.9562235
4.7241697
4.59941
4.8118124
4.7361164
4.7826414
4.845885
4.8176804
4.712947
4.6296225
4.714489
4.742717
4.614501
4.633116
4.8675437
4.6364717
4.5445213
4.678695
4.827442
4.562172
4.621435
4.8804145
4.7612233
4.445218
4.721046
4.810683
4.7998238
4.7608666
4.6266074
4.7955775
4.6844034
4.6019306
4.6591125
4.687037
4.7218065
4.7188797
4.5907316
4.627285
4.60104
4.78608
4.4981813
4.5596633
4.5593014
4.738722
4.7790384
4.777256
4.688779
4.723336
4.72383
4.6109962
4.590741
4.7922935
4.708989
4.601582
4.6231995
4.5603447
4.756339
4.5820336
4.802886
4.6111274
4.6824636
4.6663866
4.5770025
4.5622134
4.512475
4.488256
4.5340242
4.404295
4.6103554
4.5606804
4.347534
4.311399
4.474163
4.4097633
4.4275913
4.4300537
4.418439
4.5001464
4.440732
4.430683
4.3285346
4.256328
4.443316
4.3955507
4.324223
4.270964
4.3475103
4.2288713
4.2650723
4.18647
4.2751675
4.2558436
4.2880583
4.280952
4.189004
4.240197
4.3704195
4.267992
4.466982
4.298851
4.211771
4.2407694
4.2541513
4.139387
4.326028
4.2110205
4.1406507
4.227377
4.2206035
4.1862397
4.0591455
4.1250677
4.1383924
4.1436415
4.198609
4.093026
4.265469
4.1424856
4.1069756
4.1579967
4.093607
7.1815233
7.0334406
7.1203833
7.166107
7.3424835
7.2686286
7.2374516
7.1714344
7.0727377
7.260384
7.3686266
7.3202686
7.529594
7.8016124
7.6785913
7.841395
7.725328
7.5858946
7.4671116
7.1190367
7.1094093
7.3086205
7.7269745
7.9389925
7.83269
7.859458
7.76659
7.902574
7.8863645
7.959644
7.8221035
7.717015
7.498264
7.635133
7.721549
7.65148
7.633282
7.711476
7.6830673
7.7696342
7.8952694
7.7033634
7.590336
7.3936462
7.393759
7.4427576
7.6901417
7.741424
7.701923
7.834533
7.9946413
8.057597
7.905541
7.807958
7.612872
7.482388
7.6078343
7.806034
7.8816
7.7669663
7.7891126
7.6864834
7.7825327
7.685044
7.710986
7.8065395
7.539546
7.606817
7.641038
7.8311286
7.838347
7.7624083
7.678541
7.696467
7.800127
7.907648
7.7344685
7.40251
7.220887
7.187355
7.144412
7.40713
7.3180523
7.4023576
7.3654075
7.2228146
7.3981037
7.4288507
7.459331
7.589115
7.4683967
7.4062543
7.4947143
7.435474
7.5057206
7.5520377
7.5486946
7.4609327
7.510313
7.4930787
7.4317603
7.1401267
7.113445
7.318035
7.5220394
7.6530676
7.7024536
7.731848
7.602432
7.5938454
7.552308
7.6577234
7.3913426
7.273028
7.157955
7.401518
7.5215816
7.5467257
7.558853
7.5682135
7.6777
7.5864053
7.73532
7.5267773
7.5208025
7.3235526
7.4563475
7.8626623
7.674996
7.6900396
7.5741134
7.5302978
7.5692315
7.629269
7.645864
7.50778
7.447847
7.3882403
7.4571056
7.721693
7.8794456
7.7235613
7.524311
7.62525
7.6439342
7.9149737
7.831971
7.5131216
7.0850916
7.199198
7.3541746
7.319463
7.5098042
7.4305477
7.4372125
7.4807386
7.4891276
7.5992455
7.3527145
7.3530984
7.2738776
7.4704895
7.706652
7.838701
7.864851
7.7076035
7.6843605
7.795262
7.6022463
7.3744764
7.449898
7.2484336
7.47102
7.506587
7.493777
7.4444942
7.484323
7.568771
7.553915
7.728654
7.729544
7.434198
7.541005
7.1804705
7.44962
7.813097
7.8339252
7.7406807
7.6865025
7.875785
7.7673345
7.8337274
7.3961167
7.2805114
7.187251
7.2170014
7.483648
7.5451837
7.3933086
7.5223565
7.54604
7.584033
7.536325
7.7126746
7.3635817
7.3719697
7.41018
7.403904
7.4986997
7.8012443
7.7299767
7.6967196
7.670419
7.5716357
7.532586
7.423132
7.4412074
7.2833967
7.186655
7.5701866
7.649345
7.8235526
7.630788
7.6492786
7.5689898
7.4986362
7.502028
7.5328765
7.3531704
7.4153323
7.260815
7.1663814
7.582813
7.5838857
7.4606276
7.359598
7.531934
7.216134
7.4018106
7.231298
7.1081805
7.2076454
6.959313
7.4073663
7.4492087
7.496468
7.4221997
7.317707
7.546151
7.641556
7.4536815
7.4221597
7.5524616
7.471081
7.4326587
7.7861967
7.903894
7.7550697
7.587798
7.4953218
7.7794366
7.785568
7.8466353
7.6971207
7.748026
7.433711
7.0493827
7.304367
7.4928885
7.3613725
7.41334
7.324322
7.207573
7.184532
7.126664
7.2380824
6.9690695
7.242544
7.0590105
7.3226857
7.146013
7.1608133
7.2252054
6.8862834
7.00808
7.0737047
7.2614236
7.282106
7.350484
7.218746
6.977871
7.3118873
7.433753
7.4615602
7.46791
7.456081
7.3223095
7.537657
7.545222
7.3373575
7.1543903
7.0881205
7.105548
7.2034574
7.069457
7.179136
7.205135
7.3174496
7.292132
7.2969036
7.1184826
7.0905685
6.9584017
6.6487794
7.1561003
7.122183
7.2239995
7.2582984
7.3719034
7.473988
7.564418
7.4953594
7.530745
7.330022
7.2693667
7.4779024
7.4824057
7.7285643
7.6414523
7.723936
7.383381
7.27106
7.0956006
7.3903265
7.1188135
6.7826734
6.774397
7.0506697
7.2029386
7.2526317
7.317052
7.339074
7.299472
7.378808
7.403474
7.458413
7.321739
7.3685417
7.166236
7.350544
7.529529
7.533595
7.6792145
7.678951
7.443497
7.4876294
7.6290493
7.695612
7.73547
7.459815
7.2398925
7.322302
7.706853
7.5560365
7.6120415
7.352352
7.321402
7.2975154
7.4426165
7.339147
7.457484
6.994129
6.9237123
7.1513605
7.416415
7.681954
7.860464
7.6151037
7.616183
7.383522
7.6184983
7.930275
7.522864
7.1562476
7.1552205
7.4877076
7.7456846
7.462014
7.42841
7.4215393
7.4209585
7.5277467
7.639441
7.5367494
7.345146
7.3613806
7.4598618
7.73192
7.9648776
7.8882284
7.8616095
7.6546955
7.7302794
7.672508
7.686195
7.650125
7.61432
7.521615
7.40419
7.7761707
7.6079073
7.729245
7.4770784
7.5509706
7.5193834
7.545924
7.621648
7.704787
7.4287367
7.3684435
7.549903
7.875655
8.229874
8.1205845
8.0832615
8.053953
8.028488
8.012464
7.954805
7.752179
7.502429
7.451784
7.6181183
7.8505797
7.6882486
7.5345945
7.4088087
7.528983
7.6872764
7.771687
7.9706717
7.8543944
7.430553
7.4041066
8.001565
8.025241
8.218029
8.120014
7.9893556
7.879258
8.051365
8.016331
7.8076816
7.600876
7.5744634
7.9303265
8.003346
7.7859516
7.7128425
7.551164
7.583839
7.683521
7.8639474
7.8915405
7.827716
7.874158
7.9612985
8.2098675
8.302061
8.1546755
8.31792
8.214175
8.328356
8.311003
8.229089
8.067485
8.011352
7.772804
7.796678
7.7069874
7.762991
7.4020524
7.4778686
7.6086597
7.693799
7.826342
7.9228125
7.5931654
7.5858326
7.8783956
8.1896715
8.12348
7.9703565
8.113546
7.9841604
8.134673
8.183656
8.245995
7.9765716
7.699231
7.7271695
8.0731325
7.717321
7.780488
7.855346
7.830496
7.6470633
7.675782
7.9025955
7.956915
7.984028
8.201626
7.787367
7.965996
8.188451
8.2199745
7.994676
7.87126
7.966547
8.042187
8.194665
8.355368
8.008859
7.9176865
7.696696
7.6339574
7.7348633
7.549435
7.4402575
7.6774426
7.7176876
7.686663
7.696788
7.9719725
7.4664884
7.6813455
7.6288586
8.030652
7.9031734
7.908318
7.734438
7.778827
7.9264975
8.2114725
8.119909
7.7879457
7.8105373
8.047529
8.248383
8.133283
7.965548
7.819286
7.869993
7.8785973
7.781734
7.9369454
7.932364
8.162951
8.021649
7.9491234
7.9376106
8.172153
8.177491
8.072959
7.968601
8.01546
8.056712
8.07244
8.098902
7.856712
7.9850626
7.6815205
7.713643
7.9004045
7.9066443
7.8589134
7.847304
7.8123546
8.002788
7.9547973
8.018764
8.137538
8.060223
7.902097
8.052504
8.145288
8.093663
8.01599
8.17232
8.29034
8.145751
8.171119
7.935109
7.8465085
7.831812
8.31267
8.03533
8.240696
8.121249
8.057872
8.021381
8.108159
8.239402
8.26397
8.20199
8.033344
7.7247095
7.8661637
7.9474907
7.8794093
7.848634
7.861717
8.032789
8.11127
7.967498
7.877906
7.949835
8.288462
8.042973
8.1167755
7.818711
7.663396
7.608696
7.4599338
7.600233
7.7201104
7.901249
8.067205
8.012454
7.822196
7.744318
7.8464932
8.0517
8.062649
7.9437094
7.7933807
7.6988506
7.6567025
7.7701054
7.7591143
7.572644
7.2979846
7.5747724
7.555663
7.15672
7.358826
7.293422
7.428062
7.408929
7.353494
7.518377
7.6098957
7.646723
7.3144417
7.026408
6.909232
7.2348943
6.710142
7.0364447
7.1713667
7.1660495
7.302445
7.24316
7.2168937
7.100971
7.508624
7.30578
7.604276
7.5100746
7.666844
7.6783314
7.6879926
7.518832
7.259553
6.9479084
6.955455
7.3134584
7.153257
7.296765
7.225798
7.340605
7.4898696
7.37082
7.265266
7.0261536
7.053585
7.2352314
7.345096
7.167695
7.213458
7.41797
7.4862046
7.4628377
7.1850653
6.974764
7.2066507
7.351902
7.773337
7.7849383
7.899093
7.8811173
7.748872
7.6975174
7.7570157
7.6278653
7.7682242
7.987029
7.4626427
7.4017262
7.231351
7.121918
7.0488834
7.294039
7.2656584
7.001742
6.945565
7.0389013
7.128922
7.338167
7.0602245
7.272414
7.291549
7.3206396
7.015085
6.983854
6.7246113
6.8867593
7.0357146
7.114357
7.366835
7.4270706
7.257661
7.4193263
7.493456
7.4575844
7.386008
7.0863585
6.6050653
7.1415005
7.4642563
7.355686
7.3960094
7.3246956
7.161156
7.1207485
7.123807
7.2316833
7.344169
7.34953
6.8409557
7.2917876
7.295136
7.423401
7.5115356
7.3779435
7.402742
7.1344028
6.7711515
6.9642644
7.222075
7.4944263
7.327199
7.6161585
7.5512886
7.5115128
7.724318
7.5229673
7.547747
7.458246
7.363776
7.357467
7.037547
7.33445
7.2403154
7.5194974
7.4219785
7.47697
7.3132954
6.986306
7.148986
6.8538957
6.6750154
6.878463
7.4519873
7.4499807
7.5064816
7.3464327
7.204585
7.083282
7.006698
6.9894943
6.995036
6.764587
6.659982
6.6479216
6.920734
7.0350623
7.0416765
7.104568
7.119521
6.917803
6.8995557
6.8327365
7.0566325
6.831756
6.8991103
6.956047
7.037607
6.997686
6.775511
6.657379
6.6922035
6.8725405
6.8157873
7.05409
7.2864075
6.9687104
7.2127066
6.684305
7.0264854
7.0195317
7.020014
6.9420414
7.0074425
7.169261
7.445215
7.61495
7.27473
6.7509775
6.3523884
6.2948093
6.6095486
6.9834414
7.242649
7.3663077
7.567238
7.563591
7.758276
7.9347878
7.880724
7.7433457
7.610871
7.49218
6.9896035
7.079278
7.170081
7.197451
7.143631
7.3274183
7.362462
7.4820004
7.9296556
7.627326
7.363435
7.402307
7.613617
7.4935694
7.363512
7.2456117
7.2349524
7.340205
7.16409
7.410458
7.5758095
7.4915466
7.4418902
7.0134997
6.6515102
6.7753415
6.8118544
6.542773
6.672183
6.919052
6.751809
7.0352783
7.163165
7.2849007
7.2821817
7.2672443
7.3132715
7.330412
7.221585
7.115959
7.0718946
7.089444
7.506136
7.5766454
7.5411787
7.358695
7.204555
6.9507923
6.686254
6.8254604
6.412306
6.33385
6.3426847
6.4796185
6.694153
6.7471066
6.9861736
6.9103737
6.9856157
7.0476303
7.353158
7.079501
6.865046
6.729652
6.8972926
7.128368
7.1552677
7.276269
7.0039496
6.710432
6.6330886
6.598957
6.8100214
6.14532
5.918897
5.778694
5.9778275
6.0872746
6.2592096
6.8391843
6.678555
6.410759
6.5002313
6.9063134
6.7060475
6.7317653
6.5487323
6.584481
6.6658306
6.7409964
7.110113
6.994964
6.714429
6.7797694
6.7012777
6.2445526
6.179706
6.087369
5.8690767
5.669346
5.569876
6.0500793
6.0657682
6.4655685
7.049375
6.7478876
6.698498
7.060259
7.0765767
6.7469196
6.391777
6.476507
6.8058352
7.0528827
7.1383853
6.9250584
6.922514
6.5475326
6.3846884
6.4153833
6.4255295
6.3485026
5.922373
5.713225
6.247047
6.35454
6.597679
6.6576133
6.556424
6.5219884
6.5217595
7.243804
7.120425
6.96046
6.369335
6.912357
7.179618
7.1887956
7.460667
7.2845783
6.715587
6.3539486
6.3519363
6.6852617
6.600234
6.023116
6.168577
6.264084
6.3388515
6.575699
6.597538
6.472003
6.4523125
6.3000145
7.18319
7.051198
7.135891
6.9667215
6.9430094
7.0474024
7.076526
7.2326374
7.062638
7.024735
6.0908914
6.3684654
6.3917155
6.4505763
6.1685333
6.093379
6.351551
6.4536967
6.822944
6.8357663
6.2718987
6.2245173
6.2688646
6.737105
6.889138
6.5073805
6.4589453
6.639769
6.5930424
6.796656
7.0587535
6.8651967
6.4074664
6.107388
5.9201846
5.957656
6.067957
5.8116894
5.163933
5.055069
5.3936877
5.76013
5.890488
6.169981
6.1191654
5.872216
6.0403175
6.0502195
6.2727795
6.4522066
6.162161
6.2340183
6.139095
6.590723
6.8434253
7.284608
7.285203
6.855011
6.279295
5.939492
5.612513
6.1303825
6.152333
5.9043083
5.879207
6.2630863
6.465108
6.5273566
6.5937395
6.3205957
6.425026
6.5153027
6.5501156
6.7368917
7.0455537
6.9729605
7.039454
7.1923676
7.267415
7.405265
7.2613087
6.6201506
6.0945873
5.4050736
5.2776976
5.7593174
5.870245
5.7949038
5.7875977
6.0739336
6.3202577
6.4409328
6.322015
6.0459814
6.0261216
6.617049
6.8774557
7.057741
7.3135533
7.09625
6.8328834
6.8527813
7.118266
7.217097
6.945802
6.209169
5.822316
5.6971545
5.7091036
5.98594
6.1146245
6.270458
6.4450355
6.405621
6.218756
5.8541355
5.8242316
5.97854
6.110323
6.505998
7.0920296
7.1845403
7.3772373
7.3140416
7.23485
7.044231
6.8327293
6.4128017
6.0649695
5.8729525
5.9565954
5.939948
5.705591
5.890233
6.4362874
6.303665
6.375222
6.3399954
6.1496506
6.2110634
6.4230537
6.17153
6.5092573
6.465902
6.7105665
6.5227475
6.671325
6.8779125
6.6784935
6.484907
5.975372
5.9869237
5.9385133
6.337726
6.6061974
6.50644
6.3542633
6.6937695
6.910094
6.935312
7.0076933
6.8497767
6.9083505
6.8980265
7.0083485
7.201409
7.171155
6.8382688
7.1400065
7.2447023
7.3375015
6.8464646
6.8388433
6.9625664
6.915789
6.898984
6.8871
6.8389745
6.583763
6.829409
7.237197
7.596064
7.6975274
7.2907977
6.8466063
6.7896786
7.0745497
6.9624968
6.899016
7.0568137
7.032736
7.17074
7.0687523
7.1108375
6.8836207
6.3895783
6.1174207
6.177022
6.0327945
6.2109575
6.4551916
6.6318727
6.5675874
6.5980477
6.8086605
6.7834926
6.5223293
6.202158
6.2014356
6.167136
6.0672393
6.2906528
6.1081853
5.7824035
5.862274
6.305145
6.4782524
6.229024
6.4168053
6.18197
6.03164
6.636439
6.5118847
6.7596536
6.5662136
6.397788
6.5286407
6.5270853
6.4527364
6.3323116
6.35456
6.54683
6.397672
6.74694
6.7953324
6.145629
5.993225
6.165293
6.4256577
6.453564
6.4984555
6.5672016
6.5617514
6.5699935
6.466278
6.631319
6.388484
6.289056
6.0124536
6.421407
6.2855086
6.6750326
6.8237023
6.4820504
6.0834026
6.385687
6.6031613
6.4932976
6.668525
6.2159424
6.331607
6.5866647
6.800448
7.187794
7.2362156
6.888523
6.8501616
6.41944
6.791845
6.5235324
6.7352
6.6571903
6.6821623
6.977796
7.183684
7.2626266
7.1599164
6.63147
6.9197693
7.0362186
7.121355
7.0284653
6.634911
6.7806726
6.750152
6.9063964
7.5394936
7.5359797
7.4329867
7.1861515
7.050772
7.069053
6.5470524
6.733146
6.807597
6.939962
7.0615745
7.1400604
7.4213376
7.2652225
6.8008733
6.9702415
7.3915067
7.2919273
7.319047
7.533119
7.0426517
6.895487
7.296797
7.5338783
7.520515
7.504961
7.1734676
7.041341
6.8873854
6.652178
6.8432703
6.981177
7.046142
7.346729
7.169265
7.1083403
7.0785785
6.7356415
7.002988
6.9120655
7.101892
7.225669
7.429733
6.8752103
6.747787
6.8938074
7.047589
7.214738
7.0843215
6.976304
6.996473
6.7327766
6.981289
6.8836646
7.239905
7.2711086
7.070699
7.1680374
6.933425
6.494207
6.7131963
7.042938
6.924202
6.916629
7.2696795
7.1770606
6.8912425
6.9025965
6.86935
7.238011
7.4733152
7.2850757
6.883961
6.9243436
6.7777576
6.345999
6.8902025
6.8884573
7.0193453
6.8176227
6.7764654
6.2201242
6.315219
6.8337502
7.1306996
7.1298885
7.275036
7.306142
7.1365147
6.788553
6.727566
6.760396
7.066579
7.3218613
7.184059
6.9696302
6.8775864
6.624398
6.8848505
7.3726473
7.0765934
7.1902127
7.1551414
6.623839
6.337542
6.794787
7.331831
7.1110225
7.339309
7.3677297
7.149372
6.813175
6.97258
6.663467
6.8990884
7.075083
6.9325037
7.037797
7.090789
6.8152795
6.650945
6.5713863
7.1149774
7.4322357
7.005696
6.652387
6.3851967
6.658526
7.006735
7.0728064
7.1438403
7.239971
7.210498
6.920171
6.6588917
6.548783
6.6452365
6.6095634
6.8203573
6.723267
6.7727976
6.858069
6.797177
6.4509354
6.879877
6.9835253
6.816843
6.612499
6.301629
5.871551
6.4417596
6.7560472
6.8645244
6.920632
7.043681
6.90312
6.721896
6.728297
6.63722
6.3847933
6.531782
6.750913
6.909356
6.702048
6.483938
6.1965904
6.1772003
6.8280816
6.693199
6.8854713
6.545511
6.1558323
6.0370803
6.434771
6.9593105
7.130354
7.1777706
7.036233
7.1009274
6.9780674
6.8126345
6.6448507
6.6907215
6.636938
6.9452705
6.874302
6.961373
6.801527
7.0592093
6.565777
6.624573
6.812119
6.8088694
6.673194
6.681284
6.7781577
6.649914
6.9999113
7.156946
7.2863345
7.232042
7.2218676
7.030615
7.0137634
6.9109354
6.826855
6.636882
6.86882
6.929445
7.1701193
6.932343
6.8271265
6.6569967
6.472454
6.542706
6.4892874
6.4865494
6.3763657
6.6601067
7.0783696
7.3062625
7.456237
7.349568
7.1186996
7.027914
6.963034
6.860401
6.8431644
6.870886
6.71651
6.8825016
7.16869
7.2551436
7.2368007
7.359392
6.948557
6.7450438
6.7063675
6.3540573
6.258173
6.7209816
6.4588375
6.934718
7.0168386
7.1352854
7.369698
7.0858364
7.144148
6.965351
6.806135
6.7116556
6.586182
6.780258
6.833577
7.05997
7.2451
7.2561927
7.2224183
6.9269013
6.6108303
6.4800625
6.561857
6.388221
6.3819537
6.6901093
6.9810815
7.028524
7.3616314
7.296909
7.1108704
7.082296
7.0455
6.9260664
6.992982
6.9555397
6.9320374
6.905213
7.061171
7.126293
6.8551497
6.9302297
6.912194
6.8969817
6.851919
6.665277
6.7280087
6.534122
6.305151
6.5782995
6.9245234
7.087675
7.0856266
7.0293484
7.0015707
6.9186225
6.899241
7.019818
7.0860357
6.836086
6.753403
6.8315973
6.8369956
6.904561
6.410332
6.8911953
6.727056
6.372813
6.4297557
6.282003
6.1823106
6.01221
5.9622097
6.435681
6.5920563
6.7799187
6.976298
6.9614267
6.9803395
6.9219933
7.026074
6.777461
6.758807
6.894085
6.790077
6.8986726
6.7142825
6.527034
6.364375
6.3158073
6.290613
6.3593044
6.2501674
6.2840204
6.0668955
5.956335
5.9638658
6.344062
6.382847
6.713246
6.4963956
6.8713403
6.658352
6.615636
6.771522
6.5473337
6.621231
6.6057215
6.472228
6.6907644
6.365307
5.7999253
5.7447133
5.4985633
5.3018837
5.847287
5.855777
6.122949
6.146412
6.0084906
5.965143
5.7181106
5.8807197
6.1375365
6.306876
7.055729
7.1819196
7.0265455
7.19714
7.2709546
7.179513
6.776372
6.8008814
6.740484
6.888731
7.0464396
6.935399
6.857025
7.0861473
7.5623026
7.4897723
7.440172
7.367013
7.33052
7.312907
7.101106
7.127405
6.917863
7.1668987
7.318164
7.3755713
7.2453966
7.125963
7.0615172
6.7497497
6.625269
6.2922854
6.685135
6.70415
6.7130785
6.4020395
6.227955
6.3292103
6.371969
6.228243
6.4240575
6.7066984
7.077706
6.9371843
7.0916243
7.3901777
6.938505
6.793805
6.7025337
6.5736237
6.6610327
6.620517
6.3953285
6.292111
6.2469144
6.361889
6.50806
6.949261
7.126952
7.148088
6.766682
6.4729524
5.9671574
5.7271166
5.6495028
5.6785555
5.4770803
5.4508724
5.7186475
5.7432575
5.5524206
5.6149054
5.8016796
5.7215757
5.833826
5.707079
6.16959
6.0574565
5.8199663
5.361757
5.166795
4.932162
5.1993523
5.442988
5.501079
5.602335
5.5154543
5.171915
4.766596
4.6943607
5.102371
5.25858
5.0375857
4.680069
4.3816957
4.328062
5.2991767
5.7516575
6.0486717
5.993211
5.9174185
5.83875
5.8456693
5.81688
5.6762195
5.3560476
5.2822127
5.7518573
6.088234
6.5073442
6.2350574
5.689496
5.1670756
4.713496
5.6616583
5.8726482
5.5789843
5.2121077
5.276052
5.2476416
5.665662
6.046131
5.912114
6.0349345
6.0732822
5.998168
5.9177113
5.9931107
5.7428575
5.446148
5.316065
5.364002
5.4593644
5.7433753
5.565487
5.1387553
4.9525814
4.4729247
5.2638474
5.958566
6.1050014
5.821584
5.2972937
5.2806597
5.3315063
5.4944115
5.424822
5.5631266
5.5461597
5.522482
6.337706
6.950053
6.8075294
6.283749
5.8448396
5.57611
5.8113422
6.467402
6.309408
6.4872518
5.809114
5.492913
5.56077
6.1581554
5.9331837
5.255596
4.8320637
4.927291
5.4739885
6.0082173
6.190035
5.65297
5.569273
5.7377534
6.7680426
6.6574306
5.694389
5.4767585
5.512831
5.6134267
6.177318
6.5734253
6.3977714
6.1096487
5.4112215
5.109387
5.8811836
6.2614355
5.821329
5.4915767
5.488409
5.7978168
6.06549
6.0163717
6.0639462
5.6251497
5.711292
5.789406
6.865788
6.7497263
5.974169
5.577595
5.346009
5.3876653
5.6807494
6.239216
6.333207
5.8178487
5.664965
5.593328
5.099013
5.1536584
5.946077
6.0205593
5.8364143
5.4481153
5.25768
5.408649
5.491067
5.7787876
6.4862523
6.381781
5.9153895
5.420463
6.066194
6.5230365
6.6491523
6.4363046
6.1002874
5.7941313
5.4176283
5.6662827
5.9908595
6.0670605
6.153052
5.8590574
5.951088
5.7490873
5.4529953
5.3144784
4.985013
5.3736835
5.9312897
5.6026883
5.440688
5.2719455
5.297967
5.2371435
5.132049
5.657762
6.139645
6.3539467
6.214091
5.869954
5.926225
6.4780483
6.823643
6.3211656
5.981885
6.1547804
6.1678433
6.2009563
6.1271667
6.174495
6.262658
6.442877
6.347657
6.137816
6.168016
5.987133
6.0300965
6.0126595
5.932094
5.7396317
5.47176
5.756654
6.1756697
6.429843
6.471673
6.321469
6.3723383
6.448558
6.6883707
6.7826395
6.644202
6.5229955
6.492885
6.3247666
6.734149
6.78669
6.9925947
6.9777513
6.641467
7.06301
7.059786
6.853195
6.875474
6.7455063
6.7623606
6.679736
6.8405476
6.519548
6.950899
7.105236
7.050091
7.0600343
7.295676
7.1253223
7.3136663
7.358037
7.3820534
7.036238
7.137295
7.3055325
7.230704
7.3181314
7.4587975
7.1347075
7.0798564
7.055413
6.9434395
6.8428235
7.016691
7.1247687
7.3401394
7.6558156
7.469458
7.7122593
7.462216
7.6357794
7.4735875
7.318966
7.252947
7.2821407
7.1969314
7.255057
7.011181
7.2203817
7.3578844
7.243229
6.8185024
6.592431
6.476723
6.4463797
6.4377027
6.4474573
6.740306
6.9166
7.1168146
7.1899405
7.188407
7.074755
7.1419134
7.1178102
6.982054
6.9496436
6.7200346
6.653767
6.7841315
7.0735064
7.173349
7.102874
7.1602793
7.2261543
6.724742
6.891163
6.9710183
7.0075855
6.7886267
6.597105
6.942337
7.175767
7.305091
7.6867127
7.3736906
7.3991065
7.4871545
7.5331616
7.4949403
7.6098914
7.308729
7.1847253
7.100137
7.094555
7.141143
7.6119285
7.7901154
7.977319
7.361619
7.540603
7.7260256
7.7780614
7.389921
7.410033
7.6200876
7.9212112
7.8072577
7.8115277
7.4626665
7.3258524
7.4358625
7.359635
7.2599277
7.017387
7.1249876
7.16652
7.1522694
7.0454397
7.608031
7.885564
7.964528
7.621417
7.0855427
7.2883024
7.464922
7.3343625
7.2133408
7.128402
7.401636
7.785862
8.090569
7.924224
7.361861
7.440654
7.491208
7.813945
7.7943535
7.445148
7.2114286
7.244177
6.8083572
6.855835
7.1946907
7.4382677
7.5425406
7.223405
7.4127913
7.4621496
7.472927
7.180517
6.8422737
7.0411716
7.259289
7.622572
7.64947
7.3816037
7.1040583
6.953086
7.380447
7.9192166
7.653619
7.5167966
7.416665
7.2196336
7.238987
7.2589617
7.6817904
7.9419527
7.5923724
7.440982
7.4783306
7.315809
7.0008154
6.926771
7.2064433
7.4320507
7.6524734
7.9016423
7.7643704
7.6961927
7.617826
8.083307
8.344023
8.138822
7.8501964
7.8058233
7.6544523
7.8330646
7.6402807
8.071621
8.226608
7.9581213
7.406358
7.5543165
7.4958277
6.9993887
6.999155
7.054446
7.303707
7.570917
7.8128033
7.205018
7.114796
7.121911
7.987673
7.9941726
7.7249117
7.551118
7.5455627
7.4889
7.6146097
7.7559156
7.737023
7.8444457
7.5244064
7.243347
6.976246
6.901431
6.963787
6.971352
6.6726394
6.847993
6.980255
6.9008856
6.617588
6.795928
7.0383315
7.3051996
7.2560816
7.0991793
7.191326
7.281924
7.1230426
6.867718
7.411484
7.5215282
7.518101
7.6570954
7.2672195
7.2709203
7.332047
7.133915
7.1529512
6.9462376
6.97855
7.0931544
7.006706
6.658644
6.7160068
7.077436
7.9101686
8.029872
8.011122
8.064955
8.0168705
7.7981563
7.8020043
7.65727
7.7509604
7.5435543
7.5736074
7.2906575
7.3170924
7.6877227
7.628972
7.428027
7.5466666
7.477209
7.340262
7.573741
7.616998
7.2018504
7.2206593
7.238959
7.497166
8.051415
8.292206
8.187332
8.107735
7.9266267
7.9914618
7.9320936
7.869773
7.687913
7.812235
7.7809544
7.623057
7.339893
7.400083
7.352128
7.336195
7.2287407
7.148672
7.3343034
7.2439094
7.00862
6.689914
6.7432833
6.9446163
7.658844
7.975994
8.000308
7.986132
8.001015
7.8609495
7.9971533
7.778522
7.871957
8.029512
7.761738
7.0673842
7.2785287
7.5616345
7.371253
7.191808
7.1544833
6.9272633
7.0225887
6.848959
6.7523403
6.5547614
6.765304
7.445616
7.6464233
7.7733326
7.767771
7.8536882
7.8744664
7.8290277
7.9069147
7.8131304
7.5569687
7.599101
7.4405684
6.8376994
6.931355
7.3889637
7.5646486
7.628011
7.4811
7.1860194
7.1776814
7.1959777
6.725128
6.483866
7.087698
7.1305118
7.766933
7.68678
7.652592
7.504998
7.38953
7.4189773
7.523439
7.5280633
7.4938154
7.448953
7.114188
6.625731
6.81149
7.3194075
7.12562
7.241265
7.327487
7.148518
7.0187025
6.975741
6.862407
6.72299
7.17549
7.6087713
7.7049503
7.814888
7.6081524
7.7601
7.6103644
7.6084676
7.497515
7.5533314
7.530615
7.4617105
6.7802296
6.7775545
7.288635
7.12368
7.249697
7.365485
7.285269
7.1648045
7.392326
6.9120717
6.763069
7.303683
7.341132
7.686773
7.868153
7.8432913
7.8465548
7.927235
7.9684696
7.810241
7.606335
7.6937566
7.5970144
7.508989
7.054015
7.247663
7.47976
7.53907
7.5499797
7.398011
7.2185016
7.331923
7.1300125
6.773472
6.7130833
6.8724585
7.1689487
7.1580143
6.961613
6.677784
6.8840437
6.799547
7.0305996
6.968196
6.535244
6.689356
6.7164526
6.4585495
5.7959113
6.2921968
6.619011
6.553429
6.6052155
6.616463
6.3893414
6.155818
5.744604
5.581076
6.162344
6.5761976
6.9407206
7.5231395
7.4051895
7.248313
7.455554
7.707486
7.2023406
7.215791
6.8356323
6.815224
6.7127886
6.213704
5.9989333
6.0454826
6.2559624
6.3046184
5.791927
5.862355
5.8998213
5.947541
6.5101166
6.3863707
6.5211263
6.867595
6.9823656
6.9684486
6.793993
6.8340178
6.732324
6.6570086
6.320058
6.427701
6.3916345
6.361472
6.530628
5.9388227
6.102701
6.691383
6.706169
7.080239
6.9913464
6.9242744
6.8483295
6.742796
6.390394
6.471428
6.687947
6.964658
7.1829085
7.2420278
7.2533636
7.648245
7.6158338
7.599926
7.7235966
7.45432
7.214459
7.1888576
7.1854033
6.5222683
6.587806
6.4035964
6.862026
7.028264
6.92231
6.9002657
7.0888166
6.7091966
6.858792
6.3536134
6.6102786
7.0802016
7.501689
7.3414173
7.1497
7.2671747
7.390758
7.5747976
7.735017
7.612809
7.3250995
7.1831903
7.129925
7.12628
7.104836
6.8606014
6.805777
6.9755344
7.2906537
7.20407
7.215159
7.292309
6.9854116
7.0721264
6.920772
7.090328
6.876775
6.853149
6.9003115
7.1339235
7.0422187
7.150284
7.0420456
6.8011794
6.5191464
6.6161146
6.728318
6.7239766
6.479783
6.504695
6.5553684
6.5508647
6.5639386
6.6961226
7.0822115
6.863145
6.772112
6.8176794
6.934877
7.0555573
7.2811737
7.012985
6.8299546
6.5769944
6.653308
6.3415327
5.87388
6.1903915
6.491796
6.401514
6.624893
6.399481
6.21089
6.5236926
6.5330195
6.6575913
6.702408
6.6784315
6.6930556
6.7905483
6.7461386
6.974939
7.2964673
6.949606
6.395507
6.213247
6.1979666
6.505982
6.4364343
6.2583327
6.0831995
5.8224263
5.819867
5.578449
5.5910153
5.3200474
5.402996
5.77989
5.961196
5.6840158
4.8430643
5.17537
5.4327745
5.9883633
6.258877
5.879898
5.6856294
5.957189
6.1822863
6.1095767
6.466654
5.989698
4.890724
4.5834403
4.9690285
5.932227
6.119022
5.94816
5.848884
5.6422887
5.1898794
5.3206472
5.5696807
6.071003
5.979574
5.8161864
5.4640856
5.822416
5.7726135
5.3239527
5.2991037
5.220579
5.569176
6.073848
6.318822
6.068756
6.303542
6.238099
5.5830917
5.1282854
5.143264
5.346549
5.8353705
5.2828937
5.001768
4.6209507
4.5198197
4.6544027
4.8124175
4.829634
4.6967654
4.398444
4.5605087
4.1809683
4.0424595
4.185609
4.004854
4.1843762
4.1081934
4.3077397
4.1909366
4.258954
4.46185
4.3510466
4.409939
4.482306
4.5153356
4.6160216
4.556367
4.618352
4.744085
4.7419586
4.7402043
4.7515826
4.833869
4.723247
4.698958
4.878228
4.7795978
4.7510786
4.798196
4.878957
5.0328856
4.912932
4.947574
4.92114
5.016534
4.731863
5.084019
4.8538237
4.9113073
4.840307
5.1609316
5.06573
5.012492
5.119354
4.954104
5.067625
5.01992
4.9449997
4.9940424
4.8882756
4.869359
5.0393543
4.9720254
5.081251
4.928685
4.7882986
4.9227095
4.8437414
5.0400686
4.753042
4.8543916
4.7060795
4.9658732
5.0295243
4.8035
4.7251544
4.8979845
4.95475
4.853915
4.743139
4.778025
4.79746
4.701573
4.7065997
4.811981
