10000
8.672948
8.519941
8.483223
8.587599
8.517504
8.541133
8.608244
8.539936
8.564795
8.6234045
8.622406
8.639285
8.599836
8.726588
8.62793
8.673333
8.6198635
8.605414
8.686068
8.728974
8.692012
8.707292
8.673237
8.750421
8.661171
8.789836
8.6815605
8.760564
8.731306
8.727225
8.774055
8.726227
8.632346
8.6268635
8.602633
8.600632
8.57003
8.671302
8.57007
8.614573
8.488723
8.429231
8.440737
8.401133
8.319351
8.162696
7.985493
7.6868644
7.6281805
7.6897516
7.441672
7.5288906
7.5207233
7.604634
7.5039725
7.4182997
7.3440433
7.4728074
7.5441527
7.7069297
7.827216
8.066013
7.930703
8.026393
7.9030924
7.7441683
7.26015
6.8010945
6.819795
6.449007
6.144695
6.000423
5.943225
5.889354
6.0803843
6.0933366
5.982366
5.7203803
5.694419
5.2961454
4.914968
4.7326064
4.815632
4.860773
4.823207
4.7958026
4.8102307
4.7934422
4.7797003
4.718298
4.7512527
4.8859353
4.8226056
4.8720016
4.7961483
4.8880835
4.927356
4.54591
4.614233
4.6480346
4.760389
4.7167506
4.6994834
4.610101
4.817526
4.7366195
4.6984715
4.6056952
4.601702
4.6346793
4.5812287
4.6901307
4.6246214
4.65752
4.5516844
4.58804
4.623092
4.618948
4.547872
4.544568
4.562923
4.5405912
4.477501
4.5746784
4.5461125
4.584947
4.512806
4.4969263
4.605944
4.6647
4.6354427
4.5828443
4.7283487
4.7164383
4.8230267
4.876048
4.857992
4.889016
4.8447614
5.064068
5.0321975
4.958648
4.885316
4.9652348
4.953459
4.9347615
4.8506894
4.9211206
4.890505
4.898225
4.94077
4.8985944
4.891493
4.8931913
4.956255
4.914934
4.87334
4.900592
4.918458
4.894978
4.8191414
4.867683
4.939662
4.8279
4.899879
4.8711147
4.8307657
4.9029317
4.8738675
4.797565
4.9548163
4.9149857
4.8368998
4.9575133
4.8834443
4.9824576
4.920542
4.946595
4.9681544
4.992639
4.8941183
4.934635
4.867509
4.887992
4.9444094
4.8976493
4.94599
4.9457507
5.0083504
5.0119195
5.0319967
5.064278
5.051703
5.0276346
5.0426955
5.039407
5.142537
5.046693
5.157955
5.0007396
5.1074924
5.059495
5.070708
5.08261
5.063531
5.048072
5.0821214
4.958663
5.0423136
5.054849
5.039451
5.046967
5.0740175
5.002116
5.059095
5.041214
5.044025
4.9949317
4.9857
4.987345
5.129163
5.0071206
5.039455
5.053791
5.1524916
5.0682263
5.1071916
5.0468607
5.1054363
4.9971037
4.9951015
5.0406175
5.042233
5.020217
5.046613
5.0164514
5.0315676
4.997866
4.952011
4.997698
4.9992986
4.96571
4.9098897
4.964365
5.0021086
4.891582
4.9946895
4.949393
4.991927
7.255394
7.285377
7.1041183
7.0999165
7.1465845
7.1066647
7.1612644
7.1668725
7.1856756
7.157313
7.1082153
7.1612124
7.20461
7.2885737
7.2355394
7.142806
7.2335224
7.2527075
7.3192015
7.333612
7.2622027
7.2958055
7.3034883
7.350218
7.403714
7.355268
7.3152785
7.3708334
7.3391848
7.293361
7.361292
7.3535295
7.365662
7.392958
7.340449
4.01298
4.555246
4.6234436
4.485361
4.4413624
4.453577
4.179327
4.070695
4.242396
4.2140346
4.204714
4.328944
4.4001436
4.185679
4.3169136
5.128971
5.1203704
5.1466227
5.095707
5.0784826
5.096565
5.1016903
5.080949
5.04846
5.0922704
5.0974445
5.04312
5.098944
5.106457
5.1054926
5.0603695
5.1018133
5.0999584
5.0990305
5.067859
5.0843177
5.0799465
5.079834
5.0594673
5.0800004
5.0824695
5.062139
5.065581
5.0597935
5.0211887
5.074621
5.085311
5.0543437
5.092478
5.098614
5.078789
5.09432
5.085864
5.05215
5.0613327
5.077898
5.091289
5.1046486
4.991491
5.1079483
5.0227013
5.1022015
5.078392
5.078197
5.0821447
5.119899
5.01239
5.137212
5.0493793
5.098769
5.0772667
5.1044374
5.090011
5.184914
5.12106
5.1488457
5.0937114
5.157234
5.1315103
5.177781
5.135776
5.1756806
5.184499
5.1671553
5.0879917
5.124604
5.1435747
5.1352787
5.0726776
5.087757
5.065748
5.131491
5.1123924
5.0882754
5.0484686
5.16933
5.1034703
5.1494074
5.07975
5.128202
5.1284695
5.0875688
5.042458
7.28126
7.2850103
7.169131
7.078278
7.0068426
6.720566
6.8002596
6.6259513
6.522554
6.5756803
6.4926486
6.5132937
6.5549464
6.51989
6.560396
6.6155624
6.560085
6.635113
6.647237
6.7550817
6.806505
6.8866563
6.8748655
6.89134
7.0627217
7.131299
7.089526
7.2085314
7.317124
7.274534
7.534045
7.363533
7.507325
4.399289
4.3446198
4.354068
4.2800903
4.4496775
4.5537424
4.561379
4.553804
4.634096
4.665215
4.5675473
4.610863
4.574626
4.6799197
4.5522203
4.4683833
4.387136
4.379173
4.398493
4.388931
4.4572086
4.4621572
4.426035
4.5605865
4.262932
4.325937
4.373082
4.4281726
4.436723
4.389647
4.2874336
4.3214626
4.277377
4.3332086
4.3878517
4.2975674
4.475795
4.251288
4.4107428
4.5201917
4.514564
4.3130054
4.5254884
4.3396873
4.463658
4.5632553
4.6979413
4.9336066
4.812
4.741846
4.6473126
4.914095
5.01848
5.036172
5.023072
5.055781
5.1895986
5.1559534
5.033828
5.187525
5.0065002
4.8927174
4.734521
4.7825403
4.7669516
4.847915
4.719429
4.6581144
4.5602636
4.6760273
4.640826
4.586569
4.717919
4.717571
4.6973667
4.804018
4.8084135
4.658375
4.5522313
4.540631
4.709239
4.484879
4.5554852
4.4138436
4.5503335
4.7865605
4.91262
4.75345
4.5332265
4.7096148
4.596899
4.4653506
4.4663587
4.391333
4.529918
4.637738
4.287277
4.2319016
4.1115685
4.080986
4.144087
4.1160297
4.116023
4.150964
4.349553
4.349457
4.3748083
4.410889
4.29424
5.6914773
7.060841
7.2232428
7.372481
7.2229166
7.318794
7.289326
7.3820605
7.3796244
7.4060087
7.3235397
7.375832
7.3329253
7.359197
7.284635
7.4509606
7.3129587
7.2247834
7.3813896
7.2300086
7.3886056
7.2374406
7.385059
7.245945
7.316322
7.2694163
7.2050786
7.2140055
7.1617365
7.05651
7.3016114
7.2719665
7.2433705
7.2465687
6.999395
6.976158
6.806428
6.5553417
6.359679
6.469429
6.2877893
6.015253
5.841646
5.9745836
5.9513845
5.948903
5.9812856
5.8057313
5.670293
5.6675086
5.685256
5.2596745
5.1089525
4.9246225
4.869789
4.738594
4.586464
4.726723
4.9529467
4.922931
4.9475513
4.994817
4.8036838
4.627032
4.695242
4.511803
4.4861126
4.551673
4.4537053
4.527899
4.357609
4.183601
4.0075192
4.3599973
4.3507504
4.366838
4.4026546
4.3345556
4.496027
4.5694113
4.7312155
4.9721766
5.1761456
4.9675035
5.1830063
5.665872
5.7376213
6.0249743
5.748204
6.0525417
5.9148855
5.4053783
5.215097
5.0085173
5.1063666
5.064534
4.8899503
4.4236627
4.3214664
4.3229513
4.117509
4.0765696
4.070395
4.172046
4.0730977
4.0809736
4.021645
4.004305
4.0685496
4.062916
4.037326
4.105733
4.2356477
4.06651
4.1358933
4.355173
4.6174994
4.6707544
4.6880484
4.6356215
4.6421847
4.594342
4.7719746
4.6945467
4.5579343
4.6524515
4.8649364
4.774617
4.8762674
4.9960604
4.7384953
4.7603984
4.5201597
4.621708
4.701204
4.667513
4.8615007
4.6380644
4.5807557
4.4412994
4.095973
4.39158
4.5252147
4.539839
4.6954455
5.0137277
5.280442
5.420638
5.449486
5.4345307
5.200668
4.881587
4.651805
4.626178
4.139237
4.100502
4.216673
4.545155
4.5535927
4.5201006
4.4814315
4.3105717
4.2232695
4.1730485
4.2399263
4.209495
4.4422307
4.3079805
4.4533052
4.321209
4.3037453
4.1885204
4.447438
4.327508
4.2823668
4.0576305
5.309799
4.967653
4.98269
4.6940675
4.4370418
4.2341733
4.3606567
4.3670826
4.400733
4.451879
4.340025
4.2622156
4.2624164
4.144375
4.2655106
4.3354325
4.4002295
4.433797
4.456914
4.500748
4.4417925
4.499569
4.5231
4.478934
4.518887
4.5193458
4.4820633
4.461135
4.589711
4.5097775
4.2827897
4.3419924
4.232333
4.2676234
4.2261825
4.0876694
5.4698844
5.377802
5.4902325
5.345243
5.166784
5.285918
5.286114
5.208011
5.161545
5.1648865
5.203492
5.158462
5.2376885
5.0259495
5.029411
4.694358
4.560545
4.4140534
4.350276
4.333336
4.3359227
4.3212204
4.3683405
4.4595838
4.484787
4.443753
4.4093156
4.4835167
4.566031
4.6783876
4.810695
4.8907146
4.9329143
5.046879
4.977607
4.998186
5.005482
5.1546226
5.2074656
5.1707115
5.1268573
5.238986
5.193343
5.1477985
5.338672
5.2798347
5.3612757
5.355094
5.3361287
5.32428
5.4118257
5.4332414
5.4283886
5.466506
5.42844
5.474057
5.5009665
5.5217953
5.537456
5.4835443
5.5872087
5.5413003
5.582235
5.5841284
5.649083
5.4445066
5.649626
5.51927
5.5795684
5.4196787
5.397278
5.5026693
5.4456115
5.4131002
5.413625
5.481688
5.535666
5.681491
5.5264263
5.577928
5.4786186
5.619635
5.4787235
5.432102
5.392371
5.2913947
5.3397985
5.402774
5.3838778
5.4963655
5.3619223
5.4942875
5.3670955
5.3139973
5.2475333
5.4159355
5.356771
5.453059
5.356797
5.4941573
5.453638
5.523695
5.4486113
5.508255
5.5799856
5.452892
5.4447384
5.3097196
5.3390865
5.406212
5.561874
5.4200907
5.512463
5.5479727
5.594957
5.6282244
5.672368
5.6159763
5.4675283
5.6077585
5.6198606
5.6294775
5.594967
5.5515223
5.5630174
5.4754286
5.3994374
5.2771425
5.3773856
5.1907864
5.312483
5.3104844
5.435717
5.434148
5.3768306
5.3847203
5.3763814
5.315119
5.1885886
4.894633
4.8791847
4.954483
4.8665137
4.8679223
4.8702183
5.0973606
4.883445
5.0339756
5.180663
5.438679
5.414636
5.489164
5.477545
5.6134725
5.617799
5.434669
5.464893
5.598891
5.518846
5.4809537
5.2853823
5.3410892
5.1883516
5.2353315
5.120907
4.9183083
4.9267
4.858565
4.6726456
4.6032767
4.559273
4.5654645
4.5320363
4.4390373
4.4369717
4.41249
4.3954616
4.479455
4.300297
4.389687
4.437803
4.3655076
4.326951
4.289707
4.203894
4.1137314
4.189965
4.146745
4.1434026
4.0127144
4.097338
5.1804314
5.197962
5.2538967
5.2228622
5.5607257
5.413247
5.3114834
5.2700787
5.4042325
5.491973
5.5979643
5.304673
5.3779755
5.4933715
5.461669
5.494079
5.599956
5.6931915
5.4799366
5.5313754
5.434347
5.2155294
5.302545
5.1363883
5.2310925
5.1923842
5.32298
5.427068
5.2845683
5.3307633
5.4034033
5.377045
5.3886642
5.4336233
5.425797
5.2946196
5.2650743
5.385413
5.3728514
5.3186736
5.286219
5.3715324
5.2660174
5.1989446
5.181309
5.2659807
5.3923035
5.377224
5.4196906
5.397556
5.5080833
5.489746
5.2867165
5.453836
5.734655
5.7270365
5.5486746
5.4643645
5.4530187
5.5298724
5.6659584
5.2738295
5.323662
5.4099193
5.510065
5.4144177
5.425879
5.2053432
5.208876
5.1771526
5.1763
5.1400833
5.1574397
5.129054
5.3703732
5.371828
5.125041
5.182804
5.35612
5.3062186
5.203332
5.502237
5.291932
5.2909894
5.3665204
5.2267103
5.3297353
5.2289166
5.1729155
5.2222505
5.112495
5.227569
5.1734505
5.1498857
5.0141144
5.0397406
5.1302915
5.080705
5.0496383
4.984663
4.9946065
4.828708
4.8928447
4.712762
4.718228
4.6913
4.1236663
4.3019586
4.506317
4.4806695
4.4067736
4.752599
4.807496
4.902333
4.949301
4.9730406
5.196706
5.219163
5.13085
4.9511714
4.9963226
4.8390994
4.640645
4.416553
4.41929
4.3131685
4.3867736
4.4498844
4.4750924
4.5541735
4.5409536
4.493128
4.621473
4.4793396
4.5539556
4.401402
4.3987007
4.1386147
4.356399
4.5881896
4.6563716
4.6495514
4.449085
4.4139333
4.466976
4.59555
4.238123
4.367643
4.5776353
4.848455
4.8352966
5.065278
5.0253353
4.986474
5.1144943
5.0935626
5.064929
5.137085
4.9712257
4.9456215
4.941743
4.6815276
4.5625734
4.139022
4.548967
4.4763417
4.8636727
4.7929945
4.978263
5.0421934
5.1319613
5.2359657
4.7383595
4.720993
4.6273937
4.6599474
4.586353
4.657192
4.708032
4.497183
4.508272
4.7199993
4.6835265
4.603117
4.734468
4.8878922
4.7776427
4.7515936
4.7641273
4.922124
4.9007053
4.7841525
4.875501
4.74155
4.808832
4.9267983
4.5982323
4.636623
4.7946305
4.472369
4.6581335
4.582345
4.6041727
4.571601
4.372456
4.4541554
4.57808
4.5379066
4.4718895
4.427806
4.427803
4.463748
4.5298023
4.6402164
4.636267
4.6475053
4.858537
4.6124344
4.727859
4.6897497
4.6074634
4.702077
4.8104196
4.579929
4.6146812
4.5382504
4.4231873
4.1615806
4.282005
4.131164
4.148753
4.0479183
4.250242
4.079116
4.1346025
4.193391
4.5182447
4.487446
4.463138
4.695903
4.8568
4.8455443
5.0549097
5.0593834
5.2141876
5.167175
5.219141
5.058663
5.1620502
5.28753
5.198624
5.228889
5.2992487
5.361508
5.2831497
5.176892
5.2289615
5.087621
5.1129084
4.9848433
5.056196
5.177355
5.1700935
5.203971
5.255587
5.3627276
5.4804482
5.426428
5.454832
5.385562
5.5133367
5.4517245
5.608676
5.4208803
5.3487625
5.3448167
5.2447567
5.1555986
5.23018
5.2733893
5.197288
5.2853527
5.2291765
5.162117
5.333979
5.360497
5.2192054
5.171421
5.1557326
5.2558804
5.3818307
5.205227
5.220519
5.1320205
5.082302
5.1899967
5.2533727
5.2785892
5.3362823
5.369515
5.3096466
5.3044605
5.418932
5.4007077
5.3098264
5.4157586
5.3945246
5.4546347
5.366108
5.3275867
5.2204304
5.1966915
5.2521205
5.064459
5.1097
5.026433
5.0696964
5.3918343
5.248253
5.2383904
5.269864
5.2900996
5.3251123
5.3882413
5.293832
5.277354
5.3109493
5.437733
5.5020356
5.41616
5.4998155
5.538943
5.5884852
5.565412
5.501952
5.6083255
5.3993464
5.460887
5.4595385
5.5240216
5.5401816
5.502382
5.424214
5.5278554
5.540564
5.52955
5.546332
5.639771
5.612173
5.579928
5.6243024
5.677976
5.7590995
5.7779536
5.607196
5.7048626
5.7518477
5.8012967
5.94477
5.797571
5.9255686
5.75969
5.853325
6.0177917
6.076497
5.964357
5.961775
5.8485603
5.8412933
5.822805
5.8219004
5.8870096
5.8786755
5.870782
5.7959833
5.830428
5.9157896
5.770367
5.661188
5.7774615
5.8270226
5.7741027
5.6591487
5.7485566
5.7918744
5.951103
5.8374786
5.865429
6.0458994
5.845337
5.871101
5.8411236
6.021167
5.7312174
5.941942
5.78441
5.9377117
6.067275
5.966246
5.9985223
5.8987455
5.806567
5.8033433
5.73829
5.9010024
5.8500857
5.948109
5.8330584
5.7510605
5.946008
5.900027
6.0593896
5.9945145
6.049485
6.0729237
6.1409383
6.089149
6.055222
6.1484547
6.058389
6.105181
6.0257034
6.026207
6.0560303
6.0794735
6.121852
6.084219
6.217163
6.0453863
6.23728
6.1340146
6.1997957
6.076332
5.925273
5.9278584
5.924782
5.963951
5.934739
5.8824763
5.935935
5.9165926
5.95121
5.956014
5.952404
5.7887416
5.8122244
5.620919
5.575997
5.563864
5.4639573
5.5861306
5.4853234
5.451687
5.622503
5.7730227
5.821043
5.854427
5.922014
5.8403077
5.795616
5.8280125
5.8486133
5.948312
6.1918974
6.2314706
6.230165
6.237987
6.1997013
6.1301436
6.0320415
6.0464725
5.926012
5.911221
6.132222
6.29288
6.2084856
6.2155595
6.313821
6.1383934
5.9807734
6.087927
6.0395055
5.976742
6.009941
6.142339
6.013818
5.8423624
5.5488496
5.6325326
5.511457
5.5024447
5.4800572
5.463362
5.469914
5.4675317
5.510152
5.6017838
5.689258
5.8994102
6.0861063
6.293443
6.0987296
6.145118
6.127424
6.272507
6.2768364
6.326529
6.231948
6.3332887
6.414397
6.4473267
6.5390315
6.4486146
6.3707933
6.441169
6.295717
6.366409
6.2669907
6.1777387
6.1463566
6.194365
6.1331906
6.418438
5.693839
5.595599
5.5373883
5.67301
5.664003
5.656783
5.7845984
5.855894
6.0346804
5.8700075
5.8401384
5.8011885
5.724021
6.1354594
5.8736944
5.7137313
5.798505
5.890946
6.1394253
6.3249454
6.0940075
5.889413
6.0412
5.771662
5.514797
5.2837954
5.1798487
5.17018
5.1881547
5.1828814
5.2886972
5.483004
5.530613
5.709311
5.845727
5.4766836
5.1794505
5.1824126
5.318055
5.4988747
5.2614384
5.231249
5.3320117
5.2989564
5.5010962
5.6397667
5.664791
5.6995397
5.8066354
5.852151
5.6045656
5.6405206
5.5362263
5.480801
5.530598
5.654195
5.5781293
5.7269015
5.790221
5.8365474
5.8588457
5.9470572
5.9927645
5.9555345
6.0830092
5.9809723
5.756325
5.6699624
5.443616
5.2944627
5.164132
5.2375264
5.1474032
5.321205
5.232739
5.361539
5.3239546
5.2610683
5.3344345
5.3991604
5.2904854
5.145236
5.1830397
5.0721955
4.9837475
5.1519604
5.1557527
5.097153
5.166516
5.196509
5.178115
5.1533575
5.03618
5.249481
5.216065
5.1987104
5.239689
5.283125
5.18369
5.2718534
5.2080398
5.21903
5.1379023
5.1427374
5.1082807
5.1431828
5.087801
4.9943914
5.1244974
5.107421
5.0729027
5.0736127
5.023656
4.988348
4.962146
5.0334206
4.9901333
5.001174
4.9301343
4.9559264
4.9862833
4.993373
5.005307
5.057786
5.0113955
4.9512644
4.9807363
4.9689345
4.984017
4.9893255
5.011058
5.011776
4.984083
4.969299
4.9087796
4.8317723
4.8778715
4.832527
4.8788013
5.019213
4.979068
4.9950557
4.978127
5.010291
4.7727847
4.7217755
4.8206267
4.851905
4.907705
4.9560313
4.9196887
4.885509
4.884023
4.840413
4.8045397
4.802487
4.770631
4.6998854
4.741823
4.832598
4.6709785
4.7524347
4.7489376
4.591947
4.6208305
4.7029085
4.870676
4.866526
4.8931937
4.9825845
4.9119773
4.9661174
4.9226055
4.887673
4.820014
4.836553
4.962538
4.953928
4.888857
4.8252554
4.903363
5.026736
4.940815
4.931475
5.0640397
4.986352
5.032248
4.922126
4.9164658
4.884437
4.8678064
4.9143553
4.830209
4.9185543
4.8454337
5.024772
4.9451976
4.9416356
4.968634
4.809315
4.9307976
5.0265393
5.1306243
5.0803103
5.0104494
5.0984898
5.0011215
5.038308
5.077345
5.206657
5.0544195
5.1164947
5.1787076
5.1217837
5.152518
5.1141887
5.2115226
5.2432756
5.13792
5.125876
5.096138
5.1104593
5.021669
5.1061535
5.0914736
5.132028
5.1126866
5.1477675
5.0432606
5.062577
5.1353817
5.1890697
5.176938
5.240438
5.0500236
5.1783605
5.0667396
5.055567
5.1565046
5.4936438
5.523652
5.545388
5.4637823
5.561918
5.5228033
5.5520864
5.5475883
5.6014237
5.6245637
5.53608
5.581053
5.6011987
5.543243
5.5014772
5.546418
5.5893908
5.570447
5.6201687
5.5720115
5.517131
5.7443795
5.610082
5.674394
5.721447
5.6686983
5.752241
5.616801
5.747936
5.754926
5.680455
5.794254
5.7925177
5.9570227
5.874213
5.9109073
5.9292994
5.8891225
5.9143367
5.876448
5.851098
5.8915825
5.930064
5.8683243
5.933374
5.889272
5.908411
5.9005566
5.874935
5.9371777
5.949285
6.041129
5.8468637
5.995821
5.842907
5.9399996
5.745884
5.921704
5.746564
5.954504
5.84548
5.8226724
5.6992283
6.0101
5.6332436
5.8379507
5.6648364
5.754411
5.739924
5.9895782
5.751767
6.0961905
5.8231483
6.009292
5.6541777
5.7965918
5.923627
6.198113
6.0078983
5.9106817
6.133514
5.961586
5.878026
6.036255
5.902693
5.784573
5.98488
5.8704553
5.952173
6.163338
6.0955777
6.1879044
6.0291214
6.0051885
6.005732
5.912781
6.0520897
6.0197053
6.0080276
5.9575233
6.032837
6.0664606
6.0585184
6.1494246
6.1463356
6.364147
6.2228513
6.229109
6.0690384
6.0366073
5.9632435
5.8994017
5.9406776
5.9426465
5.9029384
5.8965163
5.9502115
5.7517786
5.8561873
5.664615
5.4825163
5.306738
5.3860583
5.33103
5.2850246
5.24783
5.3592286
5.2366695
5.3001747
5.255923
5.415601
5.538535
5.568175
5.625941
5.3105564
5.6822815
5.780785
5.6454473
6.0166235
6.1541343
6.23168
6.2438116
6.2520475
6.20831
6.1250734
6.156757
6.195531
6.0875072
5.187268
5.2984705
5.1486535
5.024755
5.02258
4.8705754
4.820342
4.7692194
4.7383413
4.667905
4.77043
4.7402525
4.8331475
4.890399
4.9030113
4.8828735
4.9398346
4.7755346
4.8050156
4.8259344
4.738802
4.794559
4.9212356
4.9401145
4.859442
4.9940324
5.062662
4.88729
4.88117
4.8071847
4.8780537
4.7826967
4.782652
4.855921
4.8622966
4.6853385
4.7304864
4.800493
4.760395
4.8819847
4.7769866
4.9118385
4.83247
4.8323393
4.816207
4.784134
4.7277565
4.729774
4.637862
4.7427554
4.5999756
4.7826223
4.850486
5.047293
4.9181724
5.0583253
5.120048
5.2029443
5.1578975
5.071846
5.167973
5.160287
5.220434
5.228741
5.2194185
5.089736
5.1479635
5.250805
5.1029415
5.2000113
5.18634
5.1115866
5.2102995
5.133031
5.146596
5.1062236
5.1455297
5.106402
5.1732197
5.141681
5.1516757
5.130799
5.21308
5.116454
5.167155
5.1406865
5.2034883
5.127829
5.177684
5.1316304
5.1509514
5.1462903
5.1027355
5.108122
5.126918
5.1319532
5.1344156
5.1316013
5.170059
5.1422515
5.1382494
5.2056136
5.202821
5.2122407
5.176067
5.1746464
5.1652765
5.180585
5.1278734
5.1565847
5.111057
5.129094
5.153619
5.2367353
5.141124
5.1445417
5.149908
5.215517
5.086301
5.1229115
5.0551777
5.134275
5.178073
5.2095222
5.138172
5.1563196
5.1350226
5.181093
5.0971794
5.1655436
5.0799894
5.1361427
5.0951033
5.142087
5.096366
5.188248
5.074002
5.131427
5.089766
5.176462
5.118736
5.15452
5.116829
5.178976
5.1154785
5.1442094
5.131838
5.1343164
5.1085734
5.162149
5.0878057
5.102863
5.148774
5.129709
5.1482544
5.101625
5.1481237
5.079227
5.170157
5.1120186
5.149842
5.083419
5.1445804
5.0733824
5.147733
5.1545296
5.165674
5.137921
5.1540236
5.2013893
5.1630306
6.256459
6.2210264
6.0857153
6.1132383
6.1918564
6.2425885
6.3850956
6.3471746
6.243108
6.373171
6.2335305
6.4510784
6.273798
6.4570622
6.458896
6.4494166
6.320388
6.4660473
6.30987
6.424337
6.331601
6.4235477
6.3299756
6.4373264
6.3098493
6.416688
6.2903295
6.358897
6.306165
6.389413
6.1977005
6.3339477
6.381354
6.551747
6.5004196
6.562661
6.469857
6.4573035
6.460066
6.3749037
6.5889683
6.3773327
6.511346
6.4377074
6.526142
6.3850336
6.425276
6.204936
6.3462806
6.340651
6.474812
6.578932
6.6019316
6.5486383
6.5097156
6.5325484
6.4716916
6.332725
6.348378
6.457151
6.4025803
6.357237
6.1250916
6.1923075
6.2343616
6.2165213
6.160659
5.9559097
5.979659
5.79586
5.9034767
5.978225
6.1317186
6.1159477
6.1755953
4.207694
4.2996016
4.4482856
4.366324
4.4871264
4.2453294
4.3895793
4.3685555
4.487754
4.4198294
4.3521795
4.519215
4.6211085
4.7926416
4.765945
4.722602
4.7532635
4.9189053
5.126753
5.143282
5.156534
5.354307
5.431309
5.5316033
5.8872013
6.135024
6.1276608
6.126468
6.098692
6.154114
6.0336695
5.9655857
5.9280443
5.8564878
6.04292
5.837701
5.655157
5.6081862
5.6291385
5.6475887
5.6123767
5.666909
5.6756134
5.6826935
5.571163
5.6654334
5.5905886
5.5606194
5.6331477
5.5666065
5.4627934
5.2797747
5.1900015
5.1034017
5.0504665
5.0519686
4.918722
4.9701385
4.802491
4.778196
5.0036745
4.9638324
5.0972376
4.989278
5.0304947
5.0517974
5.010245
5.050505
4.984095
5.117256
5.0243497
5.109846
5.136286
5.151621
5.0403733
5.100046
5.176071
5.142416
5.273081
5.184558
5.1295037
5.2358537
5.1339693
5.197929
5.2199893
5.288282
5.3172383
5.322957
5.3408127
5.3329616
5.3104367
5.3365045
5.2938223
5.336554
5.3244653
5.2551475
5.338262
5.3558736
5.37598
5.3986964
5.289481
5.3239527
5.4386396
5.3500843
5.3689213
5.3987856
5.3026214
5.3518867
5.1623445
5.227577
5.271314
5.1847177
5.1882143
5.1869864
5.22896
5.2488446
5.263614
5.31578
5.320227
5.4225283
5.4396315
5.469706
5.417202
5.407149
5.385931
5.5170336
5.454018
5.498108
5.4286118
5.4316154
5.5062876
5.547964
5.5378304
5.500852
5.564254
5.5102887
5.590902
5.5740085
5.5952396
5.5846624
5.665904
5.583602
5.711764
5.605796
5.833106
5.66586
5.737702
5.7325606
5.8210745
5.6958866
5.710998
5.6062536
5.7080874
5.6143804
5.6564307
5.711402
5.633955
5.6387873
5.681759
5.6466327
5.691007
5.6652207
5.674476
5.8264236
5.742557
5.8053203
5.7135487
5.6602936
5.580146
5.5800276
5.3859825
5.3443394
5.319079
5.2905145
5.2750664
5.257635
5.2135077
5.1812897
5.3228464
5.3250585
5.187704
5.351038
5.254727
5.174638
5.2613
5.2653785
5.250005
5.267997
5.183056
5.174676
5.2303567
5.1021185
5.133513
5.161457
5.1632743
5.0843124
5.2477646
5.219925
5.2028
5.3155584
5.4530125
5.3186846
5.3688536
5.3648376
5.3415294
5.4342623
5.394799
5.4411545
5.411781
5.4179525
5.3591404
5.4269557
5.3478317
5.4828463
5.457554
5.4730225
5.3957596
5.3958364
5.2973146
5.2600365
5.3319764
5.195375
5.141062
5.1824875
5.133427
5.214433
5.127987
5.150843
5.148219
5.2627745
5.194468
5.0609665
5.1591616
5.120031
5.127301
5.086114
5.177226
5.2974825
5.2285624
5.1493196
5.062666
5.165415
5.1406884
5.1204786
5.120702
5.2740226
5.3521705
5.286728
5.4008446
5.4576097
5.5389357
5.5567446
5.63637
5.7694306
5.8838553
5.9867053
5.9605155
5.9449167
5.9760394
6.0600996
6.064993
6.1016917
6.1693373
6.0758743
6.16653
6.1191173
6.2433553
6.145276
6.309015
6.1816783
6.2503405
6.163102
6.2534533
6.2146497
6.289548
6.3839407
6.255524
6.326628
6.2754483
6.1494207
6.182726
6.24292
6.1745987
6.2358284
6.14153
6.1941137
6.1353564
6.1949506
6.2396717
6.184217
6.22447
6.198194
6.173573
6.202063
6.160704
6.251044
6.217691
6.2004385
6.1559377
6.244216
6.1219435
6.195192
6.191054
6.1818657
6.1908374
6.1333733
6.179368
6.132763
6.1705637
6.121204
6.107927
6.0942764
6.1278195
6.1114254
6.102435
6.1172957
6.081049
6.054891
6.0508647
6.0077934
5.9708257
5.977093
5.8854566
5.958091
5.9581804
5.9792104
6.0619473
6.0753784
6.067216
6.103806
6.1403604
6.143423
5.876979
5.9065576
5.7434444
5.6311946
5.687202
5.523566
5.4707727
5.3322635
5.3251286
5.2221065
5.078552
5.096207
5.069879
4.8876033
4.865656
4.8342943
4.851928
4.981537
4.7520504
4.9305615
4.782622
4.80246
4.8535924
4.8142643
4.9667125
4.8768535
4.965839
4.8977084
4.916754
4.898061
4.91572
4.9274187
4.8649154
4.8946
4.842306
4.9230175
4.85521
4.9587774
4.959023
4.989979
5.062235
4.9383125
4.982998
5.050562
4.9580593
5.0413475
4.9709444
5.018798
4.9339094
4.9942036
4.9687557
4.962764
4.9878087
4.9643097
5.0139384
4.9747496
5.0481343
5.0121193
5.0251026
4.9566073
4.984511
4.98201
5.0236807
4.937425
5.0163403
4.986548
4.9922323
4.9837203
4.9886155
4.9979444
5.0315104
5.0030255
4.9824295
4.9900446
4.9862585
5.0266595
4.9645047
4.998797
4.974967
4.9445634
4.958615
4.995915
4.9467864
5.001264
4.8839355
4.921055
4.913591
5.0281773
4.8843794
4.933777
4.8831425
4.9130344
4.876311
4.9208035
4.8999662
4.944815
4.923356
4.963393
5.0123262
5.224478
5.2372336
5.2173376
5.246251
5.3327346
5.3344245
5.2846823
5.264687
5.148143
5.0760937
5.122888
5.2487454
5.1827455
5.192373
5.149157
5.2563877
5.180253
5.1850414
5.128243
5.2045636
6.450944
6.3894334
6.550177
6.2930746
6.336505
6.208356
6.2129297
6.2155313
6.2106867
6.1359835
6.1148562
6.117838
6.05882
6.084754
6.049053
6.0095057
5.930053
6.0374217
5.945598
5.996204
5.8952765
6.0016594
5.880719
6.003824
5.8916993
6.0143304
5.947618
5.9930086
5.929848
5.9583507
5.961146
5.8923125
5.9572515
5.934971
5.907316
5.943648
5.915446
5.9384694
5.951268
5.9545918
5.9302063
5.967474
5.9069233
6.0351315
5.9176917
5.9962873
5.1006446
5.077896
5.091875
5.0736065
5.061793
5.0973105
5.1149225
5.1418505
5.0978446
5.1741886
4.9933243
5.19418
5.0866833
5.264574
5.044775
5.2826166
5.0974083
5.2566514
5.055236
5.2663655
5.091464
5.2501698
5.1167207
5.332097
5.171352
5.3153014
5.125972
5.3426642
5.151762
5.3279133
5.0548
5.280873
5.176264
5.2707715
5.13707
5.2558327
5.137623
5.2767754
5.1281505
5.332234
5.1360397
5.3299575
5.126737
5.3142076
5.138918
5.263408
5.145443
5.2698483
5.0743165
5.2914877
5.136862
5.3274684
5.1103487
5.3062744
5.1060224
5.289637
5.1001177
5.309264
5.101849
5.334064
5.1510534
5.3584104
5.196505
5.348032
5.1744246
5.3801665
5.1899605
5.3454914
5.223956
5.3473816
5.2055216
5.3563294
5.2758102
5.266751
5.281847
5.3526926
5.312348
5.364168
5.2956057
5.206048
5.251928
5.1820464
5.163423
5.202927
5.1353025
5.21751
5.1394134
5.2142563
5.125797
5.2880993
5.124973
5.2481427
5.1056495
5.3228626
5.140303
5.3165727
5.198925
5.2626214
5.198151
5.305107
5.1945605
5.3212843
5.2335167
5.3341055
5.2333193
5.2620173
5.2083244
5.3069882
5.1853166
5.3176413
5.230892
5.317897
5.2440376
5.2285995
5.2288475
5.304344
5.180238
5.2013593
5.2227893
5.2043643
5.1887875
5.2818127
5.1885414
5.256861
5.1554217
5.2410192
5.1714015
5.2404995
5.193324
5.2249527
5.193645
5.23069
5.119067
5.220584
5.124562
5.103355
5.1111236
5.177132
5.1540647
5.159921
5.1345887
5.159239
5.114782
5.1333933
5.112423
5.157848
5.0812707
5.136699
5.112899
5.1689744
5.07324
5.1601124
5.169442
5.21628
5.18172
5.232061
5.14983
5.1853786
5.1430626
5.247148
5.174316
5.2073426
5.205526
5.2185936
5.1958795
5.1582546
5.231513
5.1863585
5.2203207
5.1669774
5.1840925
5.1445627
5.2041945
5.145835
5.171088
5.1631856
5.161202
5.1063113
5.132968
5.157704
5.0857296
5.166443
5.127141
5.187501
5.06892
5.232152
5.078145
5.1957207
5.071296
5.179628
5.0939636
5.131642
5.1128197
5.122849
5.0919614
5.1338177
5.0879536
5.197348
5.093169
5.1772056
5.171241
5.1966968
5.169812
5.1699424
5.2004075
5.1614833
5.157373
5.177166
5.1032586
5.1854115
5.195649
5.2311497
5.2029133
5.2459335
5.22765
5.2668934
5.2170405
5.9085727
5.9159827
5.907582
5.9140606
5.985644
5.8963785
5.9959154
5.9514427
6.0063233
5.9189897
6.0433793
5.9522824
6.0461884
5.957445
6.0497646
5.934737
6.0379095
5.959228
6.0599356
5.9597497
6.0186925
5.956886
6.0238495
5.8943515
5.9937644
4.8246675
4.591334
4.6032777
4.6042986
4.6113505
4.606479
4.5885496
4.621922
4.7064114
4.6414356
4.6929655
4.6099043
4.6529145
4.600537
4.61421
4.5760803
4.6594367
4.5911055
4.6632595
4.5738626
4.6804357
4.5859346
4.6774435
4.606918
4.6334057
4.6542344
4.5698543
4.6077156
4.540821
4.598139
4.5768757
4.580016
4.5713305
4.5641403
4.551308
4.5442834
4.511376
4.564787
4.507958
4.5609994
4.49525
4.590771
4.47777
4.468518
4.395708
4.48652
4.3635736
4.4079547
4.434479
4.3614984
4.47753
4.377147
4.333567
4.3496246
4.421174
4.3011
4.3028054
4.3997054
4.321377
4.3840747
4.21655
4.2804413
4.1475983
4.1023097
4.1718965
4.057888
4.167045
4.1740727
4.13529
4.1774416
4.2098417
4.323202
4.280303
4.3135815
4.4145308
4.5038824
4.640665
4.648324
4.6899214
4.665215
4.590527
4.6915073
4.7301006
4.6099396
4.736331
4.7513843
4.8975945
4.971817
4.9324675
4.921691
5.049627
5.015237
5.0397263
5.0967226
5.133306
5.227563
5.31289
5.3339486
5.3472342
5.3580275
5.557286
5.539111
5.5860276
5.5440416
5.570788
5.6160016
5.523027
5.783544
5.574875
5.647673
5.609048
5.641792
5.7199955
5.677015
5.6841354
5.7200522
5.717401
5.7119765
5.7869945
5.834508
5.837391
5.8189588
5.8256464
5.7354956
5.829849
5.782001
5.864654
5.8143816
5.8821135
5.8399005
5.8585324
5.903909
5.929995
5.8208976
5.930455
5.8835497
6.025999
5.9416637
6.123608
6.008414
6.1724677
6.0487576
6.22503
6.106182
6.1933126
6.169861
6.2175665
6.166968
6.0830436
6.155544
6.2360106
6.128833
6.048317
6.0719657
6.033922
6.036351
5.9389157
5.973157
5.9048595
5.789903
5.656192
5.7259674
5.698569
5.6375213
5.59718
5.4828315
5.4319043
5.5388556
5.5490303
5.50973
5.5758576
5.63043
5.597037
5.6600103
5.603778
5.594023
5.669456
5.652312
5.6388283
5.6558356
5.751944
5.5928917
5.5868654
5.6463375
5.626672
5.584439
5.5908017
5.661589
5.6015263
5.6263704
5.6101465
5.659342
5.5422993
5.744041
5.5682807
5.59143
5.5322037
5.5364637
5.5394096
5.598154
5.471156
5.545077
5.4935303
5.528937
5.4787803
5.5293074
5.4321156
5.3246937
5.3917203
5.367934
5.3855753
5.3705506
5.372646
5.3255177
5.3855844
5.4376593
5.4047127
5.3492894
5.382486
5.395451
5.4322896
5.4175386
5.388951
5.3942347
5.341028
5.311598
5.3113813
5.2545433
5.233839
5.2728724
5.2531204
5.1817455
5.1432953
5.084476
5.047459
5.0319276
5.092848
4.884903
5.115109
4.882542
5.075102
4.8345585
5.0263004
4.8933887
5.0439568
4.8649487
5.042984
4.8476486
4.9763713
4.7887397
4.972899
4.8061547
4.923275
4.879311
4.915412
4.8533053
4.9516664
4.8540735
4.8769836
4.772
4.90157
4.768486
4.8247886
4.758116
4.8203917
4.7053127
4.850242
4.7485337
4.882489
4.8169107
4.7223315
4.8011627
4.7327585
4.8033533
4.7489676
4.8456163
4.7680135
4.729968
4.7701435
4.7143826
4.7774024
4.7583723
4.7636676
4.7668266
4.67027
4.7799706
4.672587
4.725785
4.7397804
4.7121453
4.7905855
4.7606783
4.864601
4.821325
4.838828
4.846244
4.8458223
4.7935333
4.8303833
4.7794027
4.8701115
4.776025
4.86662
4.7868648
4.8592033
4.8769035
4.821332
4.8310723
4.8938293
4.985963
4.9544077
4.9377995
4.9106417
4.8722672
4.877156
4.794998
4.8787045
4.8273983
4.9421706
4.852566
4.975821
4.810611
4.9776897
4.816559
4.9162135
4.799312
4.8980546
4.765134
4.8475366
4.764069
4.91042
4.7753325
4.85767
4.7444954
4.8544607
4.7111335
4.8397846
4.7135625
4.778552
4.672433
4.8256874
4.6703377
4.8152213
4.670245
4.8218603
4.6846437
4.8378415
4.7085533
4.786748
4.6966457
4.845309
4.6915407
4.805448
4.716262
4.821535
4.746567
4.8349977
4.7628374
4.846408
5.8388906
5.881575
5.818451
5.778301
5.7655888
5.8563404
5.7693124
5.8619246
5.761707
5.862176
5.7610064
5.843116
5.8048778
5.9118576
5.7917953
5.9236555
5.821066
5.9294553
5.904657
5.927615
5.8604302
5.941119
5.934904
5.9679623
5.932154
5.96409
5.926424
5.9685097
5.9234924
6.01028
5.868822
5.9252367
5.9140496
6.0031624
5.9199653
5.981484
5.9113607
5.991849
5.941255
6.006714
5.9485483
6.002282
5.9684706
6.050346
5.94958
6.006312
5.949301
4.2558126
4.275602
4.2877893
4.1750536
4.2105665
4.1711082
4.2499247
4.1973953
4.237538
4.174614
4.2343683
4.300144
4.3005247
4.2992096
4.152191
4.1595187
4.191458
4.1988316
4.1282125
4.150704
4.1734595
4.255181
4.2001657
4.2204504
4.3197927
4.2884007
4.272715
4.223776
4.1539927
4.2031665
4.2384396
4.2372274
4.261688
4.321025
4.292164
4.3236923
4.3506956
4.4038324
4.3070197
4.3309255
4.3391476
4.342262
4.35507
4.3209577
4.372057
4.371136
4.355359
4.343659
4.359674
4.2874727
4.2796764
4.260472
4.309949
4.255229
4.25812
4.26078
4.208933
4.199812
4.3365045
4.331625
4.3227086
4.3633833
4.3429227
4.305259
4.4194765
4.373934
4.271791
4.2581153
4.3669515
4.37188
4.39091
4.4001713
4.371863
4.516667
4.3840218
4.445032
4.4703693
4.478142
6.414921
6.307168
6.1675444
6.230369
6.2069497
6.261947
6.1537127
6.224342
6.359578
6.3219495
6.2501435
6.3265653
6.257903
6.3015013
6.2198825
6.31467
6.2736773
6.3715935
6.3639927
6.40122
6.3937097
6.4402137
6.412829
6.42664
6.33572
6.356032
6.332528
6.3415422
6.2271366
6.346474
6.1913643
6.254838
6.393114
6.6547956
6.7501793
6.681444
6.528596
6.387801
6.298611
6.270204
6.2565546
6.1419663
6.084516
5.9832406
6.02988
5.9434175
6.0000725
6.027654
6.0221586
5.96309
5.974907
5.896975
5.8992643
5.924219
5.846754
5.900208
5.81419
5.866626
5.8154116
5.8942223
5.916234
5.994636
6.080197
6.10277
6.154091
6.1539927
6.3081684
6.167689
6.1812654
6.1567426
6.221187
6.2392063
4.7181373
4.818344
4.954214
5.0692253
5.1147943
5.1799383
5.1371374
5.174773
5.224586
5.2884855
5.220182
5.2705536
5.243695
5.229661
5.2507267
5.3175116
5.2347083
5.2561107
5.3496423
5.3056736
5.3360953
5.38445
5.340074
5.3382635
5.3879614
5.361973
5.353954
5.3703527
5.3309126
5.4129114
5.3458657
5.4094663
5.367846
5.4307437
5.398985
5.409054
5.5080976
5.4841027
5.4103518
5.503466
5.416163
5.550494
5.44846
5.5166216
5.482438
5.5710435
5.495493
5.5760655
5.4951167
5.5564814
5.425962
5.5720577
5.499284
5.4955
5.6212287
5.5432863
5.6350307
5.6069446
5.6904674
5.6444197
5.750071
5.6674175
5.7517366
5.6828938
5.7692795
5.7612076
5.790323
5.816603
5.8151946
5.7588897
5.7252054
5.7195826
5.735924
5.6827364
5.6580443
5.7124596
5.6951585
5.703021
5.666804
5.694893
5.7620687
5.685127
5.710859
5.758147
5.741849
5.7010164
5.706642
5.7176847
5.658778
5.6560154
5.604094
5.661041
5.6317706
5.6426873
5.5760417
5.612701
5.559495
5.5996647
5.5693417
5.5781813
5.6632047
5.6562552
5.70844
5.704482
5.7431617
5.7719836
5.7558455
5.8011384
5.7698617
5.7877655
5.721785
5.7705398
5.767281
5.7470264
5.7608294
5.815469
5.766651
5.8272667
5.7645235
5.8328757
5.7748795
5.8265734
5.741197
5.828188
5.6751666
5.760123
5.6655374
5.821037
5.7096334
5.7279873
5.7145734
5.7193627
5.6910586
5.7666097
5.605235
5.757003
5.57664
5.7265954
5.569829
5.7578397
5.6113386
5.7274885
5.6201706
5.7122254
5.622558
5.643704
5.635355
5.722665
5.6792645
5.748944
5.666347
5.6606894
5.666623
5.7302637
5.650023
5.6561184
5.6492906
5.6813493
5.5114875
5.635845
5.5453153
5.587954
5.5597334
5.599404
5.6424336
5.6392455
5.6302023
5.5752983
5.704693
5.5854797
5.629139
5.5287275
5.6437807
5.522089
5.542532
5.6609507
5.62221
5.554051
5.620775
5.6262364
5.580761
5.5246143
5.606037
5.559123
5.5918064
5.583406
5.5707126
5.536375
5.5502996
5.5723777
5.5014396
5.480972
5.504235
5.5324683
5.563346
5.489605
5.496207
5.5047965
5.550129
5.5284963
5.476532
5.452739
5.4679174
5.466231
5.365529
5.431192
5.4177594
5.482277
5.491531
5.4183455
5.339302
5.3872685
5.350243
5.314768
5.308916
5.411973
5.3464203
5.356763
5.407381
5.3424134
5.32949
5.3563094
5.34584
5.3087363
5.312739
5.384448
5.338143
5.309624
5.3305817
5.36702
5.3312974
5.3147316
5.310305
5.3000984
5.354072
5.318558
5.262851
5.2858043
5.386421
5.3212366
5.30852
5.409411
5.3946853
5.3733897
5.3733225
5.359494
5.4178963
5.4031487
5.342704
5.3797374
5.4580207
5.41332
5.407189
5.355441
5.458965
5.3650265
5.360897
5.416863
5.3587937
5.351171
5.353507
5.327277
5.366302
5.3839865
5.423562
5.411344
5.450489
5.4221063
5.49895
5.516405
5.535245
5.50858
5.5782127
5.5121307
5.5970488
5.6176705
5.637884
5.587252
5.6176925
5.5988865
5.578336
5.662747
5.641387
5.7388268
5.6687717
5.699211
5.623518
5.707268
5.683418
5.6949935
5.5925465
5.6469107
5.644002
5.591829
5.625081
5.6594567
5.6068387
5.6661234
5.6245646
5.780601
5.6077733
5.779195
5.743893
5.76389
5.689335
5.753654
5.711981
5.7400327
5.7065063
5.6104774
5.7088504
5.6472154
5.5734205
5.6526484
5.5926013
5.671574
5.5349245
5.647539
5.5668087
5.6559286
5.5264387
5.6312532
5.565964
5.6532087
5.4724026
5.5468397
5.402341
5.5104427
5.3236437
5.3609405
5.5447
5.37531
5.3590302
5.3441
5.3419256
5.3750057
5.3489337
5.429019
5.3935776
5.370341
5.5222077
5.4140754
5.493764
5.497489
5.5373683
5.610982
5.512677
5.62689
5.6257143
5.5740952
5.666636
5.6355667
5.698819
5.733357
5.7645707
5.7736235
5.7670965
5.786295
5.826943
5.7324643
5.7075796
5.7315073
5.779261
5.8468876
5.7884555
5.8914566
5.8114896
5.870562
5.841589
5.887677
5.776957
5.758934
5.842224
5.8790154
5.9086943
5.8959136
5.897945
5.9704547
5.9255323
5.8818855
5.9431996
5.8875914
6.0093174
5.8993998
5.912615
5.851287
5.8638883
5.9413614
5.9750023
5.9854207
5.7849503
5.797033
5.785303
5.848791
5.8511243
5.868742
5.852153
5.920307
5.8183107
5.853263
5.8422613
5.9206977
5.844815
5.89161
5.9102755
5.8438854
5.8369403
5.7817583
5.846415
5.8180513
5.8511977
5.8380766
5.8207626
5.7320533
5.7478805
5.8498793
5.8784204
5.8225207
5.822014
5.8149424
5.860856
5.825165
5.870967
5.803927
5.8636885
5.8811727
5.9266725
5.848982
5.967448
5.867241
5.987435
5.9680085
5.969132
5.8320584
5.8810344
5.80661
5.8351097
5.8872976
5.821011
5.85675
5.7076464
5.7278743
5.690929
5.8381934
5.8454924
5.8060365
5.8954325
5.8210726
5.873185
5.8800993
5.834802
6.0368366
5.872913
5.8044543
5.78993
5.7599425
5.760596
5.697613
5.671324
5.719744
5.6522646
5.6468234
5.5056467
5.613701
5.4638686
5.4580793
5.4748535
5.4757547
5.442585
5.555533
5.47386
5.434659
5.3796835
5.4388337
5.379436
5.401278
5.3926845
5.3647814
6.079401
6.2310143
6.139192
6.192151
6.178781
6.3549814
6.407325
6.4639
6.4811416
6.483093
6.564401
6.603554
6.547778
6.589544
6.709499
6.7009063
6.7307305
6.8790236
6.7862782
6.8412952
6.790758
6.629321
6.511489
6.541788
6.4110007
6.3868794
6.274253
6.2972574
6.16633
6.339537
6.2081094
6.328204
6.345714
6.34874
6.3573155
6.4059043
