10000
7.75108
7.73318
7.4744253
7.2913327
7.189029
6.898941
6.579673
6.540404
6.674879
6.9067216
6.985797
7.1258307
7.1689034
7.172596
7.251164
7.314251
7.1581984
7.0384502
7.1955576
7.1990213
7.644446
7.7098117
7.59581
6.9269104
6.234669
7.2089906
7.5740743
7.577051
7.414282
5.995173
4.1520224
4.1454315
4.700843
4.7014494
5.081332
5.3292456
5.336009
5.283964
5.243577
5.1320252
5.063401
5.121654
5.4639683
5.106758
3.5965767
3.6895728
3.8483727
4.220345
4.5819325
5.2326603
5.665242
6.1080256
6.2483916
5.7781534
5.147034
4.876662
4.8569417
4.872695
4.8934226
4.9947615
4.971933
5.069899
5.3737154
5.47558
5.799151
6.2610397
6.328187
6.120064
6.056922
6.249681
6.4188485
6.428683
6.526103
6.8028536
6.878308
6.9297886
7.203401
7.4040804
7.302121
6.8566093
6.1846533
5.079769
4.9509645
5.3582883
4.8006043
4.4106426
4.060987
4.1792674
4.2832723
3.7745824
3.9289532
4.3958774
4.6039915
4.125455
4.0644016
4.354066
4.510723
5.0241404
5.2127643
5.2769084
4.906999
4.2161155
5.34119
5.7356234
6.509245
7.3325253
8.059002
8.309517
8.14391
8.204447
7.4798856
7.48448
7.8703365
7.576397
7.0972753
7.0758305
7.2696447
7.7736115
7.8191214
7.507633
7.336191
7.2336493
7.6501827
7.914889
7.8417416
7.760161
7.6665945
7.4922814
7.5486765
7.4024715
6.982426
6.066327
4.434315
4.010863
4.1656194
4.007796
4.3136663
4.5591097
3.9262187
4.5220027
3.1305933
4.228061
4.128507
4.676777
4.784117
4.0475435
3.9275317
4.0748734
3.9953175
3.8734984
3.9034848
3.8730834
4.0398226
3.136091
3.1805317
4.1435814
3.6630557
3.403164
3.0353584
3.0717409
3.503985
3.3762264
3.3992605
3.90763
3.4552727
3.118733
4.024139
3.984429
3.6356812
3.7661521
3.8137896
3.7633288
3.6049986
3.466297
3.5967402
3.567884
3.2716603
3.3462763
2.9033005
3.8680086
3.8592815
5.0490527
4.082617
5.661342
4.524351
6.8524933
6.335018
5.5726686
5.64962
5.94623
6.075738
6.160635
6.222073
6.2806396
6.08753
6.0985036
6.1277323
6.022835
5.6346498
5.4690638
3.700267
2.830576
3.537735
3.461708
4.139995
4.07
3.68134
3.973953
3.8921425
4.8866715
4.2509527
2.3708842
3.610838
3.7273967
3.576335
4.412042
4.4783835
4.01579
3.783586
4.0020843
4.570819
3.78116
3.8052535
4.595626
4.2541595
4.2588425
2.7610025
4.0175395
3.864556
3.5592895
4.3956795
3.4642365
2.4301815
3.2410529
3.5143986
2.8778443
2.7732568
2.9580913
2.9174995
3.925155
3.184635
2.933176
4.0129895
3.2424505
4.0990276
2.7892115
3.2391665
3.702858
3.6959777
3.8416762
4.1099486
4.0974174
4.2676144
4.7704506
4.565909
5.005886
4.9319944
4.786557
4.6385374
4.6135473
4.691414
4.376985
4.2244306
3.6416292
5.1483426
4.945064
4.5387774
3.9892018
4.1759925
4.3115654
4.5866537
4.6320686
4.9481573
4.8609133
4.814003
4.8611717
4.8581715
4.4963746
4.1272354
4.1356997
4.2197537
4.1627874
4.6539893
4.5191355
4.1801305
4.0892286
4.0627337
4.060035
4.1480784
4.2190905
4.195503
4.3963966
4.2238126
4.3259187
4.530418
4.5379252
4.584065
4.7090178
4.638961
4.5644245
4.522305
4.6390324
4.4784346
4.7115135
4.7087646
4.72088
4.4873214
4.3349967
5.7065797
5.0228577
5.4597874
5.585224
5.5311384
5.9272113
6.3227
6.7797837
6.618203
6.693884
6.7973266
6.8093047
6.9319215
6.9001317
7.1089997
7.1666636
7.2301507
7.43229
7.458368
7.6455884
7.6609926
7.518804
7.533659
7.2548633
7.1834545
7.182173
6.9258585
6.6014404
6.666499
6.878594
6.9755344
7.16659
7.046025
7.408074
7.8389964
8.2055645
8.207325
8.153461
8.203431
8.4334545
8.146392
8.044636
7.7598276
7.7949495
7.6453285
7.4872255
7.5672665
7.5892153
7.563483
7.3676987
6.95556
6.0810456
5.677543
5.030614
4.9649405
5.3732495
5.4617786
5.742433
6.288648
6.318723
6.221692
6.0738
5.8820148
5.7090387
6.091138
6.099777
6.237393
6.003972
5.6667686
5.033745
5.241128
5.1473985
5.0909553
5.2307363
5.325524
4.9752345
4.3904076
5.077281
4.858694
4.6873226
4.7209916
5.0681295
5.5545735
5.8690677
6.133523
5.353088
4.370496
4.1677237
5.4409533
5.3252068
5.420837
5.313636
5.335333
5.238301
5.1625156
5.1135225
5.3312697
5.463098
5.3342466
5.2352724
5.303223
5.4135275
5.400978
5.454385
5.480281
5.3694134
5.5259075
5.5588346
5.612133
5.709268
5.672764
5.6404724
5.6892595
5.686937
5.712906
5.7872963
5.856104
5.8243175
5.993676
6.0678787
6.132117
6.1042123
6.145681
6.1678534
6.1306944
5.953165
6.093264
5.900917
5.949624
5.9918857
5.955799
5.7538276
5.4242635
4.3920345
4.6543746
5.439989
5.0678678
4.9126453
5.3041725
5.3211884
5.279443
5.089485
4.864415
4.2421346
4.384476
4.2619348
4.0854955
4.3367114
4.302994
4.2911797
4.342943
4.5542774
4.4816403
4.440014
4.177795
4.5488977
4.7182016
4.742059
4.7484508
4.83185
5.237572
5.38126
5.2117233
4.661068
4.5053487
4.800717
4.5805855
4.2872033
5.6867685
5.5562286
4.9449315
4.5618887
4.8545837
6.1204395
5.911791
6.101485
6.134783
5.859777
5.0736923
5.2425866
4.451868
6.5023746
5.7235417
5.474718
5.2808185
5.204858
4.710283
2.8395526
4.3049355
4.2682695
4.238128
3.2700837
3.5701716
3.3777118
3.221889
3.5351434
3.1310062
5.1867
5.2328706
5.103126
4.9707217
4.9125404
5.0718536
5.168076
5.1034822
4.88164
4.715693
4.512955
4.4006767
4.4485774
4.3187084
4.2947745
4.0397553
3.8377836
3.8028252
3.8932326
4.082989
4.098781
3.8239007
4.3278136
4.285904
4.608877
4.829424
4.9638658
4.7731323
4.7826743
5.142909
5.51609
5.008809
3.9977765
3.7391765
4.5130544
4.330611
4.3716216
4.325833
3.7783415
4.1066527
4.8805494
4.0777464
4.07948
4.1714716
4.792733
4.2585597
4.4740744
4.7095356
4.213941
3.702209
3.8100655
4.015747
3.6069312
3.798893
3.876721
3.6050782
3.480309
3.424273
3.6129713
3.8412294
3.9061596
3.938101
4.0071144
4.0555954
3.7647781
4.3617263
4.017218
3.813642
3.9458065
4.4857655
4.8067
5.0803127
5.2590866
5.3097706
5.483588
5.3889227
5.1673846
4.7750196
4.715435
4.728487
4.668686
4.616746
4.516823
4.3792887
4.683716
4.6749415
4.774483
4.7521
4.9623785
4.9456725
4.91031
4.8876514
4.997872
4.84448
4.914777
4.7975087
4.7643633
4.728939
4.8197594
4.8884525
4.962769
4.723969
5.0201893
4.899216
5.0464945
5.126881
5.0047517
5.0532355
5.1507726
5.1303954
5.1432805
5.206489
5.3091865
5.440267
5.579561
5.6418123
5.5460677
5.624405
5.5605063
5.5147324
5.3414583
5.3873367
5.0558877
4.895976
4.9353247
4.990909
5.001926
4.9840198
5.2623844
5.1449804
5.3875217
5.38992
5.3285246
5.2688413
5.4910994
5.359163
5.3556395
5.461968
5.460395
5.381718
5.29787
5.2063594
5.3700256
5.198305
5.096374
5.298561
5.245022
5.32706
5.3263288
5.568418
5.5937657
5.399746
5.3875284
5.182674
5.3366117
5.1705236
5.109353
5.0050297
4.992211
4.911452
4.847765
4.874815
4.8339376
4.6965766
4.904022
4.77559
4.730509
4.5988255
4.491334
4.6109486
4.3602653
4.456895
4.480583
4.3188763
4.1214943
4.196452
6.013672
5.964274
6.002785
6.1121225
6.143751
6.38082
6.4204526
6.384479
6.3895116
6.477968
6.3824387
6.3294873
6.2709694
6.24701
6.3095913
6.122093
6.106662
5.883101
5.650606
5.6537876
5.844245
5.9194603
6.1031275
5.936062
6.0808744
6.02242
6.0926065
6.0792384
6.3252516
6.4203553
6.4005103
6.270437
6.091407
5.984345
6.067617
6.0018973
6.1691804
6.2043257
6.34686
6.4411955
6.3673434
6.451013
6.2999797
6.082081
6.063949
6.0587196
6.386267
6.3166065
6.253601
6.209786
6.3039165
6.169506
6.1435385
6.079306
6.0206294
6.056853
6.1111784
6.314788
6.150095
5.978913
5.8306565
6.059485
6.1219373
6.3192844
6.545027
6.433276
6.1390495
5.873758
5.9155235
6.1280336
6.0474224
4.9615803
4.8370023
4.8133755
4.6383896
4.652814
4.6147904
4.233749
4.662427
4.505381
4.4044
4.3675585
4.363175
4.3840623
4.2851205
4.1021914
4.0083404
4.091576
4.6335464
4.3570037
4.189663
4.108141
4.018554
3.7155426
3.7634563
3.9309967
3.8830292
3.8330631
3.8165224
3.9657664
4.0210156
4.1336193
4.1202474
4.4213014
4.5562663
4.426707
4.0023603
3.72825
3.4835885
3.5033834
3.462665
3.4889064
3.4982657
3.9064455
3.388642
3.5644102
4.176635
3.1418602
3.3780713
3.1982017
3.7416072
4.7489057
3.5775988
3.4302444
3.7338111
4.2028704
3.99558
4.689557
5.272449
5.7400165
5.9397354
5.8154845
5.3702884
6.271737
6.366248
6.52854
6.1587057
6.254163
6.0993667
5.999161
6.034333
5.8764687
5.743351
5.6929603
5.8935475
5.9295435
5.6564174
5.4977584
5.37729
5.4533963
5.704206
5.909464
5.9247613
5.945784
5.9983788
5.848464
5.8608136
6.031898
6.1802864
5.99637
6.45
6.1011505
6.1792073
5.51113
4.785483
4.601079
5.37348
5.1024814
4.4905252
4.7781105
4.788634
4.2606893
4.0052404
5.8037953
6.0791936
6.3150363
6.0636
6.3787603
6.595166
6.566492
6.218051
6.661007
6.966629
6.531749
5.710382
5.311928
4.094315
3.8020396
3.7745552
3.7889905
3.3001037
3.7434866
4.1047354
3.9424305
4.524269
4.1414046
4.3741546
4.8847337
4.4851494
4.2844243
4.0968223
3.3507977
3.8979282
4.541455
5.2323785
3.915115
3.79469
4.2573276
4.2898865
4.4254923
4.543413
4.2252254
4.297559
4.505645
4.6823616
4.8525352
4.6750526
4.412056
4.626907
4.7758584
4.8950095
5.37007
4.9385376
4.4548273
3.9940789
3.925306
4.2972064
4.5659127
4.80639
5.0317287
5.194716
5.635723
5.792259
5.9420214
6.1232586
6.6467333
7.117699
7.1367908
6.9662757
6.7524004
6.4694834
6.5242767
6.712637
6.97657
6.969484
6.9589987
6.773292
6.712544
6.5606966
5.8821316
5.1684833
5.1022778
4.9261765
4.486731
4.8130445
4.7897444
4.971704
4.9233627
4.3267665
3.7022653
3.3057952
3.6010277
3.7452297
3.7316563
4.1682773
4.6612067
4.7837577
4.8224983
4.4900913
4.962082
5.22536
5.678034
4.971668
6.1795263
5.8964767
6.126159
6.2365932
6.1548233
6.080244
6.187825
6.264814
6.167738
6.224615
6.1592717
6.043857
5.9816055
5.8418946
5.6707
5.4389377
5.768513
6.290038
6.544328
6.5834217
6.2496147
6.094619
5.767639
5.498779
5.6293135
5.8124347
6.000285
6.5611415
6.599586
6.6435404
6.907474
6.742475
6.7019014
6.935119
6.5260944
5.419058
5.8839116
5.80185
5.870412
5.917032
5.514748
5.483675
5.525047
5.573451
5.2938666
6.2312813
6.578376
6.618958
6.8404846
6.6187344
6.532846
6.4277277
6.254545
6.1346498
5.972256
5.7797813
5.669163
5.668973
5.7916217
5.9791617
5.98308
6.058197
6.449931
6.5468025
6.484504
6.553109
6.7529025
6.831818
7.2260666
7.2284184
7.2159176
7.114362
7.1977177
7.1300263
7.2126384
7.3073864
7.2427993
7.3241453
7.162016
7.2383604
6.978017
7.062811
6.9773417
7.0532694
7.2084904
7.1336527
7.327511
7.4345975
7.2977114
7.1058645
7.0711317
7.4626274
7.0815406
6.8410864
4.4859314
6.9446926
6.805672
6.837699
6.7819085
6.775501
6.656588
6.489876
6.3464565
6.111039
6.1027684
6.0509953
5.960014
5.9271474
5.8821316
6.027716
6.2543874
6.2529826
6.160576
6.059876
6.234698
6.6013374
6.6189814
6.687777
6.7396464
6.7143803
6.5702844
6.724238
6.5979204
6.490838
6.532345
6.5398026
6.3976603
6.4258986
6.4855227
6.3635244
6.480905
6.5062695
6.800609
6.635401
6.770463
6.6833587
6.913562
6.965477
6.983941
7.16605
7.4460974
7.5831633
7.7175064
7.6917543
7.7247996
7.686099
7.4738326
7.5449104
7.3630843
7.2480774
7.4921503
7.550413
7.6660995
7.4911213
7.528561
7.280593
7.27446
7.2514715
7.3565345
7.130105
6.982571
6.9168997
6.9981117
6.896167
6.8613486
6.987626
7.3095846
7.3896093
7.1718283
7.0605345
6.643975
6.475308
6.554662
6.700126
6.303891
6.2832646
6.402921
6.5281587
6.1131554
6.106
6.663337
6.635791
6.345818
6.3814273
5.9728303
5.675107
5.2355847
5.1454916
4.9824395
4.798076
4.771011
4.7839923
4.756353
4.7032046
4.142238
5.3250914
5.0191255
4.6912174
4.1321793
5.0382323
4.7763147
4.990801
4.900611
5.3958583
5.41534
5.536603
5.717079
5.677863
5.7893157
5.6001725
5.7374873
5.6022596
5.6119137
5.3837714
5.866061
6.0557547
6.227631
6.3449597
6.1937833
6.2485585
6.360671
6.468402
6.680622
6.6331263
6.621421
6.6787314
6.6245947
6.6394095
6.4548497
6.2660108
6.127625
5.989407
5.950827
5.836965
5.6999645
5.6997557
5.58208
5.6404567
5.56346
5.7159266
5.594233
5.589875
5.6398993
5.6405425
5.742713
5.7550793
5.6752853
5.5473485
5.6457934
5.694949
5.871319
5.814841
6.020808
5.9597554
5.942588
5.9011636
6.021055
6.255233
6.0104303
5.955477
6.005952
5.727588
5.830947
5.9448333
6.1732726
6.24447
6.279708
6.2727714
6.591731
6.6958075
6.804069
6.909758
6.9916224
6.785611
6.551518
6.217518
6.1652765
6.146182
6.1831675
6.2922554
6.4932733
6.4792156
6.823016
6.667762
6.9705877
7.0561714
7.1247935
7.10989
7.3125916
7.3970394
7.5912943
7.4365625
7.6203203
7.6363544
7.6381774
7.5612793
8.01022
7.9342303
7.9962454
7.7537336
7.6620827
7.612586
7.5970364
7.4019265
7.56492
7.253716
6.787933
6.6319666
6.8282695
6.7686615
6.584514
6.5763464
6.4807277
6.306888
6.378097
6.510377
6.525525
6.5803328
6.6473923
6.442693
6.0398607
6.1159434
5.787814
4.5860863
4.679365
4.6324024
4.539247
3.478076
4.339443
3.8829868
1.7282057
2.1132178
2.6205654
4.3518615
6.9696746
7.180492
4.582208
4.610466
4.7225637
5.026941
4.765075
5.0444894
5.220521
5.1689014
5.1905565
5.2856297
5.25543
5.3757544
5.230988
5.4061546
5.2923317
5.188813
5.0130477
4.8674498
4.90211
4.7748256
4.790717
4.8212633
4.732694
4.557041
4.2776003
4.204455
4.0100965
4.5408664
4.58184
4.509271
4.6485014
4.4601707
4.552884
4.556323
4.6007333
4.527335
4.386896
4.4380918
4.6609616
4.981428
4.2596664
6.530687
6.2440977
5.9754386
5.670884
5.6417093
4.0926137
3.6832862
3.7229834
3.958867
3.7812252
4.2909813
5.8724113
5.9431534
4.151991
4.0718164
4.222699
4.275549
4.0457835
4.3554344
7.129753
6.3656764
7.803337
7.800583
7.7097297
7.5900803
7.307814
7.0966473
7.154895
7.186572
7.202216
7.269413
7.2229285
7.204078
7.246303
6.209304
4.988207
4.755391
4.3568363
4.356214
4.8107667
5.0302134
4.8599906
4.781716
4.688171
4.1742735
4.0134196
4.470634
4.5379925
4.4894633
4.404262
4.2864075
4.1441693
4.638337
5.037637
4.9327736
5.5077276
4.965537
4.1079617
3.552875
3.5971918
3.6642578
3.981296
4.3867016
3.7512336
3.925328
3.9214494
3.5346987
3.2352037
3.5628679
3.7980175
3.7018025
3.748687
4.4706
5.2925215
4.16288
4.199236
4.728342
5.2782803
4.649954
4.0872893
3.742087
3.0684936
2.68728
3.0953252
3.4686148
3.1693056
3.5592763
3.640384
3.9903708
2.9940157
1.0535163
5.998482
4.3009334
5.4258504
6.089406
4.231932
6.9783726
6.801236
6.7672076
6.7374907
6.7317758
6.481887
6.6277814
6.6066527
6.6809783
7.072971
7.295927
7.1253576
6.779783
6.347918
4.7663665
4.3289657
3.6866655
3.0137465
2.7839339
2.7136726
2.636467
2.6487706
2.6702056
3.0282807
3.1228228
3.3773963
3.7780046
4.4606414
5.1233344
6.1636314
6.8787622
7.0878096
7.082218
6.995602
6.831565
6.8103786
6.7931156
6.704628
6.5624943
6.463988
6.4233656
6.428853
6.2986336
6.2148066
6.5194254
6.4723816
6.397913
6.496314
6.600082
6.494411
6.620064
6.6563473
6.700379
6.7426143
6.7299433
6.770284
6.81613
6.9797974
7.242859
7.333537
7.4439745
7.418683
7.528593
7.5687294
7.6262083
7.5925875
7.579876
7.532919
7.524131
7.5741606
7.5244613
7.4816704
7.567676
7.593299
7.50931
7.5152135
7.36321
7.299911
7.167556
7.093263
6.9695992
6.9312105
6.9032784
6.8382483
6.785536
6.731893
6.673722
6.6236196
6.625348
6.4800596
6.4884286
6.411606
6.444068
6.4368267
6.5501146
6.585374
6.6204605
6.582769
6.557413
6.6248984
6.5529046
6.5752234
6.6874847
6.67614
6.773599
6.8726425
7.1181316
7.2241344
7.2488465
7.3513737
7.3914347
7.550894
7.4355726
7.0374613
7.0101776
7.0516167
7.133986
7.1333294
7.1234574
6.9264917
6.660985
6.7915435
6.5855
6.424197
6.468481
6.340203
6.4408875
6.287514
6.365078
6.3202367
6.2293973
6.1978106
6.228351
6.2371006
6.4410005
6.4152594
6.603123
6.6480346
6.838663
6.9330106
6.9459763
6.9598856
7.112516
7.1948366
7.21587
7.205528
7.2820363
7.28934
7.311938
7.2941885
7.199925
7.1550903
7.178214
7.2412806
7.2724333
7.1340704
7.085801
6.978384
6.7757044
6.8243165
6.434438
6.436469
6.1257453
5.8419046
5.5743318
5.7022905
5.6170745
5.7214127
5.956046
6.2125993
6.178677
6.0788093
6.0498886
5.921083
5.8024063
5.722981
5.7078986
5.8222723
5.8222904
5.828609
5.908229
5.8591027
5.8627434
5.893086
5.9184456
5.8412457
5.873593
5.992914
6.0067105
6.165943
6.276164
6.3456373
6.443968
6.5219135
6.6102204
6.802415
7.0187902
7.1195087
7.148485
7.446017
7.599432
7.4824834
7.505639
6.710693
6.2056656
6.142199
6.6733375
7.128016
7.351689
7.1262393
7.7565007
7.748395
7.87164
7.728484
7.5840187
7.240342
6.7143087
6.275606
5.9508543
5.5833178
5.267193
5.251629
5.0530567
4.9144974
5.2281046
5.5488505
6.237694
6.6333575
6.977142
6.986851
7.045565
7.253552
7.312395
7.226016
7.289057
7.063941
7.0397406
7.2023935
6.8615994
6.923278
6.9937286
6.910446
6.776469
6.7645707
6.7366786
6.884223
7.1046085
7.1892796
7.2598677
7.2429333
7.061403
7.1771917
7.180708
7.2615576
7.0149207
7.21651
7.1528325
6.7705164
6.812542
6.880476
6.527659
6.4657984
6.3562098
6.497237
6.4887924
6.6476316
7.0129023
6.934698
6.7860947
6.612341
6.7055306
6.6912274
6.6653776
6.515544
6.05605
5.581586
4.9549327
5.899389
6.6954036
6.4120064
5.3330216
4.614893
4.087782
4.191063
4.3662043
4.514029
4.646754
4.8157887
4.9240737
4.8767586
4.8747506
5.236251
5.2616596
5.3551326
5.5776563
5.7052565
5.7523336
5.6945324
5.6949983
5.7391334
5.7367244
5.8570385
5.944132
5.8429704
5.8605766
5.7619414
5.5901437
5.671961
5.7382793
5.6678205
5.6873693
5.9153366
5.745554
5.473874
5.131472
5.226511
4.713282
5.365555
5.619383
5.5875115
5.5251527
5.6126947
5.5166616
5.389484
4.9635053
3.6756127
2.8043566
3.0046766
3.2473629
3.0803638
3.3932347
3.834372
4.062086
4.880167
5.356885
5.0345035
5.957757
5.3785095
5.1776867
5.3064713
4.975852
4.58863
4.6271563
4.2020354
4.0828953
4.337308
4.323216
4.517022
4.3626237
4.79312
5.1984415
5.528252
5.223952
5.06103
4.862598
5.1699123
4.9952183
4.846892
5.1123433
5.4777274
5.7920117
6.0334625
4.721973
4.811939
5.8669972
4.9070435
4.6884117
4.538644
4.3842716
4.3097076
4.361612
4.3491726
4.5503235
4.4629865
5.933462
4.384355
4.8079762
5.0878315
5.286563
5.4298983
5.2680135
3.4526272
4.0979953
4.5873423
4.974325
5.229772
5.2827053
5.28666
5.003913
4.558754
4.0823603
4.035985
4.7351866
5.0569215
5.582643
5.941233
5.977572
5.967543
5.8941407
5.7554035
5.66514
5.538775
5.5283065
5.5184183
5.4833984
5.4562745
5.4646378
5.7119226
6.0542336
6.1430564
6.3650007
6.1963863
6.236701
6.3965263
6.4586964
6.401432
6.3789964
6.553324
6.373585
6.329698
6.176737
6.1898346
6.279137
6.291135
6.2153006
6.124449
6.2437897
6.2316203
6.300482
6.404635
6.349521
6.287599
6.363116
6.405582
6.4474773
6.411889
6.344447
6.29427
6.2304163
6.0757427
6.0382247
5.970009
6.0227585
6.256466
6.447416
6.3940487
6.4309406
6.5289936
6.422145
6.518063
6.340316
6.2475414
6.295541
6.3064637
6.30069
6.304435
6.090173
6.140899
6.1395216
6.2980986
6.304812
6.376528
6.6803885
6.6362953
7.034433
6.7744355
6.8599534
6.8158455
6.7753077
6.6929045
6.7134714
6.8657575
6.7573485
6.7811723
6.703849
6.712912
6.6708465
6.708133
6.737608
6.796674
6.924379
6.94186
6.946326
6.9363627
6.8743076
6.6697226
6.565959
6.465971
6.445126
5.9577327
5.458229
5.561745
5.504262
5.7303424
5.7475257
5.554819
5.7666388
6.3925953
6.9268427
7.1437206
7.108778
6.656318
6.2481346
6.2090187
6.1558733
6.1200523
6.5756645
6.6969876
6.786951
6.716397
6.75585
6.6568403
6.5605946
6.6578646
6.4235716
6.45216
6.478224
6.6148353
6.772379
6.9417467
6.79016
6.6654396
6.581208
6.664648
6.8290696
6.88448
7.000998
7.2108088
6.5028577
5.9633574
6.1007886
6.245734
6.04762
5.7681646
5.243306
4.3549047
4.084223
4.2523
3.979854
3.8809578
4.0700417
3.940687
3.9982543
4.2164307
4.359566
4.5879374
4.625324
6.835175
7.377443
7.2724977
6.943577
6.354658
6.64681
7.309612
7.571088
7.687667
7.4753795
7.3788376
7.0454493
7.01887
7.5608964
7.444879
7.139221
7.064998
7.1681223
7.059388
7.273312
7.214892
7.0835123
6.849647
6.7075577
6.726106
6.83925
6.671549
6.425802
6.4331665
6.100053
6.107342
5.84613
5.5921884
5.2304907
4.858541
4.8357987
4.7115955
4.135967
4.1735525
4.020957
4.25114
4.141089
4.199695
4.312282
4.3425174
4.367236
4.3712616
4.213829
4.0986137
3.915638
3.855826
4.0911736
4.019898
4.335799
4.2590094
3.6128337
3.7165852
3.9108982
4.142083
4.156201
5.1154613
4.7303915
4.6821084
4.0503836
3.852326
4.240128
3.9748428
4.2192674
4.4657016
5.1153398
3.098974
2.6337218
3.511552
5.603284
5.353424
3.8299944
3.4361846
2.7770517
4.085442
3.2898636
2.9476986
1.4829128
1.4164958
2.5971105
2.7977538
2.8626444
2.4186778
2.368351
1.9662871
0.63834727
0.56645936
2.2286243
0.53138465
0.47102806
0.636437
0.47620863
0.538153
0.49231952
0.62234855
0.47580725
0.8901478
0.29532465
0.43609238
0.5628117
0.46163732
0.6972962
0.5735782
0.3918444
0.47131288
0.7141899
0.5990142
0.5914016
0.662742
0.7876789
0.7254383
1.0386931
1.4200087
1.5192144
1.7946706
1.1066035
1.3224934
1.5669045
1.7144461
1.5821869
1.7152697
1.291365
0.6670794
0.8299373
0.80361515
0.8158144
0.530747
0.68148154
0.671938
0.48480755
0.6860621
1.5338864
3.072875
3.185049
3.0284636
4.071823
4.6405554
4.568361
4.421264
4.467387
4.213057
4.263853
4.2240534
4.213385
4.2147584
4.0748377
4.04675
4.185794
4.233636
4.0600204
4.026044
4.188707
4.2202296
4.212618
4.126465
4.0770397
4.157145
4.1987786
4.1848125
4.0597925
4.0671353
4.2211275
4.082697
4.2831745
4.248319
4.2845707
4.3015027
4.3669147
4.40778
4.350358
4.610895
3.9535286
3.8253186
4.31129
4.816065
5.2233076
5.4939685
5.9306526
6.073983
6.134111
6.447737
6.448283
6.3348436
6.0414777
5.6657248
5.409767
5.5722566
5.9543004
6.0578313
6.0111785
6.149934
6.161516
6.29006
6.319957
6.088949
5.977542
5.857574
5.8931117
6.2679973
6.462041
6.6245775
6.8242073
7.0189905
7.022206
6.900545
7.0722136
7.10734
7.1183057
7.194292
7.1137247
7.147793
7.1768665
7.1378284
6.9855986
6.7807655
6.6498694
6.4625654
6.5728197
6.479613
6.817249
6.758981
6.852179
7.058054
7.031386
6.9749303
6.8186655
6.6946282
6.711578
6.6454372
6.605719
6.7702575
6.947619
6.7676716
6.6479225
6.708128
6.7567773
6.5655074
6.5432096
6.3732467
6.0027514
5.5637364
5.1678057
4.6320596
4.195551
4.849496
4.541514
4.5352755
4.2704167
4.3571806
4.1719637
4.3588
4.3422875
4.314724
4.256919
4.2262506
4.0833282
4.1086946
4.2070646
4.1939363
4.150424
4.7552853
4.585382
4.449765
4.526144
4.8998256
5.0389633
4.9394584
4.7096663
4.390395
4.1772447
4.1622005
4.1813154
4.353812
4.304363
4.425495
4.381964
4.4956207
4.376935
5.197407
5.183896
4.982108
4.7576036
4.356716
4.027743
4.31573
4.2819204
4.5640564
4.8976398
5.055144
5.206108
4.8869863
4.6939683
4.9252043
4.551898
4.3124614
4.391264
4.1299086
3.3557956
3.4884753
3.2810907
3.277766
3.8295066
3.853359
3.926259
3.7840638
4.0131936
4.393919
4.6277614
5.177461
5.383137
5.232204
5.4605856
5.525951
5.350687
5.1997066
4.942672
5.2006683
5.7568994
5.972863
6.0751295
6.244376
6.3601546
6.3125587
6.202838
5.9512577
5.739675
5.6223173
5.5748863
5.4507627
5.3223863
5.3227096
5.201882
5.625185
5.630345
5.6408515
5.731053
5.7196436
5.7840233
5.843964
5.8753214
6.0790386
6.3940687
6.5045066
6.698827
6.936409
6.9156137
6.778942
6.5557647
6.5987177
6.3759704
5.9875693
5.9332085
5.9310904
6.145025
6.2038364
6.1875453
6.069924
6.2260795
6.600348
6.5888367
6.7557077
6.6394005
6.698222
6.5769243
6.4894333
6.549613
6.609038
6.675166
6.844516
6.7141027
6.765928
6.7474985
6.4905314
6.21605
6.0787873
6.2968893
6.270487
6.3473816
5.8202567
5.7121277
5.57547
4.8648415
5.7352457
5.182683
5.6703796
6.3036847
6.054099
5.252992
5.582135
5.783764
5.8243318
6.2747283
5.9446507
6.2063293
6.327448
6.432971
6.9470615
6.9286814
7.2858043
7.6417384
7.827242
7.746663
7.9123015
7.885615
8.053545
7.964715
7.2943373
6.6356225
6.57927
6.6309595
7.0725656
6.7012978
6.5778093
6.8395596
7.042574
7.368997
7.845702
7.8135824
7.874631
7.736097
7.644152
7.401584
7.079649
7.346696
7.374266
7.3633146
7.248352
7.0230627
6.930567
7.2867994
7.2026076
7.147502
7.2141886
7.3166776
7.3197203
7.5176115
7.7038884
7.7090273
7.728132
7.8349986
7.725174
7.619981
7.562905
7.4931574
7.469826
7.271973
7.24033
6.9859834
7.204828
7.122116
7.208478
7.3193803
7.5473433
7.241865
6.8063755
6.2819233
6.5935907
6.552432
6.647594
7.0577674
6.9199615
6.7939386
6.796174
6.6836424
6.716348
6.61051
6.775086
6.752742
6.8645577
7.0331736
7.0605626
6.903729
6.941512
6.9209094
7.0796995
7.1793246
6.993948
6.8569736
6.7751484
6.9715834
7.2194405
7.187194
7.2711754
7.4480762
7.3871007
7.542659
7.4963646
7.607954
7.3692904
7.3115916
7.381797
7.3119497
7.1183233
7.0123763
6.9406633
6.815597
6.629406
6.5953655
6.6668434
6.7181773
6.6580205
6.608784
6.5534863
6.432356
6.2843328
6.3369246
6.201427
6.1228986
6.1214356
6.2445936
6.239898
6.1066656
6.175956
6.130328
6.2211714
6.1599383
6.1100097
6.0005727
5.9594054
5.9868226
6.0346594
6.040665
5.971033
6.0084496
5.9603643
5.99144
6.074193
6.1712675
6.0793734
6.04004
6.0500603
6.0830564
6.2570586
6.482447
6.3136687
6.4100657
6.685199
6.7340837
6.7454433
6.8034577
6.6705494
6.794612
6.9740205
7.066674
7.296027
7.472061
7.545835
7.617074
7.496639
7.3105903
7.287827
7.3248177
7.4587355
7.2516828
7.3125825
7.288599
7.180928
6.927597
7.09621
6.871414
6.7936893
6.7934895
6.8852577
6.965403
6.950387
6.8640456
6.781446
6.8175282
6.588607
6.5062966
6.5238686
6.469536
6.460915
6.4248557
6.3372717
6.336405
6.2823515
6.455437
6.410165
6.367258
6.460467
6.716633
7.0777473
7.14252
7.0546713
7.175203
7.2885046
7.316599
7.441186
7.578385
7.617877
7.4704404
7.5393553
7.606907
7.7734466
7.8383694
7.7582426
7.8205724
7.6821685
7.538402
7.1655345
6.91726
6.7261105
6.6531568
6.556326
6.3302555
6.2681713
6.069907
5.9362063
5.9163237
5.9408345
5.9508767
5.865081
5.827151
5.799924
5.7385216
5.850818
6.0310516
5.906247
6.0447755
6.1843133
6.1710224
6.1928964
6.258786
6.308894
6.4648848
6.6565313
6.7753115
7.080091
7.425561
7.588518
7.84764
8.004214
8.202532
8.081843
7.9585147
7.9792852
8.12131
7.8151393
7.8640976
7.7310076
7.7114625
7.5340877
7.467186
7.3484583
7.2949667
7.442981
7.4409776
7.366774
7.4452453
7.467191
7.2991214
7.144752
7.0966773
7.2964
7.168022
7.1795535
7.1971445
7.148127
7.1946354
7.287516
7.4531837
7.7529597
7.688049
7.823902
7.779271
7.7923903
7.6430516
7.812933
7.9405155
8.084187
8.151044
8.204318
8.067165
8.15459
