10000
9.127735
9.237596
9.192965
9.400202
8.92515
8.979034
9.303655
9.143495
9.288351
9.191364
9.101468
9.146963
8.9611025
9.052863
9.050734
8.9487295
8.835424
8.651402
8.73789
8.808837
8.737416
9.031959
8.939013
8.670271
8.638456
8.497423
8.630397
8.524872
8.506102
8.263899
8.212169
8.156236
8.358874
8.497564
8.436804
8.528158
8.633654
8.384823
8.866694
8.653126
8.649952
8.383846
8.4913025
8.619913
8.734858
8.452275
8.339542
8.744726
8.748965
8.73577
8.870468
8.830268
8.855257
8.828547
8.762755
8.774288
8.790632
8.882116
8.795026
8.782534
8.785212
8.850988
8.765127
8.745954
8.815748
8.72088
8.679741
8.693958
8.568682
8.688245
8.646178
8.501261
8.796534
8.676088
8.781563
8.703937
8.830128
8.816136
8.883758
8.845694
8.832037
8.834925
8.691545
8.731925
8.724025
8.620815
8.663142
8.6674
8.665425
8.72112
8.707473
8.709054
8.579114
8.59125
8.566625
8.644469
8.614472
8.605146
8.544539
8.359505
8.4681015
8.400374
8.76079
8.731694
8.45816
8.557632
8.585119
8.5229435
8.597146
8.644199
8.583119
8.647351
8.694333
8.677796
8.766541
8.80636
8.771803
8.780737
8.624069
8.610519
8.556422
8.3902855
8.422736
8.456836
8.373466
8.339843
8.471126
8.621065
8.534906
8.512197
8.535783
8.557549
8.4964485
8.367364
8.435318
8.431953
8.457571
8.406514
8.49971
8.472857
8.594846
8.716226
8.781468
8.850088
8.662115
8.822445
8.878791
8.889742
8.782515
8.750626
8.744035
8.710075
8.844802
8.745382
8.8482895
8.485751
8.319187
8.266445
8.3404665
8.506455
8.538273
8.728471
8.79711
8.827738
8.851114
8.708156
8.845714
8.892435
8.874597
8.81943
8.628806
8.695292
8.64393
8.565573
8.47071
8.503093
8.370299
8.505266
8.524556
8.41956
8.415404
8.405451
8.387433
8.500935
8.467136
8.519645
8.586967
8.710606
8.563276
8.672407
8.84993
8.777136
8.71153
8.558962
8.366575
8.362332
8.357837
8.460574
8.324009
8.646946
8.410214
8.511941
8.383858
8.297099
8.129284
8.088387
8.0624
8.071704
8.11838
8.012424
7.9822326
7.828868
7.8372283
7.778409
7.753257
7.759254
7.838967
7.829006
7.924522
8.058817
8.142832
8.022098
7.87096
8.012664
7.8338604
7.771412
7.697967
7.7013416
7.627429
7.698196
7.6945615
7.7246876
7.814108
7.844565
7.938318
7.8502245
7.82172
7.823398
7.9184246
8.049406
8.134524
8.015878
8.129408
8.053274
8.017785
7.994831
7.8939962
7.9406176
7.896189
7.5257416
7.784919
7.581299
7.8519034
7.6817074
7.8646154
7.9184923
7.849472
7.912631
8.055561
8.03035
7.990559
7.9035554
8.086891
8.05594
7.8921595
7.991989
8.118693
8.054466
8.091858
8.290503
8.431995
8.381491
8.439591
8.356246
8.468643
8.2749195
8.200668
8.201179
8.147629
8.219884
8.216713
8.420223
8.445141
8.419411
8.5933695
8.398342
8.124898
7.958559
7.9276466
7.9592056
7.931484
7.9955626
7.958933
7.9782276
7.9975405
8.108895
8.0186825
8.223211
8.268488
8.230067
8.261672
8.119003
8.25704
8.138043
8.042643
8.017974
7.980961
7.9310966
8.100091
8.004738
7.8275123
7.7431607
7.7168913
7.8741374
7.8664966
7.6268826
7.8987303
7.743037
7.8762827
8.013879
8.201107
8.100608
8.1082535
7.691347
7.463538
7.403972
7.418904
7.505493
7.604378
7.711874
7.6551094
7.5660777
7.390832
7.525057
7.6183763
7.544596
7.5345626
7.5526752
7.7342815
7.673646
7.5883584
7.496615
7.521629
7.492781
7.5674644
7.685424
7.8846083
7.9751062
8.2020035
8.1447525
8.259796
8.328277
8.391513
8.325129
8.349795
8.253509
8.243355
8.276815
8.254199
8.187032
8.271747
8.111891
8.133561
8.003354
8.003367
7.899494
7.8805766
7.8737144
7.6887507
7.467782
7.5853233
7.4872365
7.271504
7.377915
7.320568
7.446538
7.333928
7.388738
7.493822
7.3274856
7.547333
7.640308
7.615838
7.737211
7.7178555
7.879981
7.972005
8.019895
8.09028
8.053972
8.0882845
8.009955
8.010018
7.936015
7.7674365
7.693064
7.9648647
7.672998
7.5848975
7.8287845
7.9836144
8.109373
8.252706
8.384957
8.443639
8.302321
8.247517
8.015824
7.851213
7.7138247
7.440433
7.487998
7.4435434
7.283298
7.3647437
7.3921947
7.3864155
7.4604697
7.5510454
7.6470566
7.6955237
7.6636524
7.518678
7.472196
7.4913726
7.4518447
7.5175505
7.6847653
7.326413
7.458223
7.5453763
7.479102
7.618735
7.2059813
7.2696652
7.409098
7.160249
7.138245
7.0877686
7.4359846
7.2032943
7.1502204
7.0373683
6.901578
6.9175086
6.801925
6.5652966
6.471881
6.210587
6.2516685
6.249732
6.1587086
6.2985883
6.2425203
6.396321
6.466733
6.6212587
6.727584
6.6312504
6.6301413
6.486923
6.444164
6.3618603
6.339886
6.475211
6.275807
6.2483397
6.400619
6.7970467
6.6855154
7.0123596
7.2529755
7.0452867
6.8647523
6.606779
6.2365484
5.9602423
6.037346
5.921615
6.040234
6.414894
6.2325664
6.1802893
6.4290614
6.2617927
6.3652472
6.3948913
6.171628
6.1385884
6.15753
6.2100077
6.166591
5.9780345
6.225081
6.0581694
5.8178906
5.7120786
5.5279903
5.295179
5.142391
5.209915
5.1623936
5.3049297
5.2422714
5.17488
5.434519
5.4559574
5.375576
5.4579496
5.509794
5.415974
5.416266
5.3071856
5.2437115
5.2543535
4.932163
5.414182
5.2786527
5.4095345
5.4091444
5.211965
5.3727365
5.623512
5.384457
5.5150843
5.2910967
5.386252
5.103182
5.1479206
5.2991524
5.5535793
5.588854
5.9723315
5.866832
5.9935517
6.195495
4.67363
5.255399
5.3198338
5.4444857
6.061797
6.4079723
6.2500696
6.4371996
5.9391828
5.9592166
6.0761623
6.128072
6.3997965
6.5928097
6.634198
6.5491858
6.502027
6.582817
6.537498
6.6843033
6.993058
6.536914
6.539365
6.316435
6.026243
6.362544
5.615338
5.8628936
6.214262
6.3388677
6.1065326
6.327115
6.2248936
6.2478924
6.2098184
6.307845
6.396031
6.2320995
6.1493955
6.1195908
6.47891
6.659832
6.890738
6.710194
6.337965
6.337763
6.366771
6.3414855
6.058374
6.0087595
6.0381284
6.136359
6.088847
6.2413306
6.1910725
6.012108
5.872101
6.034507
6.0752506
6.2201605
6.3336754
6.27182
6.3301835
6.3671684
6.5366163
6.697385
6.538886
6.6650195
6.6528873
6.5128336
6.3661046
6.4233446
6.2257967
5.946961
6.00894
5.8424706
6.2880793
6.2151594
6.5301905
6.447988
6.547666
6.630489
6.9621105
7.03288
7.0601573
6.815455
7.1939487
7.223614
7.0879908
6.73071
6.765211
6.7689433
6.8547435
6.4729886
6.551629
6.5192246
6.580074
6.497059
6.4585075
6.6015496
6.3779216
6.4083524
6.4249053
6.604895
7.037699
6.950976
7.053937
7.034948
7.308205
7.0534306
6.881032
6.852711
6.9300814
6.809554
6.5668364
6.4406443
6.6394806
6.4708905
6.6536393
6.851515
6.9146776
6.7730536
6.6627216
6.8331857
6.806548
6.6683307
6.968363
6.496974
6.665108
6.4820595
6.506152
6.6535797
6.927149
7.0140123
6.8592234
6.468717
6.1770945
6.2172823
6.147366
5.868952
5.7790303
5.6194396
5.4541197
5.223234
5.113445
5.207981
5.4471493
5.599038
5.342424
5.293449
5.50791
5.7012253
5.6350794
5.2917023
5.1769695
5.6213923
6.2078953
6.447282
6.6057973
6.278705
5.9457655
5.6644144
5.2074876
5.1900454
5.058798
5.0665946
5.3311
5.633204
5.7257195
5.847696
5.948294
6.252173
5.976097
6.1704025
6.1210027
6.6686525
7.032748
7.1899457
7.1357713
6.9828506
7.1948
7.5039277
7.5674486
7.494736
7.5170817
7.343795
7.3166966
7.1880593
6.9753556
6.7755966
6.8071427
6.630481
6.461523
6.172882
6.3875666
6.434026
6.245061
6.4178667
6.263363
6.2385044
6.169493
5.865985
6.0157814
6.2046156
6.3503447
6.267416
6.3987603
6.57626
6.4268355
6.6375804
6.437193
6.428492
6.633415
6.740316
6.8538785
6.911005
6.8609715
6.445723
6.062435
5.8835487
5.855169
6.2031507
6.2461267
6.3156652
6.393606
6.3841906
6.562572
6.456586
6.3228564
6.4079814
6.4220567
6.304903
6.19696
5.8349705
5.4795933
5.510247
5.7690516
5.887987
5.6737413
5.331444
5.105438
4.830972
4.709272
4.938948
5.261674
5.441491
5.3764944
5.279621
5.390151
5.5782304
5.553988
5.4726725
5.7941546
5.509254
5.571432
5.408005
5.375748
5.5701256
5.471152
5.5413127
5.6465015
5.9870415
5.9668674
6.1786613
6.306387
6.188345
6.3499813
6.232625
5.84411
5.774221
5.843226
6.0466986
5.989587
6.137825
5.9339714
5.8386407
5.888118
5.801813
5.7219415
5.6062727
5.7606235
5.8114905
6.190737
6.330824
6.205158
6.187778
6.0313015
6.3826823
6.2683945
6.349407
6.5429506
6.430939
6.247611
6.360913
6.4640923
6.536606
6.7750773
6.714103
6.709943
6.776267
6.646581
6.771124
7.0033693
7.127926
6.841374
7.107922
6.8986273
7.1333017
6.943271
6.712329
7.011615
6.841383
7.128067
6.9845757
7.106271
6.9727073
7.350231
7.2649164
7.5295167
7.455017
7.4430943
7.1908913
7.534915
7.286086
7.0793047
7.1181493
6.9036713
6.989912
7.085428
7.0052786
7.1535854
7.0716624
7.2254543
7.2557135
7.205865
7.1843157
7.146682
7.256431
7.208931
7.193798
7.1052203
7.067249
7.105927
7.0487304
7.1356797
7.178777
7.2699904
7.279766
7.118716
7.189102
7.1163707
6.890273
7.3173084
6.7685747
6.6146226
6.303495
6.013891
5.857137
5.983548
5.956122
6.158143
6.263967
6.1243687
6.090893
6.219609
6.369575
6.6088724
6.3051934
6.612342
6.3883867
6.527835
6.505077
6.4260077
6.464691
6.7394514
6.8500915
6.678274
6.630222
6.944031
7.142912
7.321481
7.0688653
7.033633
6.8886867
6.9030066
6.7529325
6.6758947
6.6762657
6.5143423
6.691924
6.6867714
6.876033
6.7649727
6.9304776
6.8090353
6.8829384
6.848518
6.8868217
6.8302183
6.918832
6.987895
6.884356
6.864452
7.052822
7.0464
7.257476
7.252851
6.9375234
7.1646442
7.183344
7.1923046
7.2807865
7.3885603
7.3517036
6.9140563
6.878891
6.9444733
7.026924
7.086357
7.177671
7.077706
7.1377487
7.2110033
7.0738754
6.8329
6.577329
6.513439
6.6017365
6.7502823
6.486329
6.504919
6.5341964
6.7589426
6.5735793
6.650514
6.4728255
6.5999866
6.7409515
7.0720706
6.8410373
6.514806
6.17762
5.951524
6.239626
6.5286922
7.0150266
6.9915967
6.862023
6.6958666
6.825693
7.042946
7.0438747
7.0262513
7.0778313
6.987528
6.671031
7.0762815
7.017499
7.2716417
7.1394644
6.935933
7.0255604
6.869687
6.891306
6.590496
6.796152
6.944657
6.6864576
6.5527554
6.57071
6.6849446
6.591698
6.7125883
6.500622
6.803128
6.7316327
6.879834
6.746636
6.8750253
6.6810465
6.8519907
6.840999
6.900874
6.977561
6.770771
6.7987523
6.5878983
6.495905
6.4477177
6.2374454
6.394162
6.4705863
6.6212626
6.4518385
6.6703196
6.4867373
6.863028
6.7546244
6.579459
6.755064
6.731783
6.72673
6.802206
6.7564344
6.776045
6.621866
6.7062564
6.7480526
6.9874043
6.9282913
7.036251
6.8729024
6.8913774
6.8064117
6.741169
6.756537
6.680484
6.6878605
6.5513735
6.4795756
6.203593
6.277901
6.2994165
6.1349955
6.222083
6.252875
5.67774
5.5910726
5.6786337
5.6353664
5.5790105
5.7220416
5.9431653
6.4540358
6.9554906
7.0999994
6.6820893
6.7296352
6.682127
6.934755
7.0031705
7.109577
6.87182
6.7013173
6.3292613
6.2557344
6.101319
6.1836424
5.996269
6.106695
5.758079
5.8468094
6.1658535
5.953068
6.1603513
6.7437034
7.0282063
7.0020657
6.90697
6.6928153
6.8046985
6.804722
6.9343686
6.8050246
6.9548554
6.868635
6.839426
6.821086
6.7075796
6.7747245
6.8907537
6.8586154
6.3572826
6.0805874
5.6889143
5.4969873
5.4070582
5.6034355
6.006118
6.0746965
6.120685
6.2305174
6.31776
6.234191
5.987109
6.452554
6.382238
6.5067825
6.7358027
6.467916
6.6309543
6.5441437
6.3272014
6.4842434
6.476368
6.5323925
6.62614
6.7180896
6.7564354
6.8056464
6.8494673
7.013624
7.0119424
6.906349
6.9091825
6.8474874
6.6941986
6.7846723
6.714164
6.7543383
6.788484
6.6798377
6.5013485
6.535175
6.320657
6.357496
6.3121376
6.0894127
6.265049
6.1376534
6.134053
5.814864
5.9016795
5.949176
5.906524
5.8525114
5.898715
5.847165
5.9093266
5.8661304
6.042659
6.5597095
7.2350507
7.3600936
7.1582117
7.0089984
7.1088233
6.9507337
6.923512
6.880061
6.3822784
6.554048
6.3363376
6.5199842
6.5948343
6.710305
6.6982713
6.772286
6.7787066
6.8598337
6.855214
6.6540804
6.981877
6.933834
6.8995686
6.8667855
6.941414
6.76866
6.6518116
6.5942516
6.818229
6.4792023
6.8018923
6.7417717
6.917019
6.7014284
6.8971496
6.80867
7.0123606
6.8652964
6.8070784
6.654727
6.752347
6.831977
6.831292
6.8584204
7.044347
6.8604927
6.8185883
7.06203
6.8725085
6.810178
6.796241
6.745083
6.799984
6.7371526
6.775797
6.784638
6.9388022
6.8875995
7.0249896
7.020246
7.0852184
7.036023
7.1541357
7.168832
7.243848
7.446501
7.4493217
7.421529
7.46525
7.3897066
7.432562
7.4980435
7.568862
7.5258293
7.634825
7.484193
7.3856263
7.2931404
7.2274036
7.301697
7.249812
7.250198
7.122934
7.0587096
6.91484
6.9330845
6.9883814
6.945816
6.914776
6.738606
6.6128573
6.697395
6.8028483
7.1062827
7.2918253
7.313543
7.182771
7.0743904
7.029874
7.1271753
7.144566
7.058129
6.9579487
7.044827
7.0319867
7.107853
7.1156945
7.0845656
6.961918
6.929183
7.046189
6.9060364
7.00648
6.8823156
6.7780724
6.7295003
6.694852
6.652342
6.6316915
6.660668
6.4216623
6.321246
6.3435082
6.296171
6.1723785
6.2768655
6.4725375
6.2114887
6.1534195
6.048912
6.1328216
5.8304863
5.774623
5.3970037
5.622056
5.9651995
5.9629445
6.0905657
6.2852936
6.0206747
6.0292597
5.861097
5.830571
6.1368656
6.0486383
6.2974095
6.5954466
6.56149
6.375022
6.3764677
6.6107025
6.440184
6.866666
6.433283
6.542506
6.629192
6.9000688
6.62007
6.366697
6.4868116
6.6047797
6.553244
6.754427
6.8166027
6.218597
5.921896
5.958
5.8863106
5.8461237
6.114365
6.234519
6.119288
6.0561757
6.0944033
6.0401535
6.249681
6.4190283
6.452274
6.4705906
6.577092
6.6071215
6.8732777
6.9434705
7.10433
6.8035097
6.5148406
6.596393
6.7737656
6.7009344
6.660698
6.679647
6.7008615
6.849044
6.6727204
6.493542
6.506833
6.469156
6.497002
6.6040244
6.5811796
6.7679577
6.5936103
6.6129856
6.334405
6.4131465
6.3591127
6.7218328
6.6785183
6.886183
6.905536
6.6985297
6.5693135
6.5301375
6.4313235
6.4359083
6.4536815
6.454501
6.5180607
6.3720627
6.535756
6.6186237
6.6695805
6.690445
6.548023
6.4032164
6.3868113
6.4266973
6.284375
6.2438602
6.1185327
6.1608715
6.5423174
6.369191
6.475748
6.378982
6.266182
6.1445494
6.2868557
6.4007
6.3126316
6.3197627
6.036948
5.999966
6.112556
6.1916533
6.287758
6.393218
6.327254
6.3180485
6.2656446
6.301087
6.3975453
6.4761086
6.4479446
6.3578987
6.3011746
6.16039
6.1059785
5.9898624
5.959864
5.937642
5.86506
5.8100586
5.8351045
5.7417607
5.843821
5.661428
5.824638
5.7397614
5.8959265
5.9177623
5.8790197
5.762538
5.559022
5.2340503
5.3110247
5.1526566
5.213956
5.101367
5.272677
5.15209
5.316694
5.6357765
5.8822637
5.882124
5.915103
5.8027954
5.8672166
5.808195
5.750308
6.255471
6.319188
6.2904015
6.0850215
5.940717
5.81146
5.6120653
5.6402793
5.659134
5.7620845
5.775536
5.515443
5.495687
4.8546343
5.03098
4.7898536
4.914492
5.212576
5.515602
5.2359157
4.8664155
4.8717465
4.9479117
4.953075
5.210472
5.4700265
5.5196176
5.4801965
5.370664
5.413641
5.4828043
5.553956
5.588983
5.5488625
5.5139666
5.47388
5.289267
5.291975
5.163534
5.113077
5.1868167
5.3131695
5.236966
5.279211
4.882666
5.111809
4.7981544
4.870564
4.9352407
5.0252986
5.253049
5.300868
5.5234337
5.418438
5.57837
5.5874844
5.6041107
5.6222057
5.5184255
5.4362955
5.479716
5.532369
5.297558
5.534054
5.665884
5.684419
5.672818
5.449575
5.093108
4.9883633
5.02369
5.0939
5.042386
5.1366115
5.1302123
5.261852
5.215902
5.1944537
5.110924
5.058443
5.0075493
4.863668
4.9331746
4.896987
4.9074836
5.0806165
5.1329293
5.2324514
5.0685453
4.9414964
5.113226
5.187993
5.170636
5.2798195
5.4017096
5.3427544
5.2731447
5.2787094
5.3756685
5.23762
5.1473627
5.2579985
5.058654
4.932141
4.939217
5.0182858
4.82782
4.6463227
4.6507792
4.624855
4.511736
4.4727364
4.4371204
4.2207165
4.2766833
4.258984
4.2893906
4.223168
4.428742
4.348187
4.40722
4.5472383
4.4603376
4.4615755
4.4397
4.4134927
4.3845825
4.4032187
4.419358
4.554154
4.5367594
4.5526223
4.6642656
4.5999656
4.6870656
4.7030573
4.734644
4.589153
4.572382
4.48354
4.7050223
4.6283264
4.465409
4.567506
4.4369273
4.25171
4.48582
4.3512225
4.5873065
4.757544
4.7501216
4.7678294
4.8322845
4.722554
4.6686845
4.5063577
4.874142
4.6693945
4.9821033
5.0902476
5.199869
5.2181387
5.398848
5.504476
5.3660574
5.2762337
5.08392
5.249522
5.216576
5.4085064
5.3154645
5.361419
5.2832537
5.4856133
5.514711
5.4970145
5.364449
5.256915
5.4602003
5.2992325
5.324778
5.434353
5.3602095
5.3062654
5.457775
5.556138
5.7568874
5.8564296
5.8272543
5.622642
5.759869
5.736213
5.722675
5.7977996
5.5658655
5.6629972
5.713295
5.6649055
5.6624804
5.7097344
5.7855663
5.785799
5.991489
6.0720387
6.372191
6.824814
6.7709594
6.899314
6.5135164
6.8540716
6.512556
6.4912925
6.4930415
6.467799
6.5353503
6.719962
6.637026
6.3477154
6.1785254
5.990181
5.933217
5.8344927
5.7689357
5.747207
5.8285527
5.6287766
5.592809
5.6532874
5.885573
5.860654
5.8899937
5.922238
6.1988945
6.119168
6.0952797
5.8843393
5.691958
5.6710377
5.8070374
6.0237722
6.1433387
6.170128
6.2799563
6.2327337
6.4865155
6.9427004
7.1173267
7.206825
7.4322443
7.660433
7.691484
7.8390813
8.088552
7.665066
7.126625
7.1349483
7.181145
7.3271465
7.153447
7.0554347
6.944418
6.9529934
6.8414183
6.950068
6.820687
6.712583
6.345299
6.3170547
6.2621756
6.298602
6.212764
6.147617
5.789083
5.840988
5.7261467
5.358707
5.6340876
5.74438
5.719704
6.0859776
6.2978034
6.513183
6.442767
6.816841
6.8214755
7.291615
7.3474884
7.311681
7.296591
7.5892763
7.5791025
7.6924777
7.952208
7.9537745
7.812621
7.359578
7.2064915
7.350518
7.36928
7.5194397
7.780139
7.6281734
7.6333375
7.522642
7.611087
7.474647
7.6317363
7.3181868
7.3749523
6.994959
7.201677
6.939102
7.157716
6.996771
6.9537535
6.8000474
6.85164
6.484987
6.493941
6.329892
6.129112
6.397675
6.609238
7.070309
7.160034
7.3201017
7.123687
6.965415
6.8904533
6.7236466
6.668273
6.8908505
7.0017257
7.2878957
7.1544313
7.246095
7.5166025
7.730365
7.9273105
8.097023
7.8740435
7.5240774
7.3573112
7.2318206
7.820493
7.852024
7.8825555
7.6033726
7.6644773
7.5859637
7.536145
7.323495
7.356759
7.05076
7.0036077
6.8899217
6.7170935
6.458631
6.568779
6.294368
6.26061
6.299971
6.315351
6.199609
6.190995
6.1194153
6.3297987
6.281072
6.6601195
7.121427
7.102498
7.152036
6.9636145
6.7289305
6.7512097
6.7516885
6.6253905
6.6191683
6.750173
6.6532693
6.423487
6.2990084
6.241152
6.3631883
6.0706353
6.147627
6.126717
6.6074743
6.820404
7.164988
7.351577
7.258984
6.907859
6.6677833
6.2684445
6.2234516
5.9246154
6.2388268
6.5985603
6.7297196
6.441617
6.5726943
6.3657084
6.6504726
6.954258
6.904624
6.9585986
7.0497713
7.0734954
6.9080358
6.9378796
7.000771
6.8829074
7.1319623
6.8773727
7.2443166
6.9384127
7.134429
6.9349976
6.9460664
6.728775
6.598035
6.4917483
6.671511
7.1314692
7.126232
7.380361
7.43173
7.674784
7.78437
7.903076
7.8436036
7.880599
7.793935
7.6909947
7.7225943
7.7904587
7.961288
7.8048377
7.802596
7.6582165
7.8921576
7.687499
7.8380976
7.4635005
7.748948
7.507153
7.752271
7.504686
7.8583584
7.5642657
7.4576945
7.482346
7.4188647
7.4359517
7.199711
7.1224666
6.9012694
6.867687
6.820249
6.897177
6.9334574
6.819629
6.4303703
6.2812195
6.4168706
6.275572
6.4631457
6.699755
7.335841
7.0656376
7.419816
7.2514954
7.5039377
7.5030675
7.9307213
7.719815
7.791296
7.9734244
7.860241
7.8944173
8.166194
7.969429
8.063543
7.692786
7.4943852
7.0271587
6.9928985
7.062091
7.1696424
7.168505
7.1549516
7.0501075
6.8867044
6.7237306
6.7746205
6.662171
6.6853986
6.4548807
6.654895
6.36968
6.2809243
6.5476995
6.466252
6.4795055
6.82881
6.745647
6.54894
6.8099027
6.4229794
6.435891
6.6352515
6.521519
6.8060236
7.0005317
7.0567036
7.202329
7.215159
7.388567
7.4731464
7.695515
7.6490326
7.6236067
7.3831544
7.3787
7.168776
7.2973285
7.0899982
7.088148
7.070352
7.247525
7.031795
7.0773416
6.868749
6.843863
6.853423
6.8610377
7.0064197
6.8841915
7.128369
7.129393
7.0271482
6.78793
6.794687
6.421105
6.308475
6.473593
6.390397
6.28374
6.450692
6.2401214
6.2445745
6.1169486
5.972487
6.0263596
5.9943385
6.019341
6.233749
6.431671
6.6552954
6.6210093
7.1314325
7.5444317
7.3025794
7.375765
7.1552906
7.2942095
7.332895
7.1865473
7.149138
7.1764603
6.9526267
7.12809
7.2414756
7.1866617
7.272326
6.9584246
6.950706
6.8028545
6.6188216
6.6576753
6.585651
6.0974984
5.8474092
5.884019
6.0109677
6.194991
6.3428173
6.298889
6.2451396
6.1603904
6.172465
6.125505
5.8368864
5.749376
5.8248343
6.2037983
6.115613
6.5530553
6.93413
7.201871
7.169504
7.1444964
7.453719
7.4658065
7.7174587
7.7632103
7.8167624
7.7989845
7.7566624
8.200787
7.6787806
7.6541624
7.3755245
7.5927954
7.586263
7.330785
7.295182
7.082343
7.0339565
6.9576793
6.6707063
6.700697
6.356891
6.112244
6.165059
6.0193186
5.9097667
6.2302704
5.997226
5.657186
5.7147937
5.569948
5.4119334
5.6371193
5.424439
5.443736
5.626771
5.596776
5.8958426
6.2672935
6.3609347
6.6794705
6.7711954
6.785749
6.9478903
7.2410975
6.790082
7.280666
7.489023
7.7468696
7.7550044
7.5577593
7.749398
7.838072
7.7743134
7.367443
7.469434
7.159476
7.186189
7.144474
6.955792
6.941501
7.0342307
7.0908465
6.981854
6.999322
6.9904523
6.79459
6.8572845
6.7152743
6.863517
7.148946
6.763676
6.9617476
7.0138135
7.026426
6.829817
6.782909
6.367956
6.4119616
6.0451126
6.194008
6.1757965
6.4037933
6.436601
6.663223
6.77166
7.2064147
7.287735
7.3938227
7.3150744
7.1699953
7.4148884
7.440318
7.44108
7.478221
7.351918
7.205283
7.118645
6.523487
6.1406116
6.3329463
6.2712493
6.5229993
6.4444685
6.535103
6.5019107
6.531129
6.276851
6.472626
6.41023
6.4289465
5.972146
6.0600543
6.0815163
6.208549
6.2894382
6.0724425
5.976668
5.961569
6.011753
5.9968925
6.212475
6.402641
6.4955645
6.645132
6.678643
6.6434126
7.068604
6.880701
7.073064
7.0674725
7.0661316
6.998836
6.851249
6.309477
6.4050603
6.402819
6.495244
6.518897
6.2189927
6.366762
6.3196297
6.359457
6.2498255
5.9450645
6.116064
5.915675
5.585421
5.6733303
5.965584
5.930404
6.2582583
6.2191753
6.0898414
6.3571124
6.2071967
6.597578
6.541671
6.6746187
6.733439
6.9560385
6.8919206
6.992937
7.0719013
6.9068174
6.8132544
6.9681063
6.9448853
6.9837785
6.9209433
6.979124
6.394469
6.6417227
6.54377
6.3912706
6.283337
6.1826873
6.333179
6.0207496
6.0533442
6.0608683
5.854533
5.866172
5.7976756
5.5964165
5.831787
5.9918747
6.0575647
5.943827
6.169845
6.3316154
6.476464
6.293626
6.373478
5.9880986
6.1241374
6.102832
5.715357
6.1484375
5.7661886
5.305023
5.1425724
5.482271
5.829561
6.007452
5.9620667
6.4605927
6.197521
6.1746087
6.105515
5.7152996
6.0088964
5.997876
5.9836855
5.653324
6.131057
6.4670134
6.451854
6.463886
6.602502
6.4638143
6.4659686
6.3547473
6.556105
6.3749065
6.414413
6.2856207
6.178955
6.244953
6.1524315
6.58078
6.290275
6.2584634
6.3587866
6.6077747
6.4469867
6.4689336
6.299567
6.110957
6.139176
5.717477
5.884343
5.7391286
6.0133686
6.2481933
6.495711
6.5369897
6.822767
6.916969
6.873687
7.236476
7.397996
7.550414
7.327354
6.9571633
7.109796
6.3284016
6.662343
6.3805113
6.473024
6.9523873
6.704507
6.695872
6.4813085
6.2415366
6.5254784
6.511063
6.541547
6.2417874
6.021111
5.4500647
6.2620487
6.2952905
6.6982803
6.544888
7.046351
7.191109
7.240369
7.106131
7.058832
7.155834
7.1534705
6.945084
7.215985
7.3207483
7.1610737
6.8827944
6.9711385
7.412257
6.891821
6.6230597
6.3060956
6.358841
6.255785
6.868164
6.8544254
7.225816
7.5422225
7.340293
7.1823516
7.288163
7.210081
7.243719
7.058363
7.424136
7.2889466
6.862425
6.878616
6.936866
6.994703
6.8209367
6.9234667
6.928957
7.032757
6.87534
6.796976
6.790478
6.7815566
6.7433906
6.7499256
6.860452
6.6646204
6.912537
6.7082615
6.7419033
6.682325
6.738447
6.722621
6.819303
6.5666995
6.8456345
6.8437185
6.7156787
6.7288895
6.6083164
6.7845206
6.5927434
6.7381315
7.3597097
7.283904
7.2960277
7.1585546
6.950851
6.749399
6.8938494
7.060308
7.0600085
6.6353755
6.7883873
6.443321
6.4373236
6.668072
6.716929
6.570707
6.4304557
6.629039
6.2859797
6.235093
6.057448
6.167451
6.2089596
6.173191
6.1941643
6.086169
6.2233596
5.8329263
6.366293
6.46385
6.2656837
6.1271753
6.077881
6.286873
6.2434573
6.5328813
6.896264
6.9941106
6.939898
6.9764643
7.09411
7.3723764
7.156673
7.227763
7.1412945
7.2662864
7.5718875
7.5575905
7.112625
7.0469694
6.7939224
6.6111784
6.5335617
6.633755
6.610116
6.3744397
6.2498555
6.10491
6.0966916
5.966961
6.1179204
6.0901594
6.176273
6.1883802
6.1852717
6.027935
5.8451257
5.881892
5.8338156
5.8864727
5.7866926
5.70503
5.674995
5.5338206
5.4065847
4.930107
5.1375604
5.474816
6.33159
6.8620343
7.062736
6.8595133
6.877346
6.6095304
6.759628
6.6962366
6.7494354
6.589763
6.033471
5.7726226
5.77733
5.756582
5.7258234
5.6471796
5.463043
5.580742
5.5946555
5.5493627
5.4565053
5.554279
5.8502035
5.9417176
5.8390446
5.943023
6.1744127
5.848874
5.740537
5.1000686
5.0180516
5.07992
5.0127106
5.135991
5.4227448
5.4226403
5.12302
5.2333937
5.3382764
5.2812853
4.813001
4.3791695
3.6037462
2.6593907
2.0713391
3.1036806
3.104185
3.0632615
3.0742655
3.3384724
3.307376
3.286602
3.3011827
3.3914416
3.3919535
3.2564878
3.1950889
2.949863
2.9288518
3.141971
3.2310176
3.168528
3.2013094
3.206827
3.2536108
3.2762756
3.2845545
3.2813683
3.275502
3.2689068
3.2453415
3.2359009
3.2534764
3.248308
3.3271806
3.2822235
3.3136766
3.4170115
3.425716
3.5396204
3.9200425
4.0546694
3.785174
3.8294098
3.681646
3.7233837
3.6774144
3.6796534
3.8025782
4.054169
3.6820204
3.5799744
3.6620347
3.8645911
3.9348507
3.833565
3.5520642
3.3163767
3.2881756
3.4045415
3.6092534
3.3851247
3.3419166
3.5454295
3.385617
3.4377294
3.3004577
3.1090899
3.0229404
3.0852087
3.1068604
3.1323893
3.1214046
3.071104
3.1010013
3.0261858
3.4471214
3.4785905
3.4055188
3.391357
3.4272537
3.3530445
3.3306878
3.3809276
3.1631882
3.4636798
3.377595
3.3051987
3.318436
3.3335328
3.275082
3.4319625
3.6592772
3.651389
3.6592731
3.8848276
3.7722504
3.8229318
4.0458875
4.2040153
4.017668
3.9521475
3.9375799
3.945518
3.7510924
3.5882597
3.6058884
3.6868255
3.657609
3.525471
3.3741026
3.3641052
3.3334086
3.3796802
3.5252204
3.2769375
3.430241
3.4357934
3.2964573
3.3185697
3.2429628
3.3876574
3.4496355
3.3185263
3.4853334
3.3861039
3.443089
3.6717362
3.9649642
4.055582
4.3967237
4.5126677
4.4126997
4.356409
4.229513
4.155989
4.2335854
4.2441144
4.423931
4.3127007
3.9960904
3.806203
3.4624963
3.663539
3.5083408
3.4404082
3.5370111
3.3881545
3.5601816
3.365468
3.6407392
3.5441618
3.6479182
3.6451743
3.6721752
3.5582063
3.4495497
3.7115288
3.6122365
3.9067764
4.37618
4.636035
4.8143964
4.72802
4.5209417
4.5243344
4.5453887
4.5112724
4.761578
4.947835
5.040406
5.0014534
4.8595304
4.588357
4.6913004
4.8620014
4.9032984
5.120481
5.2218385
5.291698
5.374882
5.497917
5.5650764
5.651975
5.7966175
5.717992
5.5728455
5.439082
5.356625
5.2317114
5.251953
5.2148705
5.316599
5.196899
5.1996365
5.287779
5.1712427
5.266859
4.988477
4.7061777
4.830802
4.6986384
4.6839485
4.481548
4.48748
4.5529504
4.623225
4.6663427
4.778172
4.3321896
4.4255724
4.290016
4.2653384
4.2515845
4.272075
4.1916437
4.260309
4.1205797
4.208942
4.182664
4.1281805
4.214882
4.1397405
4.5930405
4.7452297
4.8118734
4.6842165
5.0508766
4.976957
4.950302
4.7783184
4.7363596
4.786612
4.803384
4.932783
4.8474956
4.9906983
4.9531584
4.8470464
4.881713
4.6982403
4.623487
4.5692825
4.1527057
4.4917727
4.9360104
5.3018365
5.468507
5.331536
5.3088617
5.5335956
5.5946126
5.5150065
5.5847363
5.670535
5.657351
5.6668797
5.60766
5.4881516
5.4354086
5.577389
5.789297
5.6822133
5.5169444
5.692974
5.5941887
5.547648
5.686283
5.535468
5.415495
5.4804697
5.4838634
5.8317866
5.552798
5.608464
5.5809164
5.5188394
5.6588078
5.663593
5.777704
5.795268
5.6465797
5.6902547
5.5945683
5.7510552
5.8243756
5.7938075
5.9219465
5.8331676
5.7871094
5.935905
5.7786274
5.863639
5.640258
5.7137637
5.6843724
5.556101
5.1868596
4.957441
4.6982737
4.8152366
4.631467
5.03326
4.9986954
5.259229
5.124055
5.398523
5.166573
5.5943437
5.650276
5.29392
5.203209
4.9498515
4.5894895
4.5366726
4.561475
4.099025
3.9267778
3.78927
4.121173
4.371075
4.425482
4.2801676
4.228079
4.1197753
4.1464853
4.0286174
3.9196494
3.633032
3.3981664
2.992082
3.0279875
3.0102625
2.9352794
2.8347487
2.844242
3.8793323
4.421383
4.469307
4.604199
4.7454042
4.744019
4.865141
4.8581266
5.05007
5.0896816
5.061499
4.926411
5.0073557
4.8228464
4.725856
4.7281446
4.231686
4.167331
4.099495
3.695291
3.917677
3.922462
3.7950864
3.7085464
3.591063
3.2155347
3.6761777
3.9943767
3.8271496
4.205153
4.4155707
4.359761
4.5106835
4.3094316
4.3025084
4.022846
4.2217298
4.2076483
4.278313
4.638993
4.708796
4.6645184
4.21376
3.9065156
3.8941798
3.8009758
3.724496
3.4943645
4.1051197
4.4832544
4.9390197
5.1017694
5.336243
5.272222
5.432193
5.248158
5.110086
4.9176826
5.179638
5.4924307
5.6087427
5.4698997
5.6449695
5.6034174
5.665805
5.522143
5.601512
5.4013977
5.4008417
5.3214903
5.4528837
5.4977417
5.553118
5.436743
4.983139
5.1350484
5.328575
5.2643337
5.1316557
5.2463884
5.1526675
5.2440376
5.284024
5.186202
4.897038
4.975691
5.130693
5.011059
5.004927
5.1095486
5.1452084
5.2390165
5.1757274
5.1063776
5.0988107
5.0409217
4.9006777
4.9936047
4.983947
5.1135573
4.8108015
4.519142
4.4991946
4.5769405
4.6719837
4.715854
4.655363
4.695128
4.64992
4.5661917
4.5803595
4.630655
4.542979
4.4519124
4.4343343
4.4021583
4.4475727
4.4834347
4.45127
4.4595637
4.478209
4.507622
4.5656385
4.470175
4.4256473
4.5042505
4.5472
4.4283814
4.3850274
4.488026
4.597322
4.9165335
5.0101576
5.117285
5.316351
5.3564496
5.406428
5.4253545
5.4543858
5.22025
5.1407866
4.903137
4.9052978
4.8053665
4.7569003
4.679894
4.663552
4.746657
4.95152
5.1135793
5.293766
5.1621265
4.9844003
4.8904176
4.968984
4.8982735
4.8265963
5.0079203
4.9165254
4.856804
5.024785
4.737596
4.702344
4.6759067
4.6807437
4.6892056
4.4955816
4.319617
4.6532564
4.890305
5.047707
5.0820045
5.0048265
4.7950935
4.8355513
4.3837447
4.2181497
4.160162
4.5292754
4.6388407
4.7234883
4.614977
4.6927786
4.8504086
5.0078177
4.9976807
5.005828
5.227376
5.3223867
5.4065995
5.437979
5.417079
5.318692
5.063105
4.796662
4.5979815
4.503803
4.371533
4.1513786
4.031015
4.3366866
4.573174
4.7828946
5.0811434
5.052508
4.970526
4.8433895
4.9042134
4.878553
4.980281
4.8233833
4.825966
5.0023704
4.918973
4.8452578
4.93221
4.84374
4.938549
4.995635
4.774382
4.663132
4.648826
4.354781
5.4252787
5.5603123
5.844326
6.115175
6.172912
6.0418563
5.843416
5.6369615
5.5806475
5.6503787
5.9554577
6.0229754
6.2052608
6.2970786
6.169513
6.123314
6.3050146
6.5738297
6.608417
6.6099725
6.657643
6.3426557
6.27171
6.2086062
6.317369
6.0821266
6.1746154
5.9666777
6.1949453
6.2018046
6.0716267
6.173443
6.032634
6.13225
6.269987
6.0815163
6.0250854
6.356278
6.39312
6.436153
6.4054074
6.5125217
6.427506
6.3312216
6.455796
6.3187203
6.3240457
6.700101
6.621805
6.6775703
6.5366697
6.9339204
6.846529
6.7699046
6.848654
6.8296876
6.9180174
7.045082
7.085345
7.0602903
7.0551853
7.015988
6.7573633
6.600055
6.4574637
6.454371
6.540907
6.3720055
6.56213
6.519001
6.440979
6.2832766
6.1253357
6.1444645
6.302142
6.4636583
6.224433
6.387804
6.4865294
6.4391217
6.226787
6.227967
5.9732876
5.8820453
5.538886
5.2414374
5.3359866
5.346146
5.338022
5.17753
5.1545334
5.053209
4.9673386
5.0245914
5.0738354
4.9670014
5.2585707
5.2250023
5.1865478
5.289311
5.2286725
5.299145
5.508787
5.6727285
5.8605437
5.969386
6.140572
6.357842
5.9961925
6.0482454
6.095196
5.7662787
5.6945705
5.5442686
5.3528013
5.1161566
5.146837
4.9249988
5.0084257
4.9522796
4.5395403
4.567092
4.4961786
4.7456627
4.589409
4.625904
4.4755406
4.3815846
4.5574884
4.5916953
4.648754
4.9980803
4.9666266
4.318787
4.072971
3.2294228
2.242398
2.411465
2.2794416
1.929281
1.8397944
2.0280635
1.7548485
2.0815976
2.039644
2.1945872
2.1741385
2.4147608
2.4859242
2.2347593
2.0724254
2.1180139
2.170836
2.213731
2.216246
2.395237
2.3461783
2.4296494
2.5377479
2.451363
2.4860039
2.4305234
2.6362057
2.6649516
2.5122669
2.3017323
2.3376231
2.3382022
2.4803514
2.3070984
2.2345302
2.149179
2.097736
2.234153
2.395626
2.2918468
2.397088
2.1887512
2.2864254
2.1703224
1.966527
1.8886011
2.3343234
2.3087525
2.3547919
2.4500213
2.2425153
2.3197348
2.3109627
2.7504256
2.949225
3.4501588
3.2330956
3.6552415
3.3545737
3.442672
3.4817936
3.369563
3.3795261
3.4801283
3.5038056
3.1445932
3.551311
3.2969716
3.4659517
3.3935313
3.2517395
3.3900132
3.3191328
3.27715
3.1552303
3.2012565
3.0979886
3.0487328
3.1847947
2.9939246
3.1537592
3.054752
3.1502788
3.486903
3.4793391
3.506211
3.557069
3.5807538
3.5854447
3.625169
3.6266608
3.5936656
3.58525
3.6048484
3.6418786
3.6503
3.6311746
3.60292
3.62565
3.621842
3.62534
3.666871
3.6673427
3.6727538
3.6894407
3.7018936
3.7061987
3.7062013
3.7229004
3.7125978
3.7093902
3.7325265
3.7642236
3.7327354
3.757248
3.7593932
3.759732
3.7825294
3.7451172
3.7564158
3.7927163
3.7170222
3.69364
3.6978426
3.6878457
3.6793563
3.6777806
3.6777115
3.6290212
3.698938
3.7056608
3.7739153
3.7704
3.771317
3.7584622
3.7391956
3.733845
3.74643
3.7316775
3.7285404
3.7438655
3.7258177
3.7161798
3.667215
3.6887856
3.6677544
3.7391686
3.759533
3.7447777
3.7356431
3.8133712
3.7807434
3.7824147
3.8258116
3.8883002
3.9111974
3.9428277
3.9734957
3.981811
4.025358
4.1081057
3.859587
3.8112223
3.7496068
3.7539515
3.655626
3.6576371
3.6708584
3.7261949
3.6906202
3.759457
3.7967062
3.7699614
3.7843094
3.7776804
3.7857509
3.7225804
3.7373915
3.7526963
3.6878545
3.6961899
3.728461
3.727623
3.679471
3.689239
3.6242754
3.6403883
3.6046767
3.6199617
3.6129646
3.6356425
3.6948218
3.7080836
3.692902
3.6829112
3.6703198
3.6787906
3.7140214
3.7067928
3.580155
3.7038932
3.7800095
3.827186
3.7111926
3.6673439
3.6785674
3.7105312
3.811364
3.8584902
3.7238207
3.7048473
4.046885
3.9164834
3.8878646
3.7364721
3.879792
3.9376013
3.6858635
3.7706542
3.8272054
3.8766525
3.8387206
3.7128985
3.821197
3.8213122
3.8492193
3.804008
3.8220258
3.8494773
3.8827894
3.8933313
3.9030976
3.905438
3.8641224
3.8744726
3.8383188
4.246806
4.4849477
4.2639217
4.547467
4.785062
5.033245
5.3256936
5.531487
5.560166
5.6745777
5.4282627
5.512326
5.3759503
5.3526096
5.6182814
5.6250434
5.6999664
5.849791
6.0456014
6.176851
6.398611
6.5896873
6.83017
6.7646055
6.6829042
6.713387
6.7426667
6.772914
6.6575294
6.9525003
7.1484766
7.1739526
7.284638
7.123991
6.8964467
6.868267
6.6359897
6.728714
6.501958
6.7828918
6.213023
6.1736684
6.2541327
6.314437
6.406207
6.322443
6.1480827
5.800459
5.685651
5.6858215
5.2715673
5.0827084
4.7167206
4.6184874
4.40689
4.536827
4.592635
4.5496492
