10000
8.855929
8.894521
8.842505
8.898616
8.876287
8.818639
8.897636
8.863003
8.824462
8.865965
9.019703
9.002476
9.009507
9.02327
9.070317
8.941681
8.81535
8.837661
8.878699
8.88702
8.894767
8.97281
9.032062
9.05942
9.097398
9.073158
9.13482
9.136293
9.157335
9.156446
9.13553
9.143057
9.054902
9.007465
8.942005
8.964038
8.935319
9.023956
9.007792
9.043769
9.060872
9.128093
9.135687
9.1272
9.068686
9.139683
9.132027
9.0632
9.00766
8.935922
8.905516
8.902405
8.962894
9.055109
9.091394
9.189305
9.191886
9.193494
9.202223
9.15263
9.0949
9.039896
8.985228
8.968882
8.978756
9.048578
9.022448
9.054139
9.02994
9.042384
9.002433
9.062539
9.027552
9.062142
9.04588
8.9993725
8.993871
8.949208
8.966635
8.931812
8.784894
8.762963
8.770048
8.805946
8.760651
8.783475
8.860574
8.829332
8.874768
8.789041
8.877855
8.873401
8.934477
8.88139
8.913107
8.911771
8.920981
8.942305
8.851831
8.837872
8.83907
8.81002
8.795841
8.819379
8.821536
8.810496
8.814133
8.868126
8.78342
8.867213
8.827816
8.930566
8.887436
8.870693
8.860885
8.85177
8.871673
8.858453
8.920185
8.942295
8.813358
8.876245
8.816056
8.839989
8.915879
8.827249
8.840492
8.835583
8.828836
8.899776
8.851974
8.940544
8.922438
8.918579
8.87364
8.837195
8.853264
8.810205
8.868864
8.891906
8.97071
8.925591
8.893679
8.827154
8.850345
8.750451
8.778257
8.734148
8.7195
8.709307
8.698688
8.7597685
8.669943
8.800435
8.712614
8.770986
8.724006
8.685234
8.606501
8.546912
8.493782
8.411883
8.416213
8.42081
8.610732
8.564947
8.521001
8.507241
8.448589
8.350359
8.282502
8.249123
8.1241455
8.148718
8.001348
8.026136
7.896614
7.8699307
7.757585
7.659139
7.328607
7.11494
6.784621
6.443978
6.0312204
5.421568
4.91929
4.4075108
4.3602996
4.512452
4.6983027
5.128108
5.3225217
5.5718403
5.667992
5.8242407
6.2192645
6.4438224
6.6429563
6.8984585
6.958251
7.1437106
7.29252
7.362833
7.54055
7.5442543
7.47926
7.481915
7.6226754
7.6672053
7.8574443
8.070499
8.109896
8.038766
8.104225
8.14043
8.069595
8.074011
7.9273443
8.003817
7.8789883
7.9084353
7.926332
7.9384522
7.911535
7.9737043
7.9825177
7.995884
7.974385
8.026915
7.956471
8.104609
7.9472284
8.071262
8.001006
8.005409
7.976663
8.066346
8.088198
8.053705
8.025625
7.9954023
8.107648
8.072361
8.101848
7.998188
8.042221
7.978236
7.979559
7.9951534
8.0031
8.015862
7.9501996
8.071522
8.103022
8.092539
8.096933
8.108932
8.110274
8.108071
8.245994
8.237905
8.23852
8.26045
8.254368
8.266072
8.272649
8.261494
8.279915
8.251527
8.300951
8.355299
8.347089
8.350714
8.313873
8.350576
8.3200035
8.354036
8.310337
8.325331
8.316649
8.31763
8.333615
8.34209
8.332297
8.362809
8.358403
8.396654
8.312072
8.378996
8.421543
8.466304
8.535141
8.483924
8.503584
8.426231
8.351426
8.282145
8.374676
8.380855
8.467224
8.454279
8.487359
8.476196
8.493456
8.503544
8.480693
8.47465
8.468177
8.452555
8.457853
8.483739
8.48125
8.449881
8.479889
8.473784
8.449305
8.438095
8.433663
8.395825
8.3510475
8.297233
8.275705
8.277503
8.250799
8.337869
8.309261
8.382886
8.316448
8.382705
8.334611
8.399722
8.42348
8.37756
8.453175
8.412002
8.489709
8.389004
8.415703
8.380842
8.375886
8.365854
8.38017
8.375171
8.408759
8.415056
8.397673
8.437923
8.345153
8.278354
8.398348
8.329417
8.330011
8.255633
8.27444
8.245137
8.266265
8.288395
8.276453
8.305464
8.277049
8.25728
8.272485
8.2538
8.289537
8.284349
8.260347
8.232669
8.23316
8.373138
8.440336
8.514799
8.522314
8.478655
8.472463
8.5050335
8.431739
8.4634075
8.4529085
8.459425
8.469261
8.417664
8.461781
8.32764
8.38611
8.285411
8.274418
8.256131
8.259653
8.240879
8.246046
8.235367
8.22164
8.259059
8.204044
8.307553
8.18657
8.295073
8.194444
8.25997
8.227971
8.255522
8.214098
8.263312
8.18718
8.306012
8.170114
8.320065
8.267166
8.400259
8.256274
8.347903
8.271468
8.296323
8.281224
8.312687
8.298518
8.4240885
8.334822
8.376493
8.349459
8.488111
8.357451
8.4911585
8.359094
8.410154
8.239445
8.23494
8.044791
8.193404
8.124175
8.314512
8.406876
8.535482
8.44567
8.5516615
8.453594
8.556345
8.448171
8.552175
8.403635
8.384783
8.14642
8.185319
8.085979
8.161769
8.11945
8.241144
8.171581
8.347948
8.210196
8.363767
8.184143
8.221516
7.9752975
8.038946
8.013896
8.100606
7.942545
8.028815
7.947435
7.850633
7.9683642
8.009384
7.91852
7.9238753
7.9175515
7.970423
7.892842
8.012005
8.002459
8.048204
8.0036955
8.012583
7.9838004
8.130909
8.074692
8.167575
8.221139
8.201475
8.122094
8.079186
8.103344
8.1235695
8.085461
8.036478
8.121898
8.159683
8.157797
8.121775
8.091703
8.179125
8.242832
8.156995
8.2748785
7.913254
7.8610516
7.6440744
7.4781523
7.501589
7.3609304
7.0942636
7.124133
7.098245
7.0291514
7.026489
6.9688325
6.827386
6.662881
6.3310122
6.249212
6.390186
6.2112365
6.0578346
5.7936273
5.513898
5.2180243
5.2349424
5.0526667
4.852097
5.140885
4.675227
4.612759
5.010275
5.212359
5.757109
5.4743104
5.2522836
5.1220555
5.0553937
5.4953346
5.467797
5.425147
4.9733996
4.49401
4.8358192
5.337034
5.401098
5.0775003
5.3170924
4.785977
4.722516
4.969943
5.034969
4.992178
4.779152
3.9887528
4.3111534
4.3184576
3.996605
4.3032475
5.1479387
5.263195
6.155926
6.6343074
6.8254256
7.357352
7.033563
6.45477
6.0630965
5.4052625
5.1582837
5.0538816
6.357188
6.9904165
7.989189
7.513754
6.8259907
7.2497177
5.900289
6.7271194
6.665563
7.3600554
7.376015
6.8887
6.9654565
7.205664
6.6462092
6.8273077
7.137639
7.6894765
8.0483885
7.7374516
7.792309
7.8214426
7.608074
6.493405
7.301563
7.5671844
7.467966
7.619912
7.240997
6.8632965
5.984118
4.644929
3.6776009
4.219532
3.6134973
3.0309167
3.648062
3.4520729
3.3242517
3.3541253
3.2945225
3.387315
3.573556
3.7131062
3.5840566
3.3743172
3.6686647
3.5683377
3.5547152
3.9489086
4.062732
3.9283104
4.0456824
4.148883
4.170161
3.8991756
3.6154785
3.62923
3.3403416
3.2625506
3.2375104
3.2724056
3.1736755
3.3029952
3.1983166
3.2150266
3.398876
3.4723918
3.5774107
3.5405633
3.121225
3.0881217
2.7676842
2.8526912
2.959129
2.812949
2.722278
2.7622669
2.7523599
2.8410628
2.7876296
2.9428606
3.1840217
2.9750285
2.3071053
2.1274686
2.477
2.6783173
2.8426762
2.7233443
2.9381166
2.8024302
2.9682357
3.4153109
3.7922924
4.0232353
4.098068
4.0369086
3.9358284
3.6034396
3.383693
3.4549859
3.3814745
3.3771858
3.310469
3.4037998
3.1975868
3.3503056
3.4532964
3.51623
3.7394207
3.693871
3.8435645
3.8548572
3.7536497
4.0171766
3.913542
3.5040033
3.4205947
3.3958595
3.4166777
3.1682036
3.1463532
3.2797024
3.1756084
3.1108332
3.1386793
3.1048856
3.1113844
3.1552265
3.1287603
3.1446757
3.183272
3.0976279
3.1943977
3.1216178
3.1185744
3.1674204
3.0341516
3.2486224
3.1963873
3.1537943
3.0633717
3.0777755
3.2616878
3.0783837
3.102233
2.9753199
3.0015383
2.9002774
3.0798092
2.9332461
3.0079796
2.9293134
2.87148
2.8823822
3.0053215
2.882091
2.6542788
2.7339385
2.8726225
3.134625
2.7384987
2.616046
2.7013495
2.9417298
2.7733305
4.4287653
3.3061302
2.1794667
2.1282363
2.44869
2.9046643
2.8722985
3.028962
2.4568222
2.4367163
2.8490934
2.8342996
2.489671
2.3109684
2.3663118
2.5409708
2.684104
2.8698864
3.1025634
3.2666266
3.153934
3.0298567
2.763899
2.246366
2.067097
2.1663847
2.0170174
2.302092
2.0941467
2.2368076
2.2364056
2.1276548
2.207026
2.137439
2.1984522
2.120112
2.1277187
2.2737918
2.2548692
2.229824
2.149013
2.0349789
1.9183294
1.8912927
1.7611129
1.7984915
1.963075
1.9607873
2.0146675
2.0671027
2.010302
2.0495434
2.0788527
2.2204201
2.230265
2.2769196
2.1503525
2.2269197
2.3608415
2.3632941
2.4358566
2.4551876
2.4634686
2.5048006
2.3574214
2.5446186
2.4099555
2.423163
2.4740498
2.484041
2.4137251
2.4961019
2.445573
2.4482865
2.4889119
2.340785
2.4513955
2.368101
2.3794324
2.2784433
2.3143957
2.164638
2.2345412
2.1391819
2.2060986
2.0461802
2.0968587
2.0457392
2.0230365
2.0390763
2.047409
1.9907099
1.9643846
1.9749001
1.8290677
1.9017062
1.8078191
1.843669
1.8920928
2.004589
2.1636572
2.141181
2.1002693
2.0743082
2.0393314
2.0285847
2.0597606
2.0051594
2.0688264
2.0295196
2.1216502
2.0544896
2.0275767
1.9901019
1.9433876
1.9664356
1.9429452
1.9589627
1.9961193
1.9803929
1.9421887
1.8964013
1.9761308
1.931242
1.9536495
1.9163458
1.9864587
2.0246072
1.9835901
1.9888587
1.9373626
1.9412078
1.9701173
1.9356796
1.9537925
1.9579467
1.9703807
1.9280417
1.9624913
1.990703
1.9132526
2.006167
1.961819
1.9554318
1.9467621
1.9832872
1.9435735
1.9616795
1.9373419
1.969585
1.9259015
1.9842818
1.9597524
1.9940987
1.922719
1.9534073
2.0143647
1.9463664
1.9867966
1.8930737
1.9198534
1.8824153
1.9884794
1.9378446
1.9967973
1.9278417
1.9829264
1.9155757
1.9978
1.9446903
1.9878483
1.9950447
2.0437255
1.9478359
1.9479796
2.0354433
2.0428016
1.9681088
1.9864181
2.046231
2.0466335
2.0239375
2.0545578
2.0355835
2.1039743
2.0370467
2.1424346
2.1067326
2.1630042
2.0534372
2.2019587
2.1275241
2.1713085
2.2609925
2.216501
2.2573376
2.313551
2.2662475
2.301585
2.2603097
2.2931962
2.1805234
2.3020537
2.3446028
2.2273743
2.306983
2.3522613
2.3497767
2.3132546
2.297067
2.2875848
2.2033968
2.304668
2.298459
2.3022265
2.2665725
2.3162656
2.2993279
2.318136
2.387227
2.2386522
2.3443184
2.377208
2.3295796
2.212509
2.4382086
2.4216213
2.5238633
2.4250283
2.5124185
2.4915779
2.427692
2.3693247
2.342883
2.312706
2.3394046
2.2221737
2.2308145
2.2091458
2.3133016
2.145661
2.2407615
2.166224
2.2658517
2.265961
2.1248856
2.176621
2.0747724
2.2531984
2.0502489
2.15593
2.2808678
2.3304288
2.65289
2.6527026
2.746956
2.9825468
3.1681085
3.2172434
3.0845752
3.3466692
3.394906
3.3532586
3.283435
3.1732497
3.4227815
3.7732744
3.832747
3.193655
2.9637752
2.7677288
2.6727114
2.4881866
2.2912643
3.5363574
4.428251
4.4372683
4.20687
4.0996633
3.4422727
3.2077441
3.3919723
3.37467
3.1424692
3.217228
3.205216
3.3087525
3.2676907
3.0861814
3.0636575
3.0669112
3.0782413
3.0655987
3.0559697
3.047368
3.0281317
2.9780045
2.8239038
2.848137
2.8315153
2.9166715
2.8684971
2.9642658
5.8597803
6.0320797
5.888299
5.816601
5.6724315
5.7191534
5.709015
5.5980396
5.5749326
5.603052
5.6337075
5.646018
5.8087506
5.959475
5.937298
6.0736494
6.246482
6.2565513
6.0251923
6.067324
5.597557
5.560965
5.6662455
5.6246085
5.292413
5.138751
4.9261866
5.0762196
5.088187
5.343681
5.4210787
5.4678164
5.4902687
5.485745
5.5629725
5.6615286
5.7710147
5.895164
5.9934373
6.0786777
6.3539076
6.5312595
6.4239054
6.3738146
6.35879
6.3864555
6.1966696
6.076464
6.071086
6.0479484
6.190406
6.2493744
6.4802628
6.517565
6.588728
6.6014028
6.831856
6.849723
6.901275
6.779063
6.968672
6.798862
6.8642464
6.7431574
6.645941
6.472551
6.5112576
6.556652
6.4698915
6.439539
6.538724
6.6171417
6.624358
6.461613
6.4088387
6.3320837
6.05066
5.9353523
5.830772
5.9187517
5.916109
5.9012713
5.951912
5.9350986
5.9000883
5.8699408
5.8741617
5.9312277
5.9205227
5.8147454
5.845436
5.904189
5.8631883
5.888401
5.9907265
5.85512
5.9704247
5.912086
5.9705763
5.9142237
5.9394083
5.9160714
5.96094
5.955383
5.921776
5.985654
5.9775696
5.946423
6.0106716
6.033377
6.1124654
6.1556253
6.136364
6.0237784
6.0023274
6.0763507
6.253519
6.304772
6.5104427
6.541732
6.6817904
6.7314777
6.6231384
6.682057
6.8112164
6.9090204
7.068433
7.0954037
7.0954156
7.042548
6.9861746
7.0278406
7.2127476
7.1511207
7.0198274
7.045089
6.9725795
6.947328
6.9460864
6.8819604
6.9656177
6.9309134
6.9573236
6.9730268
6.9864798
6.903387
6.9170628
6.921083
6.892153
6.9221406
6.8553395
6.9611707
6.835839
7.0173965
6.8891134
6.983732
6.9126163
6.970317
6.9270663
6.9424143
6.9220138
6.9827485
6.9792647
6.9950237
6.9158955
6.9797564
6.9141216
6.977589
6.898342
6.947436
6.8681393
6.980351
6.8657837
6.934351
6.9527583
6.907898
6.974736
6.9740715
6.984376
6.9163423
6.9991803
7.0630174
7.0470343
7.1328015
6.9741063
7.023678
6.7641
6.7299194
6.73252
6.8829308
6.7490234
6.8586836
6.712363
6.88446
6.681463
6.9296694
6.806887
6.989708
6.8857203
7.0095763
6.998047
7.04529
7.0609975
7.1598983
7.063598
6.932189
6.9086037
6.8364305
6.8446407
6.8878407
6.9525375
6.4732637
6.2804613
5.768518
5.4297013
6.040754
6.4442997
5.968719
6.012704
6.6717854
5.3194075
6.194785
6.428602
6.450097
6.6387835
6.66201
6.4018655
6.461162
6.8259373
6.722125
6.6036425
6.465315
6.478236
6.4261026
6.510736
6.7097635
6.6105404
6.9229136
6.9507236
6.8441777
6.9401317
6.8985033
6.819638
6.874408
6.7545786
6.786585
6.7605643
6.842631
6.751455
6.7983007
6.7369347
6.824445
6.667126
6.6863093
6.744936
6.841785
6.6596127
6.86372
6.590713
6.6340647
6.5442867
6.697876
6.5161495
6.2558637
6.28021
6.222979
6.2179966
6.1189766
6.192539
6.373142
6.682253
6.6290655
6.541163
6.480295
6.5415154
6.4937425
6.424259
6.4288616
6.4742975
6.7528834
6.6771092
6.8082376
6.68908
6.7358966
6.7820673
6.872142
7.0957828
6.980899
6.416042
6.0585575
5.242959
3.787879
2.940294
2.456407
2.5278413
2.4636397
2.6443648
2.5776825
2.9038842
3.6938915
3.691513
1.6050159
1.7209125
2.146735
2.9228659
2.9099436
3.9628425
3.9135263
3.0762901
3.1363728
3.516904
3.199708
1.7866474
2.1693833
1.9243908
1.7473549
1.2501158
1.1075941
1.2164118
1.202477
1.2164876
1.2499378
1.4021602
1.4413155
1.6194754
1.5929347
1.6656803
1.9751978
2.0450733
2.0557685
2.2361553
2.0359585
2.0231209
2.041365
1.9620873
2.0104942
1.9464406
1.9262584
2.0335503
2.137982
1.9865218
1.930272
1.8618449
1.8791196
1.8992469
1.8753117
1.8438944
1.7658414
1.6453161
1.6457417
1.7079414
1.6160634
1.6635683
1.5916716
1.579975
1.5772303
1.6147971
1.568467
1.5103713
1.6227822
1.5315166
1.5024137
1.6283176
1.5568577
1.5646333
1.6111735
1.5737145
1.3992211
1.4509727
1.4263403
1.4237814
1.3823721
1.4149128
1.4331012
1.3615808
1.3418204
1.318591
1.3873512
1.2665461
1.4376756
1.2989032
1.4636352
1.3341295
1.3875651
1.4875546
1.546848
1.5590166
1.5766008
1.5988171
1.6177827
1.7592541
1.6093365
1.7490029
1.6546898
1.6824939
1.7097251
1.6852176
1.6592559
1.6930795
1.6853101
1.6297708
1.803639
1.6734089
1.6475805
1.6634725
1.6807189
1.7142586
1.6547261
1.7603456
1.66011
1.719845
1.6180757
1.513868
1.4710217
1.4400676
1.3458271
1.3655456
1.2923625
1.4443321
1.3179908
1.3260124
1.3984985
1.2925503
1.2594967
1.340818
1.2312162
1.2852722
1.4057579
1.4135185
1.6421577
1.60628
1.6142449
1.6593275
1.6373107
1.7746652
1.7413443
1.8470263
1.7790323
1.7552145
1.6390772
1.5351127
1.7462162
1.7146827
1.6251005
1.5138322
1.5423079
1.4614992
1.489723
1.6134017
1.6048989
1.6166916
1.4573888
1.4677926
4.1517506
4.1757298
4.383616
4.4825516
4.7208548
4.8841767
5.016044
5.087917
5.0904803
5.0506454
5.1729355
4.983707
5.1242657
5.05069
5.1041293
4.982957
4.9909835
4.8614583
4.986015
4.8790517
5.000852
4.912263
5.003368
5.201502
4.9895535
5.076814
4.96102
4.9769597
4.9576154
4.9855556
4.848901
5.054485
4.7939696
4.957786
4.885382
5.0257025
4.8433485
4.9348836
4.787239
4.9931965
4.91343
4.8996105
5.0379457
5.000848
5.0865245
5.0429597
5.0567484
5.1427636
5.052335
5.111562
5.069477
5.1619644
5.125062
5.13459
5.10232
5.185231
5.014652
5.1748266
4.866752
4.99745
4.922878
5.022957
4.871983
5.019027
4.7257037
4.994444
4.839392
4.9959793
4.724938
4.803747
4.640248
4.792109
4.7470465
4.803867
4.8553305
4.8680873
4.89561
4.7509894
4.9331946
4.926711
5.174821
4.9488726
5.1082425
4.9758
4.89963
5.000122
4.8655963
5.169119
5.201678
5.0752206
5.123129
4.9640007
4.973625
5.0705576
5.0068693
5.0784817
4.959775
4.8011036
4.5792274
4.40222
4.0653405
3.6204891
3.2074819
3.1857648
3.302946
3.9272006
3.8715658
3.3631861
3.0426252
2.6252306
2.9265428
3.9687598
2.8235602
2.7573612
2.50334
2.557754
4.6362734
4.8766265
5.0053387
5.1282873
5.0496254
4.5452228
4.6454654
4.629645
4.7664948
4.663741
4.8505874
4.749383
4.8420486
4.730246
4.748594
4.7996836
4.8370023
4.7187777
4.758511
4.591972
4.738233
4.6126285
4.6929917
4.518687
4.692232
4.62385
4.5663066
4.5670724
4.380254
4.559686
4.5192122
4.5879235
4.4308534
4.707438
4.9084377
4.955121
4.6357393
3.3700595
0.5686714
1.4036938
1.4908402
1.3552899
1.5619363
1.6748748
1.8420696
1.8846747
1.223605
1.7762705
1.8908658
2.825315
2.2770166
1.5667735
2.4327161
2.836618
3.3911157
3.8060775
3.9005399
4.48288
3.463614
1.5897125
1.0214325
