934.0,383.0,108.0,77.0
954.6849,385.54025,108.0,77.0
968.11194,385.90314,108.0,77.0
978.63586,385.54025,108.0,77.0
992.7887,388.0805,108.0,77.0
1008.39307,390.62076,108.0,77.0
1023.99744,395.33838,108.0,77.0
1038.8761,400.056,108.0,77.0
1051.5774,404.04782,108.0,77.0
1062.827,408.03964,108.0,77.0
1072.6251,411.30566,108.0,77.0
1080.9717,415.2975,108.0,77.0
1087.1409,418.5635,108.0,77.0
1092.5842,421.10376,108.0,77.0
1096.576,423.644,108.0,77.0
1099.842,426.18427,108.0,77.0
1100.9307,427.99872,108.0,77.0
1101.2936,430.53897,108.0,77.0
1100.9307,432.35342,108.0,77.0
1098.3904,433.4421,108.0,77.0
1095.8501,434.5308,108.0,77.0
1091.1324,436.34525,108.0,77.0
1087.1406,436.70813,108.0,77.0
1081.6973,438.52258,108.0,77.0
1076.2539,439.61127,108.0,77.0
1071.5363,439.97415,108.0,77.0
1065.3671,441.7886,108.0,77.0
1059.9237,442.8773,108.0,77.0
1053.0287,443.96597,108.0,77.0
1046.8595,445.78043,108.0,77.0
1039.9645,446.8691,108.0,77.0
1033.7953,447.9578,108.0,77.0
1026.9003,449.04648,108.0,77.0
1020.00525,449.40936,108.0,77.0
1013.1102,451.22382,108.0,77.0
1006.94104,453.03827,108.0,77.0
1000.046,454.85272,108.0,77.0
993.151,456.66718,108.0,77.0
986.256,458.48163,108.0,77.0
979.36096,460.29608,108.0,77.0
972.46594,461.38477,108.0,77.0
966.29675,463.19922,108.0,77.0
959.4018,465.01367,108.0,77.0
952.50684,466.10236,108.0,77.0
945.6119,467.9168,108.0,77.0
939.4427,470.45706,108.0,77.0
933.2735,472.2715,108.0,77.0
927.1043,474.08594,108.0,77.0
920.9351,476.62622,108.0,77.0
914.7659,479.16644,108.0,77.0
909.3225,480.9809,108.0,77.0
903.8791,483.52112,108.0,77.0
898.43567,485.33557,108.0,77.0
892.99225,487.15002,108.0,77.0
887.5488,488.96448,108.0,77.0
882.1054,491.5047,108.0,77.0
877.3878,493.31915,108.0,77.0
872.6702,495.1336,108.0,77.0
866.50104,496.94806,108.0,77.0
861.78345,499.48828,108.0,77.0
857.7916,500.57697,108.0,77.0
853.07404,502.39142,108.0,77.0
850.5338,503.4801,108.0,77.0
845.8162,505.29456,108.0,77.0
843.276,505.65747,108.0,77.0
840.7358,506.74615,108.0,77.0
837.4697,507.83484,108.0,77.0
836.38104,508.19775,108.0,77.0
835.29236,507.83484,108.0,77.0
834.92944,508.92352,108.0,77.0
834.5665,509.28644,108.0,77.0
834.92944,508.19775,108.0,77.0
836.7439,508.56067,108.0,77.0
837.8326,508.92358,108.0,77.0
840.3728,508.56067,108.0,77.0
842.913,507.472,108.0,77.0
844.7275,507.10907,108.0,77.0
846.54193,505.29462,108.0,77.0
847.6306,504.9317,108.0,77.0
849.44507,503.84302,108.0,77.0
851.2595,502.75433,108.0,77.0
852.3482,501.66565,108.0,77.0
853.4369,499.8512,108.0,77.0
853.7998,498.7625,108.0,77.0
852.7111,496.2223,108.0,77.0
853.07404,494.40784,108.0,77.0
852.7111,492.59338,108.0,77.0
851.62244,491.5047,108.0,77.0
850.53375,488.96448,108.0,77.0
849.44507,487.8758,108.0,77.0
849.08215,486.06134,108.0,77.0
847.2677,482.7953,108.0,77.0
846.9048,482.43237,108.0,77.0
844.36456,479.89215,108.0,77.0
843.2759,478.80347,108.0,77.0
841.4614,476.26324,108.0,77.0
839.647,473.723,108.0,77.0
837.8325,473.3601,108.0,77.0
836.01807,470.0941,108.0,77.0
834.9294,468.27963,108.0,77.0
833.8407,466.46518,108.0,77.0
832.752,464.65073,108.0,77.0
831.6633,462.83627,108.0,77.0
831.3004,461.7476,108.0,77.0
831.6633,459.20734,108.0,77.0
830.57465,456.66708,108.0,77.0
830.93756,454.85263,108.0,77.0
831.3005,453.03818,108.0,77.0
833.1149,450.49792,108.0,77.0
833.47784,448.68347,108.0,77.0
834.5665,446.86902,108.0,77.0
834.92944,444.32877,108.0,77.0
837.46967,441.7885,108.0,77.0
839.2841,439.97406,108.0,77.0
841.0986,437.4338,108.0,77.0
842.913,434.89355,108.0,77.0
844.7275,432.3533,108.0,77.0
846.54193,429.81305,108.0,77.0
847.6306,427.9986,108.0,77.0
849.44507,425.45834,108.0,77.0
851.9853,422.9181,108.0,77.0
852.3482,420.37784,108.0,77.0
853.4369,417.8376,108.0,77.0
854.5256,416.7489,108.0,77.0
853.4369,414.20865,108.0,77.0
855.25134,411.6684,108.0,77.0
854.8884,410.5797,108.0,77.0
854.5255,408.76526,108.0,77.0
854.1626,407.67657,108.0,77.0
854.5255,405.86212,108.0,77.0
853.4368,404.04767,108.0,77.0
853.79974,402.23322,108.0,77.0
852.71106,401.14453,108.0,77.0
851.6224,399.33008,108.0,77.0
850.5337,398.2414,108.0,77.0
850.1708,397.1527,108.0,77.0
849.80786,396.06403,108.0,77.0
848.7192,394.97534,108.0,77.0
848.35626,395.33823,108.0,77.0
847.99335,392.79797,108.0,77.0
847.63043,393.16086,108.0,77.0
845.816,390.6206,108.0,77.0
846.1789,391.7093,108.0,77.0
845.0902,389.89484,108.0,77.0
844.0015,389.53195,108.0,77.0
842.91284,387.7175,108.0,77.0
842.5499,387.3546,108.0,77.0
840.7355,386.26593,108.0,77.0
840.37256,385.17725,108.0,77.0
840.00964,384.08856,108.0,77.0
838.1952,382.99988,108.0,77.0
837.8323,383.36276,108.0,77.0
836.0178,380.8225,108.0,77.0
835.6549,380.45963,108.0,77.0
833.84045,378.64517,108.0,77.0
833.47754,377.5565,108.0,77.0
833.84045,376.4678,108.0,77.0
832.026,374.65335,108.0,77.0
832.3889,373.56467,108.0,77.0
832.75183,371.7502,108.0,77.0
832.3889,370.66153,108.0,77.0
833.4776,369.57285,108.0,77.0
833.8405,367.7584,108.0,77.0
834.2034,366.6697,108.0,77.0
834.1382,363.1824,110.3895,78.70363
835.251,361.3278,110.3895,78.70363
835.18427,360.0723,112.83187,80.44495
835.90283,357.21564,115.32828,82.22479
837.44135,356.70807,117.87991,84.044014
841.00616,353.93542,117.87991,84.044014
843.7788,354.3315,117.87991,84.044014
847.3436,353.14325,117.87991,84.044014
851.7006,352.74716,117.87991,84.044014
855.26544,351.5589,117.87991,84.044014
859.62244,350.37064,117.87991,84.044014
862.01685,349.85184,120.48801,85.90349
867.27997,349.447,120.48801,85.90349
872.2476,348.91675,123.1538,87.8041
880.11005,347.67532,123.1538,87.8041
888.62225,347.99197,125.87858,89.746765
897.32275,345.68265,128.66364,91.732414
908.907,342.42517,131.51031,93.76199
927.166,344.59717,134.41998,95.83648
946.7662,342.13116,137.39403,97.95686
967.75793,343.44238,140.43387,100.12416
989.2141,340.86603,143.54097,102.33941
1011.14514,337.23187,146.71681,104.60367
1012.07947,330.44852,149.96292,106.91802
1004.66974,320.37833,153.28085,109.283585
1023.8139,312.22275,156.6722,111.701485
1035.7351,313.71796,160.13857,114.17288
1036.7549,316.36273,163.68163,116.69896
1038.9385,319.06604,167.30309,119.28092
1101.8271,322.99567,171.00467,121.92001
1108.8776,328.2045,174.78815,124.61749
1101.46,334.74725,178.65533,127.37466
1092.6326,336.45224,182.60808,130.19283
1083.61,331.82898,186.64828,133.07335
1076.9904,336.21298,190.77788,136.0176
1070.2244,334.0432,194.99884,139.02698
1063.3086,337.26376,199.31319,142.10295
1054.8503,334.99695,203.72299,145.24698
1044.7843,336.94116,208.23036,148.46057
1034.4957,336.02475,212.83746,151.74525
1023.97943,338.05597,217.5465,155.10262
1011.7137,332.5482,222.35971,158.53426
1004.9893,337.77826,222.35971,158.53426
996.77057,335.5368,222.35971,158.53426
984.23346,336.10855,227.27942,162.04182
977.3603,335.34488,227.27942,162.04182
966.13043,334.3446,232.30798,165.627
956.27185,330.0828,237.4478,169.29149
950.6869,330.88065,237.4478,169.29149
945.1019,326.8914,237.4478,169.29149
939.51697,327.68924,237.4478,169.29149
933.932,326.8914,237.4478,169.29149
928.34705,322.90213,237.4478,169.29149
919.92584,320.2016,242.70134,173.03706
912.58624,317.7551,242.70134,173.03706
908.5087,320.2016,242.70134,173.03706
902.8002,316.12408,242.70134,173.03706
900.35364,313.67758,242.70134,173.03706
896.2761,314.49307,242.70134,173.03706
893.8296,312.04657,242.70134,173.03706
893.0141,309.60007,242.70134,173.03706
890.56757,308.78458,242.70134,173.03706
888.12103,306.33807,242.70134,173.03706
888.9365,303.89157,242.70134,173.03706
884.859,301.44507,242.70134,173.03706
885.6745,298.99857,242.70134,173.03706
881.597,294.92105,242.70134,173.03706
885.6745,294.10556,242.70134,173.03706
879.96594,288.39703,242.70134,173.03706
884.04346,287.58154,242.70134,173.03706
878.3349,283.50403,242.70134,173.03706
879.1504,279.4265,242.70134,173.03706
876.70386,276.98,242.70134,173.03706
879.1504,274.5335,242.70134,173.03706
873.44183,268.82498,242.70134,173.03706
880.7814,268.0095,242.70134,173.03706
875.0728,263.93198,242.70134,173.03706
879.1503,261.48547,242.70134,173.03706
875.6194,257.03296,248.0711,176.86551
874.78577,254.53233,248.0711,176.86551
877.2865,252.0317,248.0711,176.86551
876.4529,251.19814,248.0711,176.86551
877.2865,247.03038,248.0711,176.86551
878.12,247.86394,248.0711,176.86551
875.6194,243.69618,248.0711,176.86551
879.7871,244.52974,248.0711,176.86551
875.6194,240.36198,248.0711,176.86551
881.4542,239.52843,248.0711,176.86551
878.9535,238.69487,248.0711,176.86551
878.80365,234.14388,253.55968,180.77866
879.65564,234.99586,253.55968,180.77866
878.80365,232.4399,253.55968,180.77866
879.65564,231.5879,253.55968,180.77866
880.5076,230.73592,253.55968,180.77866
881.3596,229.88393,253.55968,180.77866
880.5076,229.03194,253.55968,180.77866
880.35443,227.91602,259.16968,184.77838
879.4836,225.3035,259.16968,184.77838
882.0961,226.17435,259.16968,184.77838
879.4836,225.3035,259.16968,184.77838
882.0961,226.17435,259.16968,184.77838
881.2253,225.3035,259.16968,184.77838
882.0961,226.17435,259.16968,184.77838
882.967,225.3035,259.16968,184.77838
882.0961,226.17435,259.16968,184.77838
882.967,227.0452,259.16968,184.77838
883.8378,227.91605,259.16968,184.77838
886.4504,228.7869,259.16968,184.77838
883.8378,226.17438,259.16968,184.77838
886.4504,228.7869,259.16968,184.77838
887.3212,227.91605,259.16968,184.77838
886.4504,230.52856,259.16968,184.77838
887.3212,229.65771,259.16968,184.77838
888.1921,232.27023,259.16968,184.77838
887.3212,229.65771,259.16968,184.77838
889.9338,234.01193,259.16968,184.77838
885.5796,231.39941,259.16968,184.77838
889.9338,235.75363,259.16968,184.77838
887.3212,233.14111,259.16968,184.77838
889.9338,237.49533,259.16968,184.77838
887.3212,234.88281,259.16968,184.77838
889.9338,239.23703,259.16968,184.77838
887.3212,236.62451,259.16968,184.77838
891.6754,240.97873,259.16968,184.77838
889.06287,238.36621,259.16968,184.77838
889.9337,242.72043,259.16968,184.77838
887.32117,240.10791,259.16968,184.77838
889.9337,246.2038,259.16968,184.77838
885.5795,240.10791,259.16968,184.77838
888.1921,246.2038,259.16968,184.77838
885.5795,241.84958,259.16968,184.77838
888.1921,246.2038,259.16968,184.77838
885.5795,243.59128,259.16968,184.77838
886.4504,246.2038,259.16968,184.77838
883.8378,241.84958,259.16968,184.77838
886.4504,246.2038,259.16968,184.77838
882.0962,241.84958,259.16968,184.77838
884.70874,244.4621,259.16968,184.77838
882.0962,240.10788,259.16968,184.77838
882.96704,242.7204,259.16968,184.77838
880.3545,238.36618,259.16968,184.77838
881.22534,237.49533,259.16968,184.77838
878.6128,236.62448,259.16968,184.77838
879.48364,235.75363,259.16968,184.77838
878.6128,234.88278,259.16968,184.77838
877.74194,234.01193,259.16968,184.77838
876.8711,231.39941,259.16968,184.77838
877.74194,230.52856,259.16968,184.77838
875.1294,227.91605,259.16968,184.77838
874.25854,228.7869,259.16968,184.77838
873.3877,226.17438,259.16968,184.77838
872.51685,225.30353,259.16968,184.77838
873.3877,224.43268,259.16968,184.77838
870.77515,221.82016,259.16968,184.77838
871.646,224.43268,259.16968,184.77838
869.03345,220.07846,259.16968,184.77838
869.9043,224.43268,259.16968,184.77838
870.77515,220.07846,259.16968,184.77838
869.9043,220.94931,259.16968,184.77838
869.03345,220.07846,259.16968,184.77838
866.4209,219.20761,259.16968,184.77838
869.03345,220.07846,259.16968,184.77838
864.67926,219.20761,259.16968,184.77838
867.2918,221.82013,259.16968,184.77838
864.67926,219.20761,259.16968,184.77838
865.5501,223.56183,259.16968,184.77838
862.93756,220.94931,259.16968,184.77838
863.8084,227.0452,259.16968,184.77838
864.67926,226.17435,259.16968,184.77838
862.0667,227.0452,259.16968,184.77838
862.93756,231.39941,259.16968,184.77838
860.325,230.52856,259.16968,184.77838
862.93756,236.62445,259.16968,184.77838
858.5834,235.7536,259.16968,184.77838
861.1959,241.84949,259.16968,184.77838
858.5834,244.462,259.16968,184.77838
857.7125,248.81622,259.16968,184.77838
856.8417,253.17044,259.16968,184.77838
854.2291,255.78296,259.16968,184.77838
853.3583,261.87885,259.16968,184.77838
852.4874,267.97473,259.16968,184.77838
849.8749,272.32895,259.16968,184.77838
850.7457,278.42484,259.16968,184.77838
848.1332,282.77905,259.16968,184.77838
845.5206,290.6166,259.16968,184.77838
844.6498,296.7125,259.16968,184.77838
843.77893,302.80838,259.16968,184.77838
842.9081,310.64594,259.16968,184.77838
840.29553,316.74182,259.16968,184.77838
837.683,324.57938,259.16968,184.77838
838.55383,332.41693,259.16968,184.77838
835.9413,340.2545,259.16968,184.77838
833.32874,346.35037,259.16968,184.77838
832.4579,354.18793,259.16968,184.77838
828.1037,360.2838,259.16968,184.77838
825.49115,366.3797,259.16968,184.77838
821.13696,372.4756,259.16968,184.77838
818.5244,378.57147,259.16968,184.77838
814.1702,382.9257,259.16968,184.77838
811.5577,389.02158,259.16968,184.77838
807.2035,391.6341,259.16968,184.77838
802.8493,395.9883,259.16968,184.77838
798.4951,400.34253,259.16968,184.77838
794.1409,404.69675,259.16968,184.77838
789.78674,407.30927,259.16968,184.77838
785.43256,409.92178,259.16968,184.77838
781.07837,414.276,259.16968,184.77838
773.2408,416.88852,259.16968,184.77838
768.8866,419.50104,259.16968,184.77838
764.5324,420.37192,259.16968,184.77838
760.1782,422.9844,259.16968,184.77838
755.82404,425.59695,259.16968,184.77838
753.2115,424.7261,259.16968,184.77838
748.8573,427.33865,259.16968,184.77838
746.24475,428.2095,259.16968,184.77838
741.89056,429.08035,259.16968,184.77838
739.278,431.6929,259.16968,184.77838
734.9238,427.3387,259.16968,184.77838
734.053,431.6929,259.16968,184.77838
729.6988,429.08035,259.16968,184.77838
728.82794,431.6929,259.16968,184.77838
726.2154,429.08035,259.16968,184.77838
723.60284,429.9512,259.16968,184.77838
720.9903,429.08035,259.16968,184.77838
718.37775,429.9512,259.16968,184.77838
717.5069,429.08035,259.16968,184.77838
714.89435,428.2095,259.16968,184.77838
714.0235,427.33865,259.16968,184.77838
711.41095,426.4678,259.16968,184.77838
710.5401,427.33865,259.16968,184.77838
707.92755,424.7261,259.16968,184.77838
707.0567,427.33865,259.16968,184.77838
706.18585,422.98447,259.16968,184.77838
705.315,425.59702,259.16968,184.77838
702.70245,422.98447,259.16968,184.77838
703.5733,423.85532,259.16968,184.77838
700.96075,421.24277,259.16968,184.77838
700.0899,422.11362,259.16968,184.77838
699.21906,419.5011,259.16968,184.77838
698.3482,422.11362,259.16968,184.77838
697.47736,417.7594,259.16968,184.77838
698.3482,422.11362,259.16968,184.77838
695.73566,416.01773,259.16968,184.77838
693.7721,418.49115,264.9038,188.86661
692.88196,414.0406,264.9038,188.86661
691.9918,418.49115,264.9038,188.86661
691.1017,412.26038,264.9038,188.86661
690.21155,416.71088,264.9038,188.86661
687.5412,412.26038,264.9038,188.86661
686.65106,414.93066,264.9038,188.86661
685.7609,412.26038,264.9038,188.86661
684.8708,413.15045,264.9038,188.86661
683.98065,408.69995,264.9038,188.86661
683.0905,413.15045,264.9038,188.86661
680.42017,406.91974,264.9038,188.86661
679.53,411.37024,264.9038,188.86661
676.8597,406.91974,264.9038,188.86661
675.96954,411.37024,264.9038,188.86661
675.0794,405.13953,264.9038,188.86661
672.40906,409.59003,264.9038,188.86661
671.5189,403.3593,264.9038,188.86661
670.6288,407.8098,264.9038,188.86661
669.73865,403.3593,264.9038,188.86661
668.8485,406.0296,264.9038,188.86661
667.9584,401.5791,264.9038,188.86661
668.8485,404.2494,264.9038,188.86661
664.39795,398.01868,264.9038,188.86661
663.5078,402.46918,264.9038,188.86661
660.83746,398.01868,264.9038,188.86661
658.1671,402.46918,264.9038,188.86661
655.49677,396.23846,264.9038,188.86661
654.6066,400.68896,264.9038,188.86661
651.9363,394.45825,264.9038,188.86661
651.04614,398.90875,264.9038,188.86661
650.156,394.45825,264.9038,188.86661
647.48566,397.12854,264.9038,188.86661
648.3758,390.89783,264.9038,188.86661
647.48566,395.34833,264.9038,188.86661
646.5955,389.1176,264.9038,188.86661
645.7054,393.5681,264.9038,188.86661
643.03503,387.3374,264.9038,188.86661
642.1449,391.7879,264.9038,188.86661
639.47455,387.3374,264.9038,188.86661
638.5844,390.0077,264.9038,188.86661
635.91406,385.5572,264.9038,188.86661
635.0239,388.22748,264.9038,188.86661
634.1338,383.77698,264.9038,188.86661
631.46344,388.22748,264.9038,188.86661
628.7931,380.2165,264.9038,188.86661
627.90295,386.44727,264.9038,188.86661
627.0128,380.2165,264.9038,188.86661
624.34247,384.66705,264.9038,188.86661
621.6721,378.43628,264.9038,188.86661
617.22156,381.10663,264.9038,188.86661
614.5512,374.87585,264.9038,188.86661
610.10065,379.32642,264.9038,188.86661
605.6501,371.31543,264.9038,188.86661
601.1995,375.76593,264.9038,188.86661
594.96875,371.31543,264.9038,188.86661
590.5182,373.98572,264.9038,188.86661
586.0676,369.53522,264.9038,188.86661
578.05664,372.2055,264.9038,188.86661
571.82587,365.9748,264.9038,188.86661
565.5951,370.4253,264.9038,188.86661
559.3643,364.19458,264.9038,188.86661
549.5731,365.08466,264.9038,188.86661
541.56213,362.41437,264.9038,188.86661
531.77094,363.30444,264.9038,188.86661
523.75995,360.63416,264.9038,188.86661
513.96875,361.52423,264.9038,188.86661
505.95776,358.85394,264.9038,188.86661
492.8689,359.53503,270.7648,193.04529
486.5003,353.1664,270.7648,193.04529
478.31207,355.8958,270.7648,193.04529
470.12384,354.98602,270.7648,193.04529
463.75525,352.25662,270.7648,193.04529
457.38666,354.98602,270.7648,193.04529
452.83765,348.6174,270.7648,193.04529
446.46906,353.1664,270.7648,193.04529
440.10046,346.7978,270.7648,193.04529
435.55145,351.3468,270.7648,193.04529
431.00244,344.97818,270.7648,193.04529
426.45343,347.70758,270.7648,193.04529
421.90442,344.97818,270.7648,193.04529
419.175,345.88797,270.7648,193.04529
416.44556,344.97818,270.7648,193.04529
415.53577,344.0684,270.7648,193.04529
412.80634,344.97818,270.7648,193.04529
410.0769,342.24878,270.7648,193.04529
405.5279,344.97818,270.7648,193.04529
404.6181,342.24878,270.7648,193.04529
403.7083,346.7978,270.7648,193.04529
402.79852,342.24878,270.7648,193.04529
401.88873,343.15857,270.7648,193.04529
404.61816,340.42917,270.7648,193.04529
398.24957,344.97818,270.7648,193.04529
400.979,342.24878,270.7648,193.04529
392.79077,344.97818,270.7648,193.04529
393.70056,347.70758,270.7648,193.04529
385.51233,344.97818,270.7648,193.04529
382.7829,345.88797,270.7648,193.04529
379.53152,347.06943,264.99066,188.92854
376.34952,344.79282,259.33966,184.89958
371.99246,345.6642,259.33966,184.89958
367.6354,341.30716,259.33966,184.89958
363.27835,342.17856,259.33966,184.89958
362.40695,339.56433,259.33966,184.89958
347.59296,342.17856,259.33966,184.89958
348.46436,339.56433,259.33966,184.89958
333.65036,342.17856,259.33966,184.89958
339.75024,346.5356,259.33966,184.89958
321.4506,350.89267,259.33966,184.89958
341.49307,356.99255,259.33966,184.89958
335.3932,357.86395,259.33966,184.89958
327.55048,358.73535,259.33966,184.89958
314.4793,357.86395,259.33966,184.89958
273.52295,350.02124,259.33966,184.89958
265.68024,347.407,259.33966,184.89958
270.0373,343.04996,259.33966,184.89958
255.2233,347.407,259.33966,184.89958
275.62677,340.13947,253.80916,180.95654
257.78296,346.17896,248.3966,177.0976
248.6019,338.66718,248.3966,177.0976
247.76724,344.50967,248.3966,177.0976
255.27902,340.33646,248.3966,177.0976
252.77509,346.17896,248.3966,177.0976
250.27115,333.65933,248.3966,177.0976
244.0705,337.9611,243.09947,173.32094
243.25366,333.87686,243.09947,173.32094
255.50632,326.52527,243.09947,173.32094
266.12527,328.9758,243.09947,173.32094
275.80325,331.61118,237.9153,169.62482
291.43906,328.02612,232.84169,166.00752
300.70862,321.50113,227.87627,162.46736
310.6626,325.3296,227.87627,162.46736
325.21072,319.96976,227.87627,162.46736
332.10196,311.54715,227.87627,162.46736
348.1815,298.5304,227.87627,162.46736
361.19824,293.17056,227.87627,162.46736
375.74637,301.59317,227.87627,162.46736
394.88864,306.953,227.87627,162.46736
409.8647,313.85144,223.01674,159.0027
422.60382,320.5957,223.01674,159.0027
427.84937,312.35272,223.01674,159.0027
430.09747,307.10718,223.01674,159.0027
444.3354,304.8591,223.01674,159.0027
443.586,314.60083,223.01674,159.0027
449.57532,325.68582,218.26083,155.61192
461.09198,315.3282,213.60635,152.29346
470.4226,308.8685,213.60635,152.29346
499.68042,318.10217,209.05113,149.04575
514.4316,321.61432,209.05113,149.04575
522.1584,322.31677,209.05113,149.04575
529.8852,325.82892,209.05113,149.04575
557.16504,319.97064,204.59305,145.8673
586.51355,320.86337,200.23004,142.75664
598.3757,330.8158,195.96008,139.71231
610.8862,339.3756,195.96008,139.71231
606.2771,329.4989,195.96008,139.71231
614.8369,318.30524,195.96008,139.71231
627.3475,320.28058,195.96008,139.71231
638.54114,328.84045,195.96008,139.71231
645.78406,336.08337,195.96008,139.71231
653.027,331.47424,195.96008,139.71231
658.953,326.8651,195.96008,139.71231
666.1959,336.74188,195.96008,139.71231
666.0776,327.68173,200.2957,142.80345
688.3007,332.3863,204.72725,145.96298
692.4593,331.4853,209.25684,149.19241
698.7874,339.21967,209.25684,149.19241
709.33435,335.70404,209.25684,149.19241
718.47504,330.78217,209.25684,149.19241
727.6157,330.07904,209.25684,149.19241
736.7564,336.40717,209.25684,149.19241
751.5221,338.51654,209.25684,149.19241
757.2317,331.75964,213.88664,152.4933
762.26245,335.35306,213.88664,152.4933
770.16797,341.82123,213.88664,152.4933
780.94824,336.79044,213.88664,152.4933
788.85376,336.07175,213.88664,152.4933
795.3219,338.2278,213.88664,152.4933
785.979,347.5707,213.88664,152.4933
789.57245,356.9136,213.88664,152.4933
793.917,363.42865,218.61888,155.86722
790.2441,365.6324,218.61888,155.86722
796.85535,361.95947,218.61888,155.86722
793.18243,352.40985,218.61888,155.86722
796.85535,357.55194,218.61888,155.86722
784.3674,355.3482,218.61888,155.86722
795.38617,353.1444,218.61888,155.86722
825.50415,350.94067,218.61888,155.86722
852.68384,354.6136,218.61888,155.86722
878.39435,371.50903,218.61888,155.86722
736.6194,361.9594,218.61888,155.86722
776.47626,355.833,213.95677,152.5433
784.3844,388.18445,213.95677,152.5433
813.8601,409.03314,213.95677,152.5433
840.5825,409.58325,218.69057,155.91832
872.18005,408.84842,218.69057,155.91832
900.83826,413.99222,218.69057,155.91832
928.15186,416.07928,223.5291,159.36801
957.3209,422.84616,218.76227,155.96944
985.868,420.96674,214.09709,152.64334
1012.4854,424.56366,214.09709,152.64334
1039.1028,428.16064,214.09709,152.64334
1051.7865,431.86838,209.5314,149.38817
1077.8363,436.79672,209.5314,149.38817
1013.76776,624.7782,209.5314,149.38817
1022.4066,616.5515,214.16728,152.69337
1049.0328,618.7104,214.16728,152.69337
1056.9487,620.86926,214.16728,152.69337
1069.6366,623.191,209.6001,149.43715
1097.1035,626.7124,209.6001,149.43715
1100.6249,628.82526,209.6001,149.43715
1097.1035,623.89526,209.6001,149.43715
1104.8506,628.82526,209.6001,149.43715
1107.7643,625.6669,205.13031,146.25035
1105.6965,633.2488,205.13031,146.25035
1109.1428,635.3166,205.13031,146.25035
1107.0751,636.00586,205.13031,146.25035
1106.3859,638.07367,205.13031,146.25035
1114.5522,634.98267,200.75584,143.13152
1109.8303,639.7046,200.75584,143.13152
1116.5222,639.28015,196.47467,140.0792
1120.5261,640.1375,192.28479,137.09196
1114.7112,642.0758,192.28479,137.09196
1116.6494,642.7219,192.28479,137.09196
1120.568,643.5609,188.18427,134.16844
1122.465,647.9872,188.18427,134.16844
1116.774,651.1488,188.18427,134.16844
1113.2954,656.84564,184.17117,131.30727
1102.7751,653.75146,184.17117,131.30727
1078.6405,656.84564,184.17117,131.30727
1051.3772,661.2281,180.24367,128.5071
1013.0204,660.8471,176.39992,125.76664
990.3353,662.7594,172.63814,123.084625
970.03235,664.49963,172.63814,123.084625
963.48645,667.4894,168.95657,120.45981
952.7823,672.63586,172.69473,123.124985
1086.8257,588.49603,172.69473,123.124985
1103.6537,586.7552,172.69473,123.124985
1121.6422,589.65656,172.69473,123.124985
1141.9406,592.64734,169.01196,120.499306
1172.7535,615.2798,165.40773,117.92962
1169.1938,590.33325,169.06738,120.53881
1154.9917,585.22046,169.06738,120.53881
1161.2406,584.65234,169.06738,120.53881
1158.7809,578.0144,172.808,123.205734
1158.9446,587.7231,169.12282,120.57834
1136.782,565.5604,169.12282,120.57834
1143.5149,546.58,165.51622,118.006966
1150.1041,544.0859,161.98654,115.49043
1063.1704,456.65637,158.53214,113.027565
1076.4875,459.31982,158.53214,113.027565
1097.2623,465.17938,158.53214,113.027565
1107.3834,467.84283,158.53214,113.027565
1117.5045,470.5063,158.53214,113.027565
1126.5602,474.2351,158.53214,113.027565
1134.5505,477.96393,158.53214,113.027565
1142.5409,479.562,158.53214,113.027565
1147.8253,480.25378,155.15138,110.61722
1150.432,482.8604,155.15138,110.61722
1151.996,486.5097,155.15138,110.61722
1156.1627,485.17676,151.84273,108.25827
1160.2406,487.80637,148.60463,105.94963
1161.7386,492.30032,148.60463,105.94963
1164.7671,487.17337,145.4356,103.69022
1164.2784,492.54886,145.4356,103.69022
1166.7218,494.01492,145.4356,103.69022
1165.2557,491.5715,145.4356,103.69022
1162.5673,494.09015,142.33414,101.479
1161.1324,494.56842,142.33414,101.479
1157.7847,490.2641,142.33414,101.479
1159.2195,494.56842,142.33414,101.479
1152.9006,485.97003,139.29881,99.314926
1144.9436,491.1187,139.29881,99.314926
1136.9866,496.2674,139.29881,99.314926
1144.6722,487.88455,142.3808,101.51227
1133.6664,495.19962,145.53098,103.758224
1099.9253,497.64462,145.53098,103.758224
1076.9423,500.08963,145.53098,103.758224
1053.9592,499.60062,145.53098,103.758224
1033.9102,495.19962,145.53098,103.758224
1012.88306,492.7546,145.53098,103.758224
992.834,492.2656,145.53098,103.758224
972.4526,489.59573,148.75085,106.05388
952.6572,488.94107,152.04196,108.40032
932.11975,482.7107,148.79962,106.08865
910.6205,481.21075,148.79962,106.08865
889.5571,478.9685,145.62642,103.82628
867.99976,474.88757,142.52089,101.61215
846.0524,471.27924,145.67416,103.86032
823.61957,468.6068,148.8972,106.15823
802.5425,463.46973,145.72192,103.89438
782.1343,462.8284,148.94601,106.19304
761.0503,456.72488,145.7697,103.928444
738.52747,452.63995,142.66112,101.712135
716.5586,450.02277,145.81749,103.96252
696.47003,447.57294,145.81749,103.96252
674.88434,441.59763,142.70789,101.74548
653.30615,438.24103,142.70789,101.74548
632.687,433.92538,142.70789,101.74548
609.19073,431.5278,142.70789,101.74548
587.61255,428.1712,142.70789,101.74548
565.0753,422.89655,142.70789,101.74548
541.57904,419.53995,142.70789,101.74548
518.08276,416.18335,142.70789,101.74548
491.41122,410.33545,139.6646,99.57573
465.0349,407.77325,142.75467,101.77884
440.20392,402.8481,139.71039,99.608376
406.8734,399.562,139.71039,99.608376
382.9318,397.21478,139.71039,99.608376
349.6013,391.11203,139.71039,99.608376
316.27078,387.82593,139.71039,99.608376
288.5736,381.72318,139.71039,99.608376
254.30423,377.49817,139.71039,99.608376
217.21817,374.21207,139.71039,99.608376
180.13213,368.1093,139.71039,99.608376
143.04608,367.63986,139.71039,99.608376
103.14337,364.35376,139.71039,99.608376
59.22467,356.92023,142.80148,101.81221
10.761833,351.6421,142.80148,101.81221
-7.602455,359.66498,139.7562,99.64104
-25.226353,319.0989,142.8483,101.8456
-0.746994,271.58017,142.8483,101.8456
-5.0668793,269.18024,142.8483,101.8456
17.75422,248.63208,146.00882,104.09893
-8.247955,242.25418,146.00882,104.09893
-35.822422,245.68364,149.23926,106.40212
-57.763783,237.7431,152.54118,108.75627
-72.44029,227.54004,149.2882,106.43701
11.331284,284.2238,149.2882,106.43701
3.8068924,289.74167,149.2882,106.43701
2.0142288,289.42606,146.10458,104.16721
-6.3647842,285.33176,142.98886,101.945816
-20.12223,288.73422,139.93958,99.77179
-2.644287,281.28848,143.03574,101.97924
-9.711666,269.6889,146.20041,104.235535
-14.896717,246.61987,149.43509,106.54175
-16.403076,238.08383,149.43509,106.54175
-10.879757,227.5393,149.43509,106.54175
-14.095726,227.92352,152.74133,108.89899
-13.582497,234.59549,152.74133,108.89899
-7.2850647,242.44289,156.12073,111.30838
-14.10466,250.31166,156.12073,111.30838
-9.3834,257.1313,156.12073,111.30838
-17.09731,259.70972,159.5749,113.77108
-11.778145,265.5741,156.17192,111.34488
-18.405712,268.15338,159.62723,113.80839
-22.390442,274.0197,156.22313,111.381386
-25.015083,268.2455,156.22313,111.381386
-20.290726,254.07246,156.22313,111.381386
-11.366943,246.19853,156.22313,111.381386
-18.191013,241.47417,156.22313,111.381386
-11.366943,244.0988,156.22313,111.381386
-20.290726,246.72343,156.22313,111.381386
-13.849747,247.12512,159.67957,113.845695
-10.606239,246.42238,163.21248,116.36453
-16.79483,247.13454,159.73192,113.883026
-9.095497,246.43156,163.26599,116.40269
-19.43911,244.5747,166.87825,118.978096
-14.885864,246.1673,170.57043,121.61049
-12.61039,250.17363,174.3443,124.301125
-18.793571,253.05304,178.20166,127.051285
-11.446434,254.7537,182.14438,129.86229
-19.532692,249.64943,178.2601,127.09293
-14.141914,253.84227,178.2601,127.09293
-23.126541,258.0351,178.2601,127.09293
-20.748482,264.70782,182.2041,129.90486
-22.936394,260.78207,178.31854,127.1346
-19.314278,269.94354,182.26384,129.94745
-13.07045,275.49536,186.29643,132.82254
-20.976425,275.97437,190.41824,135.76125
-13.125603,277.79163,194.63124,138.76497
-18.67125,281.0061,198.93745,141.83514
-10.469185,281.5176,203.33894,144.97325
-16.862175,278.45358,199.00269,141.88165
-14.207405,284.51526,203.40562,145.02078
-15.748482,286.45642,207.90598,148.22937
-17.323654,288.44055,212.50589,151.50894
-13.007103,288.98697,217.20758,154.86108
-21.24305,284.307,212.57556,151.55862
-14.814537,289.307,212.57556,151.55862
-16.425087,289.85358,217.2788,154.91187
-25.91616,283.28284,217.2788,154.91187
-16.957893,288.38626,222.08609,158.3393
-13.995178,287.40887,226.99974,161.84254
-19.661713,282.51794,222.1589,158.3912
-13.600136,286.18704,227.07417,161.89561
-20.739365,282.76538,222.23175,158.44315
-14.018837,280.5252,222.23175,158.44315
-22.232819,278.28503,222.23175,158.44315
-17.005745,282.01862,222.23175,158.44315
-20.238907,285.68896,227.14862,161.9487
-25.581635,278.8197,227.14862,161.9487
-19.48133,275.39688,222.30461,158.4951
-19.615631,280.61835,227.2231,162.0018
-24.960106,276.8009,227.2231,162.0018
-17.386002,274.84875,222.3775,158.54706
-15.969879,278.52145,227.2976,162.05492
-23.116135,269.20728,222.45042,158.59904
-16.388992,269.95474,222.45042,158.59904
-23.382843,265.16187,217.7066,155.21687
-10.946999,265.89337,217.7066,155.21687
-20.456764,263.69882,217.7066,155.21687
-12.410042,264.43033,217.7066,155.21687
-20.456764,257.84665,217.7066,155.21687
-13.873085,261.50424,217.7066,155.21687
-24.845886,259.3097,217.7066,155.21687
-14.352074,259.86945,222.52336,158.65105
-24.230942,255.07498,217.77798,155.26776
-16.18158,249.95267,217.77798,155.26776
-25.694458,244.83035,217.77798,155.26776
-13.2545395,247.02563,217.77798,155.26776
-20.101494,245.15465,213.1338,151.95663
-9.828102,239.75858,217.8494,155.31868
-22.272102,240.49057,217.8494,155.31868
-17.148102,236.83057,217.8494,155.31868
-15.760811,237.39069,222.66931,158.75511
-25.646156,228.26614,217.92082,155.36961
-16.127037,226.06943,217.92082,155.36961
-25.646156,219.47928,217.92082,155.36961
-15.142021,217.00081,222.74232,158.80716
-21.488647,214.46748,227.6705,162.32077
-19.19365,209.11247,227.6705,162.32077
-29.138649,200.69746,227.6705,162.32077
-21.54963,192.84268,222.81535,158.85924
-23.795685,189.09924,222.81535,158.85924
-20.052254,185.3558,222.81535,158.85924
-20.800941,183.10974,222.81535,158.85924
-23.046997,177.86896,222.81535,158.85924
-17.80619,174.12552,222.81535,158.85924
-27.69802,167.8815,218.06375,155.47151
-16.707214,168.61423,218.06375,155.47151
-27.69802,163.4852,218.06375,155.47151
-20.22779,164.04588,222.88841,158.91132
-28.679138,157.79982,218.13525,155.52249
-21.206459,159.88159,222.9615,158.96342
-13.568443,157.3458,227.89453,162.48048
-22.209602,153.91174,223.0346,159.01553
-14.569084,152.93016,227.96925,162.53375
-23.213081,148.01834,223.10774,159.06767
-17.9654,150.26736,223.10774,159.06767
-14.989067,152.39658,228.044,162.58705
-23.635895,146.00604,223.1809,159.11983
-12.3871765,143.75629,223.1809,159.11983
-19.403992,138.94766,218.4215,155.72655
-14.967285,145.60081,223.25407,159.172
-23.432495,140.79059,218.49312,155.7776
-13.888374,142.99307,218.49312,155.7776
-22.173058,138.28545,213.83368,152.4556
-15.706497,141.87798,213.83368,152.4556
-23.61007,136.84843,213.83368,152.4556
-14.269485,137.56694,213.83368,152.4556
-20.992424,134.34476,209.2736,149.20444
-12.364204,137.80106,213.90378,152.50558
-19.089348,134.57782,209.34221,149.25336
-13.377472,139.49484,213.9739,152.55559
-21.286232,135.89993,213.9739,152.55559
-16.253387,138.05688,213.9739,152.55559
-21.59475,133.4466,209.41084,149.30229
-12.960869,138.36523,214.04405,152.6056
-19.690422,136.5263,209.47949,149.35124
-14.76329,138.63794,209.47949,149.35124
-18.635597,135.48138,205.01228,146.16628
-11.612473,140.2967,209.54819,149.4002
-18.200684,137.13911,205.07951,146.2142
-14.034981,140.52615,209.6169,149.44919
-20.62535,137.36752,205.14676,146.26215
-13.597618,140.75566,209.68564,149.4982
-20.190147,137.59598,205.21404,146.3101
-11.729301,142.41605,209.7544,149.54721
-18.32399,139.25534,205.28133,146.35808
-12.722923,144.07697,209.82318,149.59625
-20.678864,142.27432,205.34863,146.40607
-12.212471,147.09755,209.89197,149.6453
-20.17102,145.29431,205.41595,146.45406
-11.701851,150.11911,209.96078,149.69435
-19.663017,148.31529,205.4833,146.50208
-11.191078,153.14168,210.02963,149.74344
-17.794418,149.97682,205.55069,146.55011
-13.619148,154.80478,210.0985,149.79253
-20.224655,151.63889,205.61809,146.59816
-15.388344,157.857,205.61809,146.59816
-20.521126,154.75864,201.23322,143.47191
-13.083282,160.84415,201.23322,143.47191
-21.873459,164.22498,201.23322,143.47191
-14.435616,164.90115,201.23322,143.47191
-23.225792,168.28198,201.23322,143.47191
-15.787949,170.31049,201.23322,143.47191
-20.81128,165.97473,196.94186,140.41232
-12.208557,171.93047,196.94186,140.41232
-22.13478,175.23921,196.94186,140.41232
-12.641869,178.49184,201.29921,143.51895
-20.274605,178.0663,197.00644,140.45837
-12.152153,181.32,201.3652,143.56601
-19.594872,186.05629,201.3652,143.56601
-11.292709,189.38197,205.8204,146.7424
-19.096886,188.94688,201.43123,143.61307
-12.196434,195.08252,205.8879,146.79051
-20.003159,197.31451,201.49727,143.66016
-11.695557,203.45218,205.9554,146.83864
-19.504845,201.68274,201.56334,143.70726
-12.599869,209.22775,206.02293,146.88678
-21.7462,212.79565,201.62944,143.75438
-13.433144,217.53152,206.09048,146.93495
-21.247551,218.43079,201.69554,143.80151
-12.93177,224.57448,206.15805,146.98312
-22.084099,228.14473,201.76167,143.84866
-13.270836,234.24623,201.76167,143.84866
-22.22799,235.12659,197.45905,140.78105
-14.086876,239.76453,201.82782,143.89583
-21.244774,245.91223,206.29326,147.07953
-13.619904,252.15076,206.29326,147.07953
-22.778236,253.0509,201.894,143.94301
-14.454277,259.20062,206.3609,147.12775
-26.242027,265.4412,206.3609,147.12775
-15.841072,268.90817,206.3609,147.12775
-13.088142,276.63278,210.92664,150.38295
-21.08593,277.5531,206.42856,147.176
-16.23056,283.79572,206.42856,147.176
-13.47673,288.64432,210.99579,150.43227
-22.843834,288.19827,206.49625,147.22426
-12.436058,293.05524,206.49625,147.22426
-21.603401,293.95627,202.09265,144.08466
-12.775681,298.70966,202.09265,144.08466
-21.74752,302.2095,197.78296,141.01201
-13.108055,305.53238,197.78296,141.01201
-23.169678,305.1143,193.56517,138.00488
-16.538689,309.66074,197.8478,141.05824
-13.8993225,315.68723,202.22517,144.17915
-22.877052,312.63995,197.91266,141.10449
-15.561943,315.965,197.91266,141.10449
-12.921715,321.99344,202.29147,144.22643
-21.90239,320.2555,197.97755,141.15076
-13.254425,323.58163,197.97755,141.15076
-22.043587,321.88074,193.75563,138.14067
-13.58004,325.13596,193.75563,138.14067
-19.100746,326.98508,198.04248,141.19704
-13.1117325,328.9814,198.04248,141.19704
-23.186562,325.9972,193.81917,138.18597
-16.546883,329.19824,198.10742,141.24333
-12.522804,331.08887,202.49055,144.36835
-20.200714,326.726,198.17238,141.28964
-12.876007,330.05542,198.17238,141.28964
-22.957443,325.7856,193.94629,138.2766
-13.182205,326.4373,193.94629,138.2766
-18.708336,328.2882,198.23735,141.33597
-12.713425,328.95435,198.23735,141.33597
-20.230064,323.39905,194.00987,138.32193
-13.059204,324.05096,194.00987,138.32193
-21.672218,319.87082,189.87256,135.37218
-10.826317,320.50882,189.87256,135.37218
-18.025787,317.6477,185.82347,132.48532
-12.406288,314.52576,185.82347,132.48532
-19.452232,310.52203,181.86073,129.66003
-9.06398,311.13312,181.86073,129.66003
-14.7816925,308.39273,177.9825,126.895
-7.4435883,311.33228,181.92036,129.70255
-14.167603,307.05334,181.92036,129.70255
-7.9355392,308.7895,185.94536,132.57222
-17.307518,303.1663,185.94536,132.57222
-9.185135,300.0423,185.94536,132.57222
-15.031258,296.03592,181.98001,129.74507
-10.065956,299.04144,186.00632,132.61568
-18.323654,293.82892,182.03967,129.78761
-12.818581,290.77054,182.03967,129.78761
-20.900185,286.84833,178.15762,127.01985
-13.80761,286.4717,174.35835,124.31111
-9.05027,288.13568,178.21603,127.06149
-18.032677,283.9439,178.21603,127.06149
-12.643234,282.1474,178.21603,127.06149
-15.236031,282.60565,182.15906,129.87273
-12.805962,277.9938,186.18933,132.74615
-18.65976,275.1882,182.21878,129.9153
-11.924713,277.02502,182.21878,129.9153
-14.575745,276.22305,186.25037,132.78967
-17.28543,276.70193,190.37115,135.72765
-19.204437,277.3416,190.37115,135.72765
-16.006088,275.4226,190.37115,135.72765
-21.763115,278.62094,190.37115,135.72765
-24.049095,272.05304,186.31143,132.8332
-21.563637,277.72812,190.43358,135.77214
-22.616867,276.09204,186.37253,132.87675
-15.728294,276.71826,186.37253,132.87675
-23.869331,271.08215,186.37253,132.87675
-15.728294,271.70837,186.37253,132.87675
-15.102058,266.07227,186.37253,132.87675
-19.485695,259.1837,186.37253,132.87675
-11.344658,253.54758,186.37253,132.87675
-21.990631,244.15408,186.37253,132.87675
-11.344658,241.02292,186.37253,132.87675
-20.738167,232.88187,186.37253,132.87675
-13.054146,226.86389,190.49602,135.81665
-2.543747,231.33826,194.71074,138.8216
-4.5065002,234.60953,194.71074,138.8216
-13.011765,237.8808,194.71074,138.8216
-0.58099365,233.30103,194.71074,138.8216
13.158279,230.02975,194.71074,138.8216
48.656403,235.92418,190.55847,135.86118
79.099556,228.44241,194.77458,138.86711
107.03959,231.81554,190.62096,135.90573
-35.79394,201.71162,190.62096,135.90573
-24.905289,192.10399,190.62096,135.90573
-6.413658,187.27786,194.83844,138.91264
8.411713,187.77887,199.14925,141.98608
23.565094,189.67943,203.55542,145.12753
58.447586,194.46721,203.55542,145.12753
81.032425,194.99057,208.05908,148.33849
104.10283,197.08789,208.05908,148.33849
120.182205,199.18521,208.05908,148.33849
140.4562,199.88431,208.05908,148.33849
156.53558,200.5834,208.05908,148.33849
174.01315,202.68073,208.05908,148.33849
187.29611,203.37982,208.05908,148.33849
203.37549,205.47714,208.05908,148.33849
215.26025,206.17624,208.05908,148.33849
229.94144,208.27356,208.05908,148.33849
241.8262,210.37088,208.05908,148.33849
253.71097,212.4682,208.05908,148.33849
264.1975,214.56552,208.05908,148.33849
274.68405,216.66284,208.05908,148.33849
285.1706,220.15836,208.05908,148.33849
298.84424,218.37088,203.62216,145.17513
307.73877,221.79184,203.62216,145.17513
315.26495,225.2128,203.62216,145.17513
324.1595,228.63376,203.62216,145.17513
330.3172,232.05472,203.62216,145.17513
337.84338,235.47568,203.62216,145.17513
340.55975,240.25833,208.1273,148.38713
362.32657,374.62946,203.68892,145.22273
368.48633,380.7892,203.68892,145.22273
376.01492,384.2113,203.68892,145.22273
383.54352,384.89572,203.68892,145.22273
391.65253,391.06195,199.34518,142.12581
399.02057,385.03354,199.34518,142.12581
403.70935,392.4016,199.34518,142.12581
412.93665,398.43634,195.09409,139.09494
423.2308,400.55127,190.93364,136.1287
422.1748,406.33136,186.86192,133.22571
433.24503,408.3571,182.87703,130.38463
438.15634,410.33963,178.97713,127.60413
447.1771,412.1438,178.97713,127.60413
451.9837,416.40262,175.16039,124.882935
462.36066,416.03232,171.42503,122.219765
461.78467,421.2164,171.42503,122.219765
469.27277,418.33636,171.42503,122.219765
474.45685,421.2164,171.42503,122.219765
481.2814,421.96442,167.76935,119.61339
487.9604,418.34967,164.19162,117.0626
495.1325,418.90137,164.19162,117.0626
503.40808,416.14285,164.19162,117.0626
510.5802,420.0048,164.19162,117.0626
521.06256,416.14285,164.19162,117.0626
531.8533,418.98633,160.69019,114.5662
540.33215,414.48328,157.26341,112.12304
544.0311,411.84116,157.26341,112.12304
547.7301,408.14218,157.26341,112.12304
554.5996,403.38635,157.26341,112.12304
563.5828,402.85794,157.26341,112.12304
571.50916,401.27267,157.26341,112.12304
579.4355,397.5737,157.26341,112.12304
586.305,394.93158,157.26341,112.12304
594.2313,392.28946,157.26341,112.12304
602.15765,387.53363,157.26341,112.12304
607.97034,383.83466,157.26341,112.12304
613.783,380.13568,157.26341,112.12304
619.5957,375.37985,157.26341,112.12304
625.4084,371.68088,157.26341,112.12304
630.1642,370.0956,157.26341,112.12304
635.97687,366.39664,157.26341,112.12304
641.78955,363.75452,157.26341,112.12304
646.54535,363.2261,157.26341,112.12304
649.18744,359.52713,157.26341,112.12304
652.8864,360.05554,157.26341,112.12304
656.5854,356.35657,157.26341,112.12304
659.2275,354.7713,157.26341,112.12304
661.86957,353.18604,157.26341,112.12304
664.51166,350.5439,157.26341,112.12304
663.9832,348.95865,157.26341,112.12304
663.4548,347.37338,157.26341,112.12304
661.8695,348.95865,157.26341,112.12304
660.28424,347.37338,157.26341,112.12304
658.699,348.95865,157.26341,112.12304
657.1137,348.43024,157.26341,112.12304
654.4716,350.0155,157.26341,112.12304
651.8295,349.4871,157.26341,112.12304
649.18744,351.07236,157.26341,112.12304
647.6022,349.4871,157.26341,112.12304
643.9032,352.1292,157.26341,112.12304
642.31793,350.54395,157.26341,112.12304
640.73267,352.1292,157.26341,112.12304
638.0906,352.65762,157.26341,112.12304
635.4485,353.18604,157.26341,112.12304
632.8064,354.7713,157.26341,112.12304
631.2211,357.41342,157.26341,112.12304
629.63586,360.05554,157.26341,112.12304
628.0506,360.58395,157.26341,112.12304
626.46533,364.28293,157.26341,112.12304
624.88007,366.92505,157.26341,112.12304
625.4085,369.56717,157.26341,112.12304
622.7664,372.2093,157.26341,112.12304
623.29486,373.79456,157.26341,112.12304
621.7096,377.49353,157.26341,112.12304
620.1243,381.1925,157.26341,112.12304
622.7664,383.83463,157.26341,112.12304
620.1243,388.59045,157.26341,112.12304
620.6528,392.28943,157.26341,112.12304
618.0107,395.9884,157.26341,112.12304
616.4254,400.74423,157.26341,112.12304
613.7833,406.5569,157.26341,112.12304
613.2549,411.3127,157.26341,112.12304
611.6696,416.06854,157.26341,112.12304
609.0275,420.82437,157.26341,112.12304
608.4991,426.63702,157.26341,112.12304
605.857,430.336,157.26341,112.12304
605.32855,434.03497,157.26341,112.12304
604.8001,437.73395,157.26341,112.12304
605.32855,442.48978,157.26341,112.12304
604.8001,445.1319,157.26341,112.12304
604.27167,447.77402,157.26341,112.12304
604.8001,451.473,157.26341,112.12304
603.21484,453.05826,157.26341,112.12304
604.8001,452.52985,157.26341,112.12304
606.3854,457.28564,157.26341,112.12304
606.9138,457.8141,157.26341,112.12304
609.5559,461.51306,157.26341,112.12304
611.1412,459.9278,157.26341,112.12304
614.84015,463.62677,157.26341,112.12304
616.4254,463.09833,157.26341,112.12304
619.0675,464.6836,157.26341,112.12304
622.7665,466.26886,157.26341,112.12304
625.40857,464.6836,157.26341,112.12304
629.10754,467.32568,157.26341,112.12304
632.8065,464.6836,157.26341,112.12304
636.5055,468.38257,157.26341,112.12304
639.1476,464.6836,157.26341,112.12304
643.9034,468.38257,157.26341,112.12304
646.5455,464.6836,157.26341,112.12304
649.18756,468.38257,157.26341,112.12304
652.88654,464.6836,157.26341,112.12304
654.4718,468.38257,157.26341,112.12304
658.1708,468.911,157.26341,112.12304
661.86975,471.5531,157.26341,112.12304
663.455,467.85413,157.26341,112.12304
667.154,471.5531,157.26341,112.12304
664.5119,468.911,157.26341,112.12304
667.154,472.61,157.26341,112.12304
664.5119,469.9679,157.26341,112.12304
663.98346,470.49634,157.26341,112.12304
662.3982,469.9679,157.26341,112.12304
659.7561,467.3258,157.26341,112.12304
660.28455,468.91107,157.26341,112.12304
657.64246,468.38263,157.26341,112.12304
655.00037,466.79736,157.26341,112.12304
654.4719,464.15527,157.26341,112.12304
650.77295,461.51318,157.26341,112.12304
648.13086,460.98474,157.26341,112.12304
646.5456,457.28577,157.26341,112.12304
641.7898,458.87103,157.26341,112.12304
642.31824,455.17206,157.26341,112.12304
636.50555,456.75732,157.26341,112.12304
640.2045,456.2289,157.26341,112.12304
634.39185,453.5868,157.26341,112.12304
630.6929,452.00153,157.26341,112.12304
628.0508,450.41626,157.26341,112.12304
625.4087,449.88785,157.26341,112.12304
620.6529,449.35944,157.26341,112.12304
619.0676,445.66046,157.26341,112.12304
614.3118,447.24573,157.26341,112.12304
611.66974,443.54675,157.26341,112.12304
606.91394,444.07516,157.26341,112.12304
609.556,440.3762,157.26341,112.12304
603.74335,441.96146,157.26341,112.12304
600.0444,437.20563,157.26341,112.12304
603.74335,436.67722,157.26341,112.12304
597.93066,435.09195,157.26341,112.12304
601.62964,432.44983,157.26341,112.12304
595.81696,431.92142,157.26341,112.12304
600.57275,429.2793,157.26341,112.12304
595.81696,427.69403,157.26341,112.12304
600.57275,426.10876,157.26341,112.12304
595.81696,423.46664,157.26341,112.12304
601.62964,422.93823,157.26341,112.12304
597.93066,421.35297,157.26341,112.12304
603.74335,418.71085,157.26341,112.12304
600.0444,419.23926,157.26341,112.12304
605.85706,414.48343,157.26341,112.12304
603.21497,416.0687,157.26341,112.12304
607.97076,411.31287,157.26341,112.12304
606.3855,412.89813,157.26341,112.12304
609.0276,409.19916,157.26341,112.12304
608.49915,409.72757,157.26341,112.12304
611.14124,407.08545,157.26341,112.12304
609.55597,406.55704,157.26341,112.12304
612.19806,404.97177,157.26341,112.12304
610.6128,402.32965,157.26341,112.12304
612.19806,403.91492,157.26341,112.12304
609.55597,401.2728,157.26341,112.12304
613.25494,399.68753,157.26341,112.12304
609.55597,400.21594,157.26341,112.12304
613.25494,397.57382,157.26341,112.12304
609.55597,399.1591,157.26341,112.12304
607.9707,395.4601,157.26341,112.12304
610.6128,397.04538,157.26341,112.12304
605.857,393.3464,157.26341,112.12304
609.55597,395.98853,157.26341,112.12304
603.7433,391.2327,157.26341,112.12304
607.44226,393.87482,157.26341,112.12304
600.57275,392.28955,157.26341,112.12304
604.2717,392.81796,157.26341,112.12304
597.4022,392.28955,157.26341,112.12304
601.1012,391.76114,157.26341,112.12304
594.2317,393.3464,157.26341,112.12304
597.93066,391.76114,157.26341,112.12304
590.00433,393.3464,157.26341,112.12304
593.7033,391.76114,157.26341,112.12304
588.7589,394.48465,153.90973,109.73198
593.4133,392.9332,153.90973,109.73198
586.6903,395.51898,153.90973,109.73198
591.3447,395.00183,153.90973,109.73198
584.6217,396.55328,153.90973,109.73198
588.2418,397.07043,153.90973,109.73198
581.5188,397.5876,153.90973,109.73198
586.1732,399.13904,153.90973,109.73198
579.4502,398.6219,153.90973,109.73198
583.0702,402.24197,153.90973,109.73198
576.34717,401.72482,153.90973,109.73198
579.9673,405.3449,153.90973,109.73198
574.27856,404.82776,153.90973,109.73198
576.86426,409.48215,153.90973,109.73198
571.17554,408.965,153.90973,109.73198
574.79565,413.6194,153.90973,109.73198
568.07263,413.10223,153.90973,109.73198
572.72705,417.75662,153.90973,109.73198
567.0383,418.27377,153.90973,109.73198
570.6583,419.82523,153.90973,109.73198
564.9696,421.37668,153.90973,109.73198
565.4868,421.89383,153.90973,109.73198
559.7981,424.4796,153.90973,109.73198
561.3495,426.03107,153.90973,109.73198
556.69507,427.58252,153.90973,109.73198
563.8193,431.24487,150.62756,107.391914
564.9375,428.97513,147.41539,105.10175
556.48334,432.48294,144.27171,102.86043
551.94745,428.43994,141.19507,100.6669
545.77985,434.6076,141.19507,100.6669
539.61224,435.08203,141.19507,100.6669
541.0355,433.6587,141.19507,100.6669
547.2031,439.82635,141.19507,100.6669
556.21735,436.5053,141.19507,100.6669
544.35657,431.28656,141.19507,100.6669
538.18896,435.55646,141.19507,100.6669
535.81683,440.7752,141.19507,100.6669
536.29126,441.24963,141.19507,100.6669
532.02136,440.7752,141.19507,100.6669
526.6676,437.73303,138.18404,98.52015
524.1133,436.54584,135.23721,96.419174
526.3854,434.27377,135.23721,96.419174
523.20447,433.81937,135.23721,96.419174
523.6589,430.6385,135.23721,96.419174
522.29565,429.27524,135.23721,96.419174
519.11475,428.82083,135.23721,96.419174
516.84265,424.7311,135.23721,96.419174
516.38824,422.45905,135.23721,96.419174
515.025,419.27817,135.23721,96.419174
512.7529,417.91492,135.23721,96.419174
512.2985,414.73404,135.23721,96.419174
508.2088,413.3708,135.23721,96.419174
505.9367,412.00754,135.23721,96.419174
500.93817,409.73547,135.23721,96.419174
495.93964,407.4634,135.23721,96.419174
490.9411,405.19135,135.23721,96.419174
485.94257,403.8281,135.23721,96.419174
482.76166,401.55603,135.23721,96.419174
477.76312,398.37515,135.23721,96.419174
471.85577,394.28543,135.23721,96.419174
464.13074,391.10455,135.23721,96.419174
454.58807,387.92368,135.23721,96.419174
445.95422,383.83395,135.23721,96.419174
433.68506,380.65308,135.23721,96.419174
424.1424,375.65454,135.23721,96.419174
413.69086,372.47366,135.23721,96.419174
400.67926,368.6839,132.35324,94.36301
392.2295,364.6814,132.35324,94.36301
377.55365,360.6789,132.35324,94.36301
369.10394,356.6764,132.35324,94.36301
352.64917,352.6739,132.35324,94.36301
344.19946,347.78192,132.35324,94.36301
329.52362,344.66888,132.35324,94.36301
321.07385,340.66638,132.35324,94.36301
304.61914,337.55328,132.35324,94.36301
295.27997,332.66138,132.35324,94.36301
285.9408,329.54828,132.35324,94.36301
269.48602,327.3247,132.35324,94.36301
261.03632,323.3222,132.35324,94.36301
245.471,321.09857,132.35324,94.36301
233.39465,316.8249,135.28156,96.45079
214.44861,314.34308,138.27466,98.58476
206.55008,310.1615,138.27466,98.58476
192.14688,313.41385,138.27466,98.58476
181.46063,308.30304,138.27466,98.58476
166.12819,307.8384,138.27466,98.58476
157.30042,304.58606,138.27466,98.58476
146.61417,305.0507,138.27466,98.58476
132.21097,303.65683,138.27466,98.58476
123.383194,301.33374,138.27466,98.58476
108.979996,301.79837,138.27466,98.58476
97.36452,300.4045,138.27466,98.58476
82.032074,302.7276,138.27466,98.58476
72.27507,299.47525,138.27466,98.58476
59.730347,302.7276,138.27466,98.58476
45.32715,301.33374,138.27466,98.58476
32.782425,303.65683,138.27466,98.58476
17.44999,302.26297,138.27466,98.58476
4.905266,304.58606,138.27466,98.58476
-4.851742,302.26297,138.27466,98.58476
-14.608749,303.65683,138.27466,98.58476
-25.294994,303.1922,138.27466,98.58476
-35.98124,306.44455,138.27466,98.58476
-44.809006,302.26297,138.27466,98.58476
-43.782463,293.9098,135.32591,96.482414
-53.296425,289.24097,132.44005,94.4249
-13.7095375,282.0981,129.61572,92.411255
-19.371353,281.6626,129.61572,92.411255
-15.451633,273.38763,129.61572,92.411255
-8.91877,263.37057,129.61572,92.411255
-18.064781,248.12723,129.61572,92.411255
-17.629257,259.01535,129.61572,92.411255
-11.967442,262.93506,129.61572,92.411255
-33.308132,265.11267,129.61572,92.411255
-17.2337,263.15955,126.85163,90.44056
-13.826973,279.3246,124.146484,88.51189
-19.249886,286.41608,124.146484,88.51189
-12.99268,301.85052,124.146484,88.51189
-27.592823,306.43915,124.146484,88.51189
-8.625065,380.33267,126.89323,90.470215
-21.08796,376.2353,129.70074,92.47187
-25.88187,360.11032,129.70074,92.47187
8.403389,479.81213,132.57037,94.51781
-12.07999,489.8363,129.74327,92.50219
-36.328506,490.40247,126.976456,90.52956
-4.5340157,500.46738,129.78581,92.532524
-10.203262,504.39224,129.78581,92.532524
-24.594421,502.21176,129.78581,92.532524
-44.21873,483.45963,129.78581,92.532524
-60.354275,478.66257,129.78581,92.532524
-12.473045,526.051,132.65732,94.5798
-6.6783676,519.36487,132.65732,94.5798
-15.147511,514.4617,132.65732,94.5798
-6.429264,510.7442,129.82835,92.56286
-9.482937,515.54285,129.82835,92.56286
-10.791653,513.36163,129.82835,92.56286
-9.482937,512.0529,129.82835,92.56286
-14.281563,508.99927,129.82835,92.56286
-8.928822,512.04865,132.7008,94.61081
-17.335995,634.5193,135.63681,96.70407
-17.417934,649.05347,138.63777,98.84365
-17.883774,655.1094,138.63777,98.84365
-18.349613,663.9603,138.63777,98.84365
-17.883774,656.0411,138.63777,98.84365
-19.900764,661.23065,141.70514,101.03056
-21.329205,651.23157,141.70514,101.03056
-17.996181,655.5169,141.70514,101.03056
-19.424622,661.7068,141.70514,101.03056
-18.948475,651.7077,141.70514,101.03056
-17.896454,655.0796,138.68323,98.87605
-17.765171,654.78644,135.72577,96.767494
-15.878403,654.4995,132.83138,94.703896
-14.539413,653.1605,132.83138,94.703896
-16.77106,653.6069,132.83138,94.703896
-13.646755,654.0532,132.83138,94.703896
-12.307766,653.6069,132.83138,94.703896
-19.06517,652.46564,129.9987,92.6843
-15.133869,650.28156,129.9987,92.6843
-13.823437,648.0975,129.9987,92.6843
-13.386627,652.02875,129.9987,92.6843
-11.652397,647.83105,132.87492,94.73495
-13.585548,645.39343,135.81479,96.830956
-15.867317,648.5879,135.81479,96.830956
-11.760132,645.39343,135.81479,96.830956
-17.789597,648.6252,132.9185,94.76601
-14.162937,643.4065,135.85933,96.8627
-13.706432,646.602,135.85933,96.8627
-15.075943,646.1455,135.85933,96.8627
-14.94733,648.4983,132.96208,94.79707
-13.607025,647.15796,132.96208,94.79707
-11.833263,646.5728,135.90387,96.894455
-16.85645,647.0295,135.90387,96.894455
-13.659878,647.48615,135.90387,96.894455
-12.289917,644.28955,135.90387,96.894455
-13.319572,649.3768,138.91074,99.038246
-14.719841,648.91003,138.91074,99.038246
-15.488113,650.4159,135.94843,96.92622
-14.117706,649.9591,135.94843,96.92622
-16.401722,652.2431,135.94843,96.92622
-15.94492,655.44073,135.94843,96.92622
-19.338562,661.31744,133.04929,94.859245
-15.765392,657.589,130.21198,92.83634
-13.111847,662.37427,127.435165,90.85658
-15.252834,667.0844,127.435165,90.85658
-13.552803,654.9729,130.25467,92.86678
-15.741158,656.2859,130.25467,92.86678
-14.428143,653.22217,130.25467,92.86678
-15.741158,651.9092,130.25467,92.86678
-11.802116,646.2195,130.25467,92.86678
-13.990471,642.28046,130.25467,92.86678
-16.398277,647.9111,127.47695,90.88637
-12.543236,641.486,127.47695,90.88637
-12.971573,634.2043,127.47695,90.88637
-12.159786,637.1985,130.29738,92.89723
-11.330036,628.4488,133.1802,94.95258
-15.517231,631.61786,130.3401,92.92769
-11.575607,630.30396,130.3401,92.92769
-12.889481,628.99005,130.3401,92.92769
-12.05946,629.3252,133.22388,94.98371
-15.192997,628.87756,133.22388,94.98371
-14.344608,625.50464,136.17145,97.08523
-12.056847,626.8773,136.17145,97.08523
-19.866196,630.9996,133.26755,95.014854
-16.731632,636.8209,133.26755,95.014854
-15.882969,631.58856,136.2161,97.11706
-16.340672,638.4541,136.2161,97.11706
-14.967564,637.081,136.2161,97.11706
-16.340672,641.2003,136.2161,97.11706
-17.372696,634.90247,139.22987,99.26577
-15.969208,638.17725,139.22987,99.26577
-15.501377,635.8381,139.22987,99.26577
-16.271416,640.9548,136.26076,97.148895
-13.066448,635.0027,136.26076,97.148895
-14.440006,631.7977,136.26076,97.148895
-13.066448,637.7498,136.26076,97.148895
-12.198723,631.4499,139.27553,99.29832
-12.28286,625.9816,142.357,101.49529
-13.361408,622.37744,145.50664,103.740875
-13.850327,621.88855,145.50664,103.740875
-13.361408,622.37744,145.50664,103.740875
-13.850327,621.88855,145.50664,103.740875
-13.361408,624.3331,145.50664,103.740875
-10.405785,615.57666,148.72597,106.03614
-18.901314,620.0743,148.72597,106.03614
-15.880299,614.2349,152.01653,108.38219
-16.721058,619.82153,148.77473,106.07091
-12.221951,616.3222,148.77473,106.07091
-13.349125,608.4064,152.06638,108.417725
-19.115086,609.0699,148.82352,106.10568
-17.129726,607.3773,152.11624,108.45327
-14.039848,607.76843,155.48181,110.8528
-16.652035,609.33575,155.48181,110.8528
-15.084721,615.0826,155.48181,110.8528
-16.652035,621.87427,155.48181,110.8528
-14.57785,616.85376,158.92184,113.30542
-22.662533,629.8999,155.53279,110.889145
-21.094707,631.4677,155.53279,110.889145
-21.188667,634.0365,158.97395,113.34257
-21.28471,625.578,162.49126,115.85027
-24.781666,630.5275,166.08638,118.41346
-24.223595,623.27264,166.08638,118.41346
-24.781666,633.876,166.08638,118.41346
-23.107456,633.31793,166.08638,118.41346
-22.549385,633.876,166.08638,118.41346
-21.49173,636.619,169.76105,121.033356
-26.625484,645.1753,169.76105,121.033356
-27.56438,653.6132,166.14084,118.452286
-26.330956,645.72894,162.59784,115.926254
-24.07063,655.91724,159.13039,113.454094
-23.53593,646.8274,159.13039,113.454094
-24.07063,654.84784,159.13039,113.454094
-23.53593,644.6886,159.13039,113.454094
-26.209415,652.70905,159.13039,113.454094
-25.02803,640.0038,155.73688,111.03465
-22.411556,643.6669,155.73688,111.03465
-22.26413,647.3727,152.41574,108.66681
-21.132603,653.96124,149.16544,106.34946
-20.63139,640.42847,149.16544,106.34946
-21.76152,637.692,152.46571,108.70244
-20.224613,636.1551,152.46571,108.70244
-18.10514,642.7458,149.21434,106.38432
-19.609276,644.24994,149.21434,106.38432
-18.10514,645.7541,149.21434,106.38432
-18.606518,649.26373,149.21434,106.38432
-21.364803,658.6134,146.0323,104.11565
-20.874119,647.32764,146.0323,104.11565
-24.519482,595.94025,142.91812,101.89535
-26.92059,589.6974,142.91812,101.89535
-24.519482,587.29626,142.91812,101.89535
-18.829815,590.6971,139.87035,99.7224
-22.119682,589.2871,139.87035,99.7224
-17.45734,588.9914,136.88757,97.59579
-16.077465,592.2111,136.88757,97.59579
-14.174545,589.2618,133.9684,95.51453
-10.123196,592.41284,133.9684,95.51453
-12.373943,588.3615,133.9684,95.51453
-7.4222946,592.41284,133.9684,95.51453
-8.772743,590.1621,133.9684,95.51453
-10.123192,595.1138,133.9684,95.51453
-6.972145,595.5639,133.9684,95.51453
-9.448601,597.884,131.11148,93.47765
-10.770252,600.96783,131.11148,93.47765
-8.567501,602.2895,131.11148,93.47765
-11.651352,605.37335,131.11148,93.47765
-8.567501,603.1706,131.11148,93.47765
-11.651352,608.01666,131.11148,93.47765
-8.567501,605.8139,131.11148,93.47765
-12.532452,610.66,131.11148,93.47765
-13.854103,612.86273,131.11148,93.47765
-8.126949,608.01666,131.11148,93.47765
-12.0919,611.9816,131.11148,93.47765
-8.126949,608.89777,131.11148,93.47765
-12.2491,613.7161,128.31549,91.484215
-9.231014,611.56036,128.31549,91.484215
-14.836033,614.5784,128.31549,91.484215
-9.231014,612.42267,128.31549,91.484215
-13.973724,615.44073,128.31549,91.484215
-9.231014,617.5965,128.31549,91.484215
-12.2491,617.16534,128.31549,91.484215
-8.368702,615.0096,128.31549,91.484215
-12.2491,619.7523,128.31549,91.484215
-10.093323,621.9081,128.31549,91.484215
-13.111408,621.4769,128.31549,91.484215
-8.368698,619.32117,128.31549,91.484215
-12.402943,624.8679,125.579124,89.53329
-8.605297,622.7581,125.579124,89.53329
-13.246864,626.5558,125.579124,89.53329
-9.449219,623.60205,125.579124,89.53329
-14.090786,629.0875,125.579124,89.53329
-10.29314,625.28986,125.579124,89.53329
-14.934708,629.9314,125.579124,89.53329
-11.137062,626.97766,125.579124,89.53329
-14.934708,629.9314,125.579124,89.53329
-11.137062,626.97766,125.579124,89.53329
-14.090786,629.08746,125.579124,89.53329
-9.449219,626.97766,125.579124,89.53329
-13.246864,629.9314,125.579124,89.53329
-10.29314,628.6655,125.579124,89.53329
-13.246864,632.4632,125.579124,89.53329
-11.137062,630.3534,125.579124,89.53329
-14.934708,633.3071,125.579124,89.53329
-10.29314,630.3534,125.579124,89.53329
-14.090786,634.15106,125.579124,89.53329
-9.449219,630.3534,125.579124,89.53329
-12.402943,633.3071,125.579124,89.53329
-7.7613754,630.3534,125.579124,89.53329
-11.709591,634.155,122.901115,87.62396
-8.818855,633.74207,122.901115,87.62396
-12.535515,635.8069,122.901115,87.62396
-7.9929276,633.74207,122.901115,87.62396
-11.709587,635.8069,122.901115,87.62396
-7.9929276,632.0902,122.901115,87.62396
-12.535515,636.6328,122.901115,87.62396
-7.9929276,632.0902,122.901115,87.62396
-6.353382,632.40625,125.6203,89.562645
-9.308075,630.2958,125.6203,89.562645
-5.880539,627.11536,128.39964,91.54422
-10.626358,630.9983,128.39964,91.54422
-7.6062927,626.25244,128.39964,91.54422
-10.626358,628.4096,128.39964,91.54422
-7.6062927,625.3895,128.39964,91.54422
-11.643185,630.1082,125.66148,89.59201
-9.531998,625.4636,125.66148,89.59201
-14.176609,623.3524,125.66148,89.59201
-8.687519,620.3967,125.66148,89.59201
-13.33213,621.66345,125.66148,89.59201
-7.8430405,617.86334,125.66148,89.59201
-11.643177,619.97455,125.66148,89.59201
-12.065414,616.17444,125.66148,89.59201
-10.798702,614.06323,125.66148,89.59201
-14.598839,615.32996,125.66148,89.59201
-9.109749,609.8409,125.66148,89.59201
-12.065411,611.9521,125.66148,89.59201
-5.731846,607.3075,125.66148,89.59201
-8.868694,604.60004,122.98171,87.681435
-10.108395,601.7074,122.98171,87.681435
-7.215763,599.64124,122.98171,87.681435
-10.285721,600.9744,120.35909,85.8116
-5.028248,598.1435,120.35909,85.8116
-8.668037,600.9744,120.35909,85.8116
-11.498985,596.5258,120.35909,85.8116
-13.521091,598.5479,120.35909,85.8116
-14.734356,594.90814,120.35909,85.8116
-14.620419,593.0945,117.7924,83.98164
-12.641438,595.86505,117.7924,83.98164
-15.412014,593.88605,117.7924,83.98164
-18.18259,596.6566,117.7924,83.98164
-20.953167,591.5113,117.7924,83.98164
-26.890114,593.4903,117.7924,83.98164
-34.410248,577.26263,117.7924,83.98164
3.9820137,545.9947,117.7924,83.98164
-0.37174606,544.8073,117.7924,83.98164
-14.224625,548.3695,117.7924,83.98164
-19.36998,549.5569,117.7924,83.98164
-24.515335,544.41156,117.7924,83.98164
-32.03547,532.9335,117.7924,83.98164
-24.515335,500.874,117.7924,83.98164
-19.36998,395.9879,117.7924,83.98164
-26.098522,378.96866,117.7924,83.98164
-12.245644,360.3662,117.7924,83.98164
-18.974186,343.34695,117.7924,83.98164
63.53929,242.38441,115.28044,82.19071
142.17258,288.47977,115.28044,82.19071
113.89558,285.76828,115.28044,82.19071
73.2232,280.73267,115.28044,82.19071
31.001389,277.24646,115.28044,82.19071
-8.896282,282.28207,115.28044,82.19071
85.07443,388.67532,117.831024,84.00918
65.67404,394.61423,117.831024,84.00918
54.98403,398.96942,117.831024,84.00918
47.461433,397.78165,117.831024,84.00918
50.232918,400.55313,117.831024,84.00918
54.588104,396.19794,117.831024,84.00918
63.694412,396.59387,117.831024,84.00918
78.34369,399.36536,117.831024,84.00918
85.07443,399.7613,117.831024,84.00918
91.805176,400.94907,117.831024,84.00918
98.53592,402.9287,117.831024,84.00918
102.89111,400.94907,117.831024,84.00918
107.24631,403.72055,117.831024,84.00918
109.22594,400.94907,117.831024,84.00918
111.20557,403.72055,117.831024,84.00918
106.05852,399.36536,117.831024,84.00918
108.83,402.92868,117.831024,84.00918
103.68295,399.36536,117.831024,84.00918
104.43331,402.13297,120.438034,85.86788
99.172386,400.10953,120.438034,85.86788
93.91146,402.13297,120.438034,85.86788
86.22242,398.49078,120.438034,85.86788
80.961494,402.13297,120.438034,85.86788
70.81206,398.24402,123.10272,87.76771
61.29834,401.96677,123.10272,87.76771
45.993668,397.41672,123.10272,87.76771
36.47995,401.96677,123.10272,87.76771
15.80632,395.41684,125.82637,89.70957
0.16303253,397.5308,125.82637,89.70957
-7.8700066,400.49033,125.82637,89.70957
-15.057465,405.14102,125.82637,89.70957
-19.01345,414.65527,123.14308,87.796486
-40.115997,428.30988,123.14308,87.796486
-9.281368,356.50543,125.86762,89.73898
-17.317043,244.42894,125.86762,89.73898
-16.048252,259.2315,125.86762,89.73898
-12.2418785,267.26715,125.86762,89.73898
-9.685181,280.75452,128.65245,91.72446
-17.03407,274.2702,128.65245,91.72446
-15.317799,278.18896,131.49889,93.75386
-24.565666,278.52707,134.4083,95.82816
-34.885723,273.0193,131.54199,93.7846
83.127426,375.12054,131.54199,93.7846
61.036514,383.71307,134.45236,95.85958
-0.85679626,378.74353,134.45236,95.85958
-20.76007,385.42642,131.58513,93.815346
-15.52158,407.30862,128.77904,91.814705
-11.109985,425.59732,131.62828,93.84611
-17.80619,446.63412,128.82127,91.84481
3.4036942,519.78656,128.82127,91.84481
-3.9548378,536.6679,128.82127,91.84481
-11.31337,564.80347,128.82127,91.84481
-18.671902,601.5961,128.82127,91.84481
-25.164722,603.7604,128.82127,91.84481
-35.120384,607.65607,128.82127,91.84481
-27.761852,558.74347,128.82127,91.84481
