10000
5.138948
5.13902
5.028186
5.2145934
5.1510925
5.187139
5.1246514
5.169798
5.1731052
5.1061897
5.0897236
5.1032386
5.1550236
5.104663
5.1552815
5.140479
5.1481495
5.2429113
5.2666454
5.2171144
5.1449256
5.0918574
5.268747
5.1767216
5.20407
5.2613115
5.1943007
5.1827393
5.240774
5.211996
5.283019
5.191318
5.2131224
5.238851
5.142763
5.244187
5.276548
5.1703196
5.2314935
5.170739
5.180131
5.1906977
5.180405
5.214482
5.1760635
5.190425
5.254493
5.2149568
5.152489
5.230457
5.218483
5.234693
5.0046887
4.9120517
4.8329973
4.7444677
4.906399
4.894503
4.871331
4.7588162
4.944062
4.802681
4.7014866
4.8115177
4.638998
4.817719
4.797102
4.801825
4.8736176
4.89821
4.823673
4.90001
4.7639866
4.7624984
4.719351
4.707107
4.6524634
4.7328844
4.6753616
4.645116
4.7622933
4.753188
4.5894303
4.6719065
4.6372437
4.6863446
4.700194
4.6508436
4.6573796
4.5705695
4.5749235
4.552359
4.5920515
4.6410794
4.7108526
4.758099
4.602414
4.4645176
4.613306
4.6815114
4.6322784
4.6066456
4.6080337
4.569773
4.600486
4.555617
4.6026306
4.7240987
4.634231
4.651557
4.604603
4.633503
4.563874
4.4983735
4.6172504
4.3314447
4.3534575
4.462232
4.2980013
4.2111864
4.2966447
4.0825815
4.1163216
4.0547695
4.05618
3.9241529
3.945951
3.7996945
3.7706368
3.7462902
3.7736645
3.8100216
3.7388644
3.6844091
3.5156333
3.5984707
3.5521584
3.6734717
3.6384656
3.573818
3.6497793
3.5765004
3.6936407
3.6332216
3.7062798
3.6723216
3.6160374
3.5092402
3.4963317
3.4985743
3.4998217
3.3981867
3.4616003
3.501823
3.490838
3.4167688
3.3582218
3.3211663
3.1527963
3.224251
3.097835
3.220267
3.1026661
3.0483167
3.0891902
3.0925598
2.9736893
2.9117866
2.7007382
2.68594
2.5659976
2.4196513
2.303685
2.2550564
2.1116526
2.0622237
2.0545669
2.0127583
1.9975994
2.0416925
1.9665192
2.045391
2.0523887
1.9719484
1.928206
1.9844289
2.0523279
2.0972636
2.0476885
1.9841617
1.9453588
1.9435858
1.9989421
1.9914837
1.932183
1.9493787
1.7754904
1.7764966
1.8962921
1.7916746
1.7738392
1.6868083
1.7723061
1.6180863
1.4549959
1.2516383
1.1696053
1.1099743
1.185574
1.2110951
1.2812604
1.1068685
1.0191585
1.0928255
1.1713248
1.1343212
1.1429842
1.2441924
1.3319724
1.5082728
1.5851142
1.7640795
1.6741227
1.8376912
1.8270329
1.8543885
1.9690067
2.1407213
2.2832108
2.371986
2.5145364
3.0714388
3.022801
3.0584784
3.0526538
3.0170722
2.9816809
3.0760305
3.0125275
3.0306032
3.0129533
2.9846034
3.0328977
3.0535777
3.0392816
3.0617056
2.945239
3.0516953
3.0287669
3.0308414
3.0185122
2.9573827
2.996993
3.0607393
3.0012197
3.0082703
3.1238332
2.9991171
3.0361128
2.956749
3.1033645
3.0368512
3.0162187
3.0331202
2.9427738
2.9866307
2.9459076
3.0541055
2.982174
3.0284855
2.9818041
2.9665618
2.975791
2.9228253
2.9295313
2.9533494
2.989324
2.9354365
2.9577198
2.9533792
2.9051087
2.9703507
2.9364424
2.9999228
2.9829311
3.0215306
3.0089045
2.9913874
3.0001276
3.1025944
2.927083
3.0139937
3.1091151
3.1325502
3.1000037
3.0383902
3.0502424
3.10284
3.09998
3.0401468
3.1215012
3.0437505
3.0927846
2.9863179
3.0555973
3.0493681
2.9577665
2.9470053
3.0370193
3.0048032
2.9561164
2.9906614
3.0693004
2.9543834
3.0031936
2.8886762
2.8440514
3.012676
2.9608443
2.9135437
2.891737
3.006161
3.0386498
2.9007585
2.9029167
2.9292731
2.8764899
2.9756007
2.8842528
2.9409575
2.9537055
2.9408088
2.9771101
3.0483465
2.9537516
2.9168801
2.9393284
2.9209425
2.8646145
2.945303
2.9447398
2.9160743
2.8770032
2.8718371
2.939207
2.96177
2.981919
2.9505987
2.9889965
2.9548266
2.9955177
2.8976736
2.991211
2.9305305
2.9197402
2.9360812
2.9620197
2.9544694
2.9827702
2.975045
2.900554
2.913184
2.9454746
2.8457165
2.8862195
2.8609655
2.8767705
2.8370972
2.824689
2.808135
2.9219787
2.7623296
2.8143828
2.781592
2.9214072
2.9174354
2.8203356
2.885099
2.8313851
2.9189048
2.974372
2.94602
2.8966374
2.9273286
2.919701
2.957929
3.022503
2.9880357
2.9701996
2.9752376
2.9832726
3.059373
3.0904725
2.5177839
2.125455
2.1167405
2.2672505
2.2775166
2.6019056
2.635615
2.6047873
2.908775
3.0918274
2.6751757
2.6036406
2.4346137
2.5543058
2.5731244
2.430721
2.5322466
2.4572937
2.9986808
3.1289985
3.1465185
3.193329
3.1488705
3.1204796
3.092102
3.1614208
3.0881703
3.126525
3.0952692
3.08043
2.1539583
2.352099
1.9121498
1.9564098
2.0679207
1.9305071
1.9596068
1.9875836
1.7461134
1.9225591
2.1043136
2.1899211
2.1213408
2.2976794
2.682459
2.7963955
2.734273
2.8654115
3.1020503
3.3889892
3.435728
3.5354822
2.1246612
2.2353015
2.9126081
2.8999496
2.8399377
2.9311442
2.2564218
2.1867597
3.0156667
4.34835
4.406128
4.392462
4.350088
4.3131294
4.325431
4.042059
4.1511955
4.216585
4.26319
4.3777275
4.351184
4.4574647
4.532606
4.586773
4.6075273
4.511733
4.460699
4.667968
4.6465073
4.6931024
4.7257857
4.722183
4.7003646
4.8022313
4.7939353
4.9036603
4.9108753
4.8132753
4.872709
4.782202
4.768832
4.819265
4.8089247
4.7740183
4.836931
4.802658
4.7576733
4.8458133
4.8549805
4.833952
4.763447
4.8322544
4.848592
4.696236
4.859723
4.7426553
4.717306
4.6944385
4.6913347
4.7219706
4.795492
4.6817346
4.8138123
4.651458
4.7750397
4.685002
4.770507
4.70059
4.6790233
4.7104697
4.6798887
4.6862926
4.7400985
4.749745
4.8231463
4.706568
4.714703
4.5190387
4.4928026
4.3386726
4.264358
4.006797
3.984476
3.576075
3.3430285
3.4419718
3.7077954
3.6925988
3.8457878
3.9284365
4.2684813
4.5358524
4.6067934
4.5220103
4.526149
4.558039
4.265811
4.3732576
4.562752
4.46696
4.541215
4.4891458
4.548286
4.277909
3.9767044
4.157551
4.0061913
3.95606
4.045021
4.145925
4.117751
4.204295
4.318009
4.4802747
4.554727
4.6196117
4.610224
4.699136
4.592273
4.64312
4.6474795
4.6383195
4.617743
4.632741
4.6131425
4.6105866
4.618284
4.628706
4.6792727
4.621337
4.669901
4.6330547
4.6591763
4.671946
4.696667
4.7024603
4.7023764
4.656541
4.685194
4.6319504
4.589718
4.671614
4.5800967
4.6136756
4.6150737
4.618236
4.616819
4.639015
4.6574287
4.638592
4.618296
4.631674
4.651919
4.6428843
4.6323833
4.5311685
4.503129
4.425736
4.4436336
4.623678
4.589112
4.6884756
4.5595665
4.521332
4.380078
4.550891
4.3862753
4.4270563
4.3847647
4.4141808
4.4082108
4.392317
4.248286
4.093513
3.970121
3.8913674
3.7552104
3.799684
4.0368924
4.204058
4.231983
4.1044188
4.0261455
4.1504517
4.140405
4.2217197
4.2032065
4.301639
4.2455983
4.197102
4.123727
4.0095186
3.7575297
3.6903021
3.8711627
4.053739
4.1880226
4.0676303
3.8725677
3.8502789
4.0025516
3.9349117
3.540189
3.5965278
3.7368956
3.7043025
3.8756216
3.3939538
2.9891512
2.9429328
3.090168
3.1967244
3.2913737
3.2348802
3.285212
3.347323
3.3310897
3.3308804
3.292516
3.321045
3.2770145
3.2940207
3.236454
3.2579422
3.3096275
3.3160863
3.274876
3.2139778
3.2405148
3.2729392
3.2638988
3.306325
3.2582572
3.303503
3.2902608
3.2774239
3.2952275
3.2913637
3.30162
3.3109283
3.382464
3.3264728
3.3435807
3.3563886
3.3466434
3.33243
3.3383293
3.3521695
3.3437047
3.3091884
3.307167
3.3040829
3.327921
3.3271456
3.2870066
3.3303201
3.3342052
3.3075461
3.3377337
3.3063974
3.4588408
3.6046588
3.673327
3.5267606
3.4041204
3.2032115
3.0137534
3.276404
3.6925507
3.5275865
3.3241
2.9055216
2.4723046
1.9960253
2.1133382
2.3166215
2.4072254
2.433222
2.4714065
2.5488129
2.5451543
2.480505
2.4753752
2.4596374
2.675822
2.7319255
2.7154403
2.6255946
2.6479151
2.6072311
2.4753294
2.374849
2.3602917
2.5212111
2.52365
2.4694726
2.3836787
2.3684666
2.3304713
2.3458085
2.3584857
2.3843615
2.462527
2.4848175
2.5372188
2.5716033
2.5999029
2.5813966
2.203628
2.1031988
2.115894
1.9945986
2.147442
2.9494646
2.988016
3.0260863
3.050417
3.040601
2.967937
2.9613304
2.9604564
2.9106421
2.8466818
2.823941
2.757084
2.715313
2.7381449
2.7869115
2.7876267
2.8793688
2.9095871
2.8810525
2.931199
2.6937232
2.2741294
2.1500201
1.97333
2.0146728
2.0953486
2.1223
2.1901908
2.1160214
2.2514887
2.2893558
2.1462135
2.1736565
2.2754934
2.2159705
2.3005266
2.4158783
2.3939085
2.2771647
2.3301013
2.3738465
2.438527
2.6962178
2.623244
2.6011682
2.4989798
2.5832415
2.6112852
2.3744516
2.3363893
2.1641195
2.2179174
1.7112494
1.791221
2.1195142
2.3573499
2.2853422
2.396625
2.296683
2.2595985
2.4308255
2.3396034
2.461071
2.384691
2.6228158
2.5564167
2.5646555
2.5321128
2.8359885
2.8114607
2.8071296
2.8681176
2.9227858
2.9209142
3.0182533
2.9665897
2.9574518
2.9754708
3.0824263
2.988917
2.924082
2.6682277
2.519123
2.4095573
2.5080354
2.3949127
2.3641832
2.3331287
2.379116
2.3188744
2.5160308
2.4183595
2.4537158
2.3276591
2.369243
2.384024
2.3941936
2.4195685
2.305246
2.4169848
2.3361297
2.307183
2.0150747
2.1565523
2.181618
2.0721238
2.0368042
2.1830924
2.266327
2.4429705
2.6444125
2.5271494
2.5987012
2.7212381
2.6878188
2.623517
2.6095376
2.325575
1.9453627
2.0341895
2.171669
2.2050467
2.4028003
2.4172978
2.317543
2.3169467
2.4394324
2.308035
2.5332808
2.4260325
2.609833
2.4200778
2.0599751
2.335225
2.6715775
2.5285661
3.0043187
3.1200662
2.9957561
2.7142026
2.3160923
2.2805114
2.2881165
2.4062836
2.2888553
2.2004414
2.3701987
2.6344843
3.0138307
2.9999042
2.6106856
2.1236312
1.9982204
2.020994
1.8232602
2.5374575
2.7442043
2.6889906
2.5865893
2.6108387
2.8132052
2.9347122
2.7297199
2.5204597
2.3472052
2.0548995
2.8329635
2.8044045
2.867643
2.8120804
2.6794772
2.6262352
2.745541
2.8230531
2.7420115
2.5401137
2.4058518
2.9178596
2.966929
2.924428
2.8718178
2.7925868
2.7718363
2.9806542
2.9797099
2.5683064
2.323304
1.9834224
2.5941303
2.735238
2.8400931
2.4767737
2.3876863
2.2407985
2.6466444
2.4061852
2.413568
2.1965115
2.1191285
2.1459105
2.2533019
2.0215678
2.2087796
2.4067388
2.7862287
2.4827313
2.5475512
2.2435167
2.6149719
2.614615
2.1987917
2.5842342
2.7055106
2.7014966
2.9206562
2.8765495
2.7359562
2.0907507
2.0620532
2.328115
2.641552
2.6173139
2.518662
2.705621
2.639851
2.6461163
2.715804
2.6454265
3.0370674
2.9836552
3.0435605
2.363369
2.1671135
2.4686134
2.541794
2.8031268
2.724461
3.2062485
2.4863074
2.411064
2.329631
2.600679
2.796916
2.2602303
1.9657965
2.0471797
2.0630655
2.095121
2.17037
2.1981173
2.120586
2.4330049
1.7298312
1.7772363
3.1345158
2.609582
2.5616488
2.486897
2.3792837
2.142819
1.6733791
1.9085408
2.058497
2.0214415
2.0842643
2.3195436
2.2364733
2.2327902
2.516646
2.2673159
2.0151525
2.5630398
2.3340266
2.6450636
2.6752393
2.6340785
2.729258
2.3310444
2.8510342
2.4423099
2.8533726
3.176597
2.9026709
2.555604
2.5637827
2.5948958
2.8266294
2.205398
1.9255956
2.0776587
2.1227229
2.0759404
2.4014122
2.4097037
2.2013104
2.3611498
2.4499907
2.616221
2.5776076
2.519792
2.6825228
2.165069
1.9499276
2.248372
2.1307254
1.8739563
2.167489
2.4360218
2.4404757
2.136772
1.9771593
2.1598399
1.8105855
1.9238739
2.1384923
2.0833604
2.3884578
2.334531
2.1985972
1.6241487
1.8842967
1.8873284
2.2120233
2.048544
2.485353
2.4773
2.4391365
2.5296664
3.0587213
3.0322893
3.076964
2.7568483
2.3875093
2.3833268
2.4120584
2.5263867
2.5038915
2.5603087
2.5414522
2.4192953
2.4943638
2.6456895
1.9529595
1.8933794
1.9417381
1.8507998
2.4135537
2.5959532
2.9183893
2.871536
2.8929574
2.8116739
3.0022128
3.1937704
2.2161548
1.9944241
3.2510796
3.3068867
3.1995263
3.443431
3.0917344
3.1844912
3.1741195
3.214084
3.334546
3.1853533
3.235176
3.1440136
3.098001
3.5729725
3.4902263
3.4256036
3.3493946
3.3806064
3.1794176
3.3063664
2.9850562
3.023259
3.0625112
3.0183878
3.061071
3.1248252
3.1927257
3.0281076
3.2680964
3.2611046
3.1060581
3.0509894
2.8965883
3.1946516
3.16131
3.3240721
3.252557
3.3802264
3.4018612
3.3491397
3.297158
3.1690207
3.2299416
3.2149544
3.0553105
3.3318038
3.3380928
3.2137733
3.2715073
3.1819813
3.0038695
3.0453553
3.0766752
3.2040653
3.3787618
3.2872787
3.080016
3.0176415
2.9288445
3.0946763
3.2463617
3.1710145
3.1920037
3.3117354
3.317453
3.2908857
3.2647023
3.2721803
3.318515
3.316752
3.2412388
3.2617264
3.3389964
3.4019737
3.3926976
3.3109083
3.387546
3.4241505
3.31573
3.5000978
3.282909
3.2593274
3.136823
3.1886072
3.0800948
3.2473483
3.2253962
3.2546875
3.2454824
3.2751918
3.343864
3.2713327
3.3334026
3.3277087
3.3514528
3.3256633
3.5087702
3.3524895
3.240525
3.40419
3.430021
3.5038512
3.386636
3.2854195
3.5364854
3.2655823
3.3014462
3.1746716
3.1746924
3.1301627
3.2073078
3.0952523
3.1178575
3.1321692
3.1594753
3.124413
3.1269634
3.0853786
3.0031738
2.971713
3.0127487
3.1102102
3.1524177
2.9988225
2.9437447
3.0382044
2.9010477
2.968346
3.014206
3.0780444
2.9861622
3.1020217
3.1002743
3.0981855
3.1545334
3.016158
3.0614767
3.088835
3.0626543
3.1411877
3.1244454
3.0768826
3.1984925
3.5229306
2.130814
2.4133654
2.5724409
2.4287598
2.5857117
2.5963693
2.8511457
2.6792667
1.8651809
2.2118788
2.0670621
2.0828986
2.4628658
2.1386068
2.3108494
2.4202697
2.7893274
2.7521677
2.8328125
3.2776866
3.1681607
3.0290875
2.663238
2.5902524
2.6038725
2.4862804
2.4522243
1.8707775
1.8311893
1.2523868
1.2743169
2.3899038
2.8842638
2.9077084
2.7721393
2.806405
2.6384442
2.8118427
2.487219
2.394475
2.3851433
2.1940598
2.8784
2.886504
2.7069776
2.8206213
2.953907
3.0495574
2.9772038
2.6831453
2.1353788
2.2142105
1.8014412
1.1612076
1.6106907
1.8798909
1.9906818
1.7659957
2.0244684
1.8720189
1.5169799
1.3292608
1.4870112
2.213426
1.8694065
1.8532975
1.4622457
1.469051
1.5885414
1.4913704
1.8213909
1.8143649
1.9249393
2.0049179
1.824254
2.0272532
1.7646042
1.9583075
1.9802748
1.8760539
1.9379002
1.7491806
1.7591815
1.6008017
1.6362947
2.0581741
2.2096972
2.435079
2.5262358
2.263197
1.898161
2.1659062
2.1678834
2.209556
2.1549664
2.1620045
2.1102595
1.7486578
2.5007966
2.2031896
2.318353
2.2772846
1.7399708
1.8629246
2.1706572
2.5668378
2.4386468
2.5395145
2.2265606
2.2576687
2.1745179
2.3133771
2.444862
2.4379416
2.3370132
2.3364081
2.2194874
2.246313
2.2349684
2.2306933
2.2373307
2.1985466
2.192767
2.1851854
2.103886
2.1766372
2.1477869
2.1126213
2.0813797
2.1491084
2.1208353
2.3845649
2.2796862
2.4254353
2.4047313
2.3762555
2.3778248
2.4462898
2.416401
2.4109497
2.4889545
2.4057865
2.4024081
2.3946245
2.3548722
2.4292333
2.469911
2.4395225
2.438429
2.4676204
2.4297562
2.5444655
2.485274
2.4855807
2.4851322
2.4254675
2.3250675
2.4971266
2.159229
2.1899023
1.8905078
1.8312235
2.452875
2.0287511
2.361996
2.384722
2.4249523
2.498404
2.5315814
2.5714734
2.507039
2.5957196
2.3525157
2.20865
2.0950274
2.3224971
2.5715437
2.7324743
2.739614
2.7225604
2.6601458
2.5711203
2.4564312
2.5188172
2.6157393
2.590324
2.5520015
2.5832198
2.27624
2.0789511
2.258413
2.2777314
2.2534864
2.327064
1.9518112
1.9370732
1.9839092
2.2936978
2.413289
2.4899218
2.425139
2.5613844
2.5317235
2.5717883
2.4074137
2.4453874
2.4635186
2.415271
2.4909446
2.3487778
2.3823853
2.3703032
1.6662589
1.2912334
1.2902845
1.3880455
1.3031892
1.3510886
1.5005777
1.449848
1.6752809
1.7883077
1.7180077
1.5997325
1.5033827
2.1269712
1.5516751
1.8199356
1.673032
1.6596786
1.5501674
1.5912554
1.833259
1.92682
1.8949984
2.1905026
2.1987967
2.1781993
2.2197046
2.1796198
2.1511972
