563.0,311.0,103.0,123.0
568.7778,311.44446,103.0,123.0
571.8889,313.6667,103.0,123.0
567.0,316.7778,103.0,123.0
560.3333,318.11115,103.0,123.0
553.6666,320.33337,103.0,123.0
546.99994,321.66672,103.0,123.0
542.111,322.11118,103.0,123.0
535.44434,324.3334,103.0,123.0
534.9999,327.44452,103.0,123.0
538.9999,328.77786,103.0,123.0
541.2221,327.44452,103.0,123.0
541.466,327.46716,105.27888,125.721375
543.7374,327.01288,105.27888,125.721375
547.8259,330.19284,105.27888,125.721375
551.9144,331.55566,105.27888,125.721375
556.9115,332.9185,105.27888,125.721375
553.73157,335.18988,105.27888,125.721375
555.0944,334.7356,105.27888,125.721375
554.64014,336.09842,105.27888,125.721375
556.91156,334.7356,105.27888,125.721375
562.8172,334.2813,105.27888,125.721375
565.8944,331.47656,107.60817,128.50296
566.35876,331.94092,107.60817,128.50296
570.5377,331.47656,107.60817,128.50296
571.9307,329.1549,107.60817,128.50296
573.3237,330.5479,107.60817,128.50296
578.43134,331.01227,107.60817,128.50296
578.8957,330.5479,107.60817,128.50296
577.5027,331.01227,107.60817,128.50296
576.1097,330.5479,107.60817,128.50296
573.788,325.4403,107.60817,128.50296
570.5377,323.11865,107.60817,128.50296
570.07336,322.6543,107.60817,128.50296
572.395,317.5467,107.60817,128.50296
568.21606,315.22504,107.60817,128.50296
569.6091,316.61804,107.60817,128.50296
570.0734,317.08234,107.60817,128.50296
566.8231,314.76068,107.60817,128.50296
567.2875,314.2964,107.60817,128.50296
575.1811,313.83203,107.60817,128.50296
579.36005,315.22504,107.60817,128.50296
582.61035,315.6894,107.60817,128.50296
584.932,316.1537,107.60817,128.50296
583.539,316.61804,107.60817,128.50296
582.146,315.22504,107.60817,128.50296
585.3963,314.76068,107.60817,128.50296
585.86066,316.1537,107.60817,128.50296
583.539,316.61804,107.60817,128.50296
583.07465,315.22504,107.60817,128.50296
582.6103,316.61804,107.60817,128.50296
581.2173,318.01105,107.60817,128.50296
583.53894,315.6894,107.60817,128.50296
585.8606,317.0824,107.60817,128.50296
590.03955,316.61804,107.60817,128.50296
591.43256,315.22504,107.60817,128.50296
592.82556,317.5467,107.60817,128.50296
589.57526,317.0824,107.60817,128.50296
590.0396,319.40405,107.60817,128.50296
584.0033,321.7257,107.60817,128.50296
581.3676,322.71286,109.989,131.34608
580.893,324.13666,109.989,131.34608
578.51996,325.56046,109.989,131.34608
576.1469,326.98425,109.989,131.34608
577.57074,326.50964,109.989,131.34608
570.93756,328.50342,112.42251,134.25212
571.42267,328.98853,112.42251,134.25212
571.9078,329.47363,112.42251,134.25212
570.45245,330.92896,112.42251,134.25212
572.878,331.41406,112.42251,134.25212
570.45245,332.8694,112.42251,134.25212
567.0567,334.3247,112.42251,134.25212
567.5418,333.8396,112.42251,134.25212
565.1163,336.26514,112.42251,134.25212
561.7205,334.8098,112.42251,134.25212
559.295,336.26514,112.42251,134.25212
556.86945,336.75024,112.42251,134.25212
553.4737,339.17578,112.42251,134.25212
553.9588,337.72046,112.42251,134.25212
551.53326,341.11618,112.42251,134.25212
549.1077,339.66086,112.42251,134.25212
548.6226,342.0864,112.42251,134.25212
551.04816,339.66086,112.42251,134.25212
547.6524,338.20554,112.42251,134.25212
552.0184,337.72043,112.42251,134.25212
558.3247,337.23532,112.42251,134.25212
562.6907,335.78,112.42251,134.25212
568.997,335.2949,112.42251,134.25212
575.30334,333.83957,112.42251,134.25212
576.75867,335.2949,112.42251,134.25212
579.1842,334.80978,112.42251,134.25212
582.57996,334.32468,112.42251,134.25212
585.0055,333.83957,112.42251,134.25212
583.5502,335.2949,112.42251,134.25212
586.9459,332.86935,112.42251,134.25212
582.57996,337.2353,112.42251,134.25212
585.9757,334.80975,112.42251,134.25212
584.5204,332.38422,112.42251,134.25212
584.0353,334.80975,112.42251,134.25212
581.60974,331.41403,112.42251,134.25212
585.0055,327.0481,112.42251,134.25212
583.5502,322.68216,112.42251,134.25212
586.9459,318.31622,112.42251,134.25212
589.37146,313.9503,112.42251,134.25212
588.88635,311.52475,112.42251,134.25212
593.2523,310.06943,112.42251,134.25212
597.6183,306.6737,112.42251,134.25212
597.1332,309.09924,112.42251,134.25212
603.4395,307.64392,112.42251,134.25212
606.83527,310.06946,112.42251,134.25212
603.4395,309.58435,112.42251,134.25212
607.8055,312.0099,112.42251,134.25212
608.2906,311.52478,112.42251,134.25212
610.7161,316.86093,112.42251,134.25212
606.35016,319.28647,112.42251,134.25212
612.6565,317.83115,112.42251,134.25212
612.1714,323.1673,112.42251,134.25212
608.77563,323.6524,112.42251,134.25212
616.0522,326.07794,112.42251,134.25212
610.71606,325.59283,112.42251,134.25212
608.2905,329.95877,112.42251,134.25212
612.6565,325.59283,112.42251,134.25212
614.1118,328.98856,112.42251,134.25212
611.6863,324.62262,112.42251,134.25212
617.9926,328.98856,112.42251,134.25212
614.59686,325.59283,112.42251,134.25212
618.9628,328.01837,112.42251,134.25212
615.5671,324.62265,112.42251,134.25212
617.9926,327.0482,112.42251,134.25212
617.78864,325.2067,110.02506,131.38916
622.06146,327.5805,110.02506,131.38916
619.6877,326.15622,110.02506,131.38916
618.2634,328.53003,110.02506,131.38916
615.88965,327.10574,110.02506,131.38916
609.7178,329.47955,110.02506,131.38916
598.7983,329.0048,110.02506,131.38916
594.02264,329.03296,107.67874,128.58725
588.4532,335.33026,105.38246,125.845085
583.4512,333.05664,105.38246,125.845085
583.25995,339.2197,103.13515,123.1614
579.2547,337.8846,103.13515,123.1614
581.47986,343.66998,103.13515,123.1614
580.1448,341.44482,103.13515,123.1614
578.8097,345.4501,103.13515,123.1614
582.912,344.6186,100.93576,120.53494
585.08966,346.79633,100.93576,120.53494
581.1698,344.6186,100.93576,120.53494
585.08966,345.05414,100.93576,120.53494
581.1698,343.74756,100.93576,120.53494
584.21857,346.79633,100.93576,120.53494
579.4276,344.6186,100.93576,120.53494
587.6404,343.80487,98.78327,117.9645
583.80414,345.93613,98.78327,117.9645
590.1979,348.06738,98.78327,117.9645
586.36163,344.2311,98.78327,117.9645
584.2304,348.91986,98.78327,117.9645
588.9813,353.0536,96.67669,115.448875
585.22687,350.96777,96.67669,115.448875
585.8556,358.23,94.61503,112.98689
588.045,362.1893,92.597336,110.577415
592.49835,361.44275,90.62267,108.21932
588.979,366.52625,90.62267,108.21932
594.8451,370.31848,88.69012,105.911514
599.11053,369.60345,86.798775,103.652916
597.23785,372.9743,86.798775,103.652916
600.6087,371.10162,86.798775,103.652916
603.23047,371.47617,86.798775,103.652916
602.351,372.94235,84.94776,101.44249
604.1838,376.2413,84.94776,101.44249
605.28345,372.94235,84.94776,101.44249
605.12933,375.79053,83.13622,99.2792
605.48804,375.4318,83.13622,99.2792
607.99915,375.79053,83.13622,99.2792
607.8483,377.19485,81.36332,97.16204
606.0929,379.65244,81.36332,97.16204
609.3292,381.7036,79.62822,95.090034
608.29846,381.36002,79.62822,95.090034
609.3292,381.01642,79.62822,95.090034
608.98566,381.36002,79.62822,95.090034
606.5805,383.7652,79.62822,95.090034
608.98566,383.4216,79.62822,95.090034
608.6421,384.4524,79.62822,95.090034
609.67285,385.4832,79.62822,95.090034
614.1396,383.7652,79.62822,95.090034
617.23193,382.7344,79.62822,95.090034
617.74976,384.74185,77.93012,93.06221
618.25665,388.65115,76.26824,91.07763
622.5349,387.00568,76.26824,91.07763
622.3965,387.6596,74.6418,89.13537
627.22766,385.40506,74.6418,89.13537
626.4714,388.52856,73.05004,87.23453
625.1236,390.9778,71.492226,85.37422
631.60187,390.6693,71.492226,85.37422
630.2828,394.85034,69.967636,83.55359
628.9918,398.94223,68.475555,81.77178
614.6279,404.08603,67.0153,80.02798
611.447,402.06183,67.0153,80.02798
612.8929,404.08603,67.0153,80.02798
613.7604,402.64017,67.0153,80.02798
615.3111,400.985,65.586174,78.32136
609.934,404.09805,65.586174,78.32136
610.783,402.683,65.586174,78.32136
611.06604,405.79608,65.586174,78.32136
607.38696,403.24902,65.586174,78.32136
611.6324,401.62915,64.18753,76.65113
610.24756,405.22977,64.18753,76.65113
612.2667,400.97482,62.81871,75.016525
614.24286,398.90076,61.479084,73.41678
616.1769,399.9393,60.168022,71.85114
614.06573,396.95178,58.884922,70.31889
616.89777,393.53818,57.629185,68.81932
637.5374,389.3108,57.629185,68.81932
639.27814,388.06744,57.629185,68.81932
640.61163,388.56155,56.400227,67.35173
642.38586,387.16858,55.197475,65.915436
642.624,386.45404,55.197475,65.915436
644.76764,389.07397,55.197475,65.915436
643.5767,386.93042,55.197475,65.915436
642.8622,385.7395,55.197475,65.915436
582.1558,422.48468,54.020374,64.509766
576.2163,420.25177,52.868374,63.134075
576.3415,421.68347,54.038086,64.530914
577.92096,422.66302,55.233677,65.958664
578.05176,421.6861,56.455723,67.418
578.6909,422.20398,57.704807,68.90962
577.7942,422.21664,58.981525,70.43425
574.76526,420.11722,60.28649,71.99261
571.6693,420.13046,61.62033,73.58544
570.1601,422.35092,62.98368,75.21352
566.3617,417.8533,64.3772,76.87762
562.47925,418.44388,65.801544,78.57854
483.09793,413.74506,67.2574,80.317085
471.77948,417.51788,67.2574,80.317085
465.31454,419.33926,68.74547,82.0941
462.6448,423.78882,68.74547,82.0941
458.7885,427.05182,68.74547,82.0941
454.93222,430.9081,68.74547,82.0941
461.16162,428.83163,68.74547,82.0941
465.61118,424.97534,68.74547,82.0941
467.09436,421.11905,68.74547,82.0941
470.95065,417.26276,68.74547,82.0941
467.68765,414.59302,68.74547,82.0941
471.54395,410.73672,68.74547,82.0941
470.06076,413.99973,68.74547,82.0941
469.17084,411.92325,68.74547,82.0941
454.04233,406.8804,68.74547,82.0941
438.91382,401.83755,68.74547,82.0941
416.07272,403.32074,68.74547,82.0941
392.63837,406.58374,68.74547,82.0941
370.98383,417.55933,68.74547,82.0941
349.92258,422.00888,68.74547,82.0941
336.57388,424.67862,68.74547,82.0941
332.12433,427.94162,68.74547,82.0941
328.26804,431.7979,68.74547,82.0941
323.81848,435.0609,68.74547,82.0941
322.3353,439.51047,68.74547,82.0941
327.9714,441.58694,68.74547,82.0941
340.13354,437.1374,68.74547,82.0941
342.75842,430.38177,70.266464,83.91043
341.24243,418.55695,70.266464,83.91043
337.90723,411.5833,70.266464,83.91043
335.78482,405.21613,70.266464,83.91043
345.18405,393.99768,70.266464,83.91043
349.12567,391.26892,70.266464,83.91043
354.2801,387.93372,70.266464,83.91043
352.98364,393.7965,68.76801,82.12102
357.43466,389.3455,68.76801,82.12102
361.9076,385.6663,70.289505,83.93794
367.0637,383.54318,70.289505,83.93794
380.7122,380.81348,70.289505,83.93794
394.0949,377.05286,71.84466,85.79507
406.18533,373.64273,71.84466,85.79507
409.59546,367.1325,71.84466,85.79507
406.80536,361.2423,71.84466,85.79507
405.0457,347.1061,73.43422,87.69328
400.29263,341.0856,73.43422,87.69328
394.90585,336.33255,73.43422,87.69328
370.5069,320.1722,73.43422,87.69328
338.50308,318.58786,73.43422,87.69328
322.34274,326.50958,73.43422,87.69328
314.42102,335.6988,73.43422,87.69328
310.64987,344.2625,75.05895,89.6335
327.81552,358.18936,75.05895,89.6335
354.0498,372.1162,75.05895,89.6335
388.705,375.03113,75.05895,89.6335
422.7124,378.5938,75.05895,89.6335
441.17358,376.32666,75.05895,89.6335
455.7482,372.76398,75.05895,89.6335
467.73178,366.61026,75.05895,89.6335
463.8772,368.6429,76.719635,91.61664
435.07623,375.59488,76.719635,91.61664
342.52362,392.78476,78.41705,93.643654
247.92328,413.86557,80.15203,95.71552
155.57948,439.11313,80.15203,95.71552
113.730804,454.6767,80.15203,95.71552
85.7164,473.0071,80.15203,95.71552
68.0777,479.5784,80.15203,95.71552
80.874405,483.38284,80.15203,95.71552
118.5728,501.7133,80.15203,95.71552
157.65463,507.59286,80.15203,95.71552
184.97733,503.78842,80.15203,95.71552
193.62375,495.142,80.15203,95.71552
197.42818,467.8193,80.15203,95.71552
193.62375,452.25574,80.15203,95.71552
192.58618,438.7673,80.15203,95.71552
186.01491,432.88773,80.15203,95.71552
171.83478,429.0833,80.15203,95.71552
159.03807,425.9706,80.15203,95.71552
151.77507,422.1662,80.15203,95.71552
147.27893,416.97833,80.15203,95.71552
153.8502,412.48218,80.15203,95.71552
172.87233,410.7529,80.15203,95.71552
209.1873,399.33963,80.15203,95.71552
224.05914,387.23465,80.15203,95.71552
230.63043,371.67108,80.15203,95.71552
239.96857,354.7241,80.15203,95.71552
261.75754,338.4688,80.15203,95.71552
277.3211,332.58923,80.15203,95.71552
281.81726,328.78482,80.15203,95.71552
287.00513,324.28867,80.15203,95.71552
260.37415,312.1837,80.15203,95.71552
212.30003,338.12296,80.15203,95.71552
119.95624,412.48218,80.15203,95.71552
101.625824,416.97833,80.15203,95.71552
87.445694,428.3916,80.15203,95.71552
81.56613,430.12088,80.15203,95.71552
97.821396,446.37616,80.15203,95.71552
169.41377,451.56403,80.15203,95.71552
194.66133,449.14304,80.15203,95.71552
198.46576,445.33862,80.15203,95.71552
195.35304,441.5342,80.15203,95.71552
188.09004,437.03806,80.15203,95.71552
182.90219,433.23364,80.15203,95.71552
175.63919,426.66235,80.15203,95.71552
169.06792,431.1585,80.15203,95.71552
166.25565,436.5127,78.442764,93.67436
190.96478,439.55902,78.442764,93.67436
218.38177,437.8666,78.442764,93.67436
240.38306,433.46634,78.442764,93.67436
267.12308,429.74304,78.442764,93.67436
293.8631,424.66583,78.442764,93.67436
315.86438,410.7881,78.442764,93.67436
337.86566,405.71088,78.442764,93.67436
344.2968,402.66455,78.442764,93.67436
350.72797,400.29517,78.442764,93.67436
355.12823,404.69543,78.442764,93.67436
358.85153,400.29517,78.442764,93.67436
355.8052,406.04935,78.442764,93.67436
353.43582,411.12656,78.442764,93.67436
369.34445,408.75717,78.442764,93.67436
383.2222,413.15744,78.442764,93.67436
430.27112,410.78806,78.442764,93.67436
476.1095,405.8889,80.178314,95.74691
523.50745,404.15903,80.178314,95.74691
539.0761,389.28232,80.178314,95.74691
544.2657,382.01694,80.178314,95.74691
552.223,379.59515,80.178314,95.74691
560.18036,361.95068,80.178314,95.74691
548.0714,358.14502,80.178314,95.74691
502.05737,357.10712,80.178314,95.74691
485.10486,364.3725,80.178314,95.74691
470.9201,372.3298,80.178314,95.74691
455.35144,382.36295,80.178314,95.74691
448.778,388.24445,80.178314,95.74691
451.19977,390.66623,80.178314,95.74691
452.23767,392.3961,80.178314,95.74691
454.6595,393.434,80.178314,95.74691
450.85382,396.54773,80.178314,95.74691
456.04333,391.3582,80.178314,95.74691
441.16663,388.24445,80.178314,95.74691
417.29468,389.9743,80.178314,95.74691
389.27112,389.62833,80.178314,95.74691
369.55078,388.59042,80.178314,95.74691
353.98212,393.08804,80.178314,95.74691
348.7926,395.50983,80.178314,95.74691
347.06274,397.9316,80.178314,95.74691
355.71198,404.50504,80.178314,95.74691
371.9726,411.07846,80.178314,95.74691
397.2284,403.81308,80.178314,95.74691
445.3183,390.32025,80.178314,95.74691
481.64514,374.05966,80.178314,95.74691
495.138,356.4152,80.178314,95.74691
494.79205,349.84177,80.178314,95.74691
495.138,346.0361,80.178314,95.74691
472.64996,329.08356,80.178314,95.74691
422.48425,325.96982,80.178314,95.74691
369.55038,343.93466,81.95226,97.86531
328.8835,373.99277,81.95226,97.86531
303.0689,410.41614,81.95226,97.86531
289.27753,430.57275,81.95226,97.86531
282.55865,443.65686,81.95226,97.86531
287.1558,459.56998,81.95226,97.86531
349.7474,466.28885,81.95226,97.86531
321.81104,462.399,81.95226,97.86531
295.99643,440.82788,81.95226,97.86531
299.93787,425.17004,80.204605,95.778305
317.80536,412.51474,78.49422,93.7358
341.16812,405.35266,76.820305,91.736855
355.0867,401.53836,75.18209,89.78054
348.27405,397.96985,75.18209,89.78054
381.0396,385.9666,75.18209,89.78054
367.0814,383.29053,76.8455,91.76694
347.99805,388.81177,78.5457,93.79728
322.86633,394.4552,80.28352,95.87254
310.8363,397.34818,82.0598,97.99372
311.89856,394.86957,82.0598,97.99372
312.96082,395.93182,82.0598,97.99372
317.56396,394.16138,82.0598,97.99372
320.75076,391.68277,82.0598,97.99372
321.81302,384.95508,82.0598,97.99372
319.3344,378.2274,82.0598,97.99372
319.8681,374.1529,80.30985,95.90398
300.6435,369.1371,82.08671,98.02585
372.54712,363.82404,82.08671,98.02585
348.8154,359.21936,82.08671,98.02585
327.6955,353.3576,83.90288,100.19467
315.02405,359.51233,83.90288,100.19467
311.0416,363.49475,83.90288,100.19467
314.29996,359.51233,83.90288,100.19467
320.45468,356.25397,83.90288,100.19467
326.6094,353.71967,83.90288,100.19467
329.1437,349.01312,83.90288,100.19467
320.81674,342.8584,83.90288,100.19467
346.5575,345.88177,85.75923,102.411476
372.0911,337.37057,85.75923,102.411476
416.1273,356.24323,85.75923,102.411476
431.2994,371.41534,85.75923,102.411476
496.77228,355.74353,83.93039,100.22752
472.5075,385.07852,83.93039,100.22752
463.4535,403.5487,83.93039,100.22752
467.49005,411.24973,82.14055,98.09014
526.1007,417.42,80.38888,95.99834
531.3039,394.8729,80.38888,95.99834
543.86304,399.57428,78.67456,93.95114
556.8087,377.99847,76.9968,91.9476
643.13196,329.3427,75.35482,89.98679
699.3841,283.4956,75.35482,89.98679
723.69293,257.81577,73.747856,88.067795
729.73914,229.49393,73.747856,88.067795
732.60315,218.35614,73.747856,88.067795
686.4609,214.21924,73.747856,88.067795
621.91565,213.62468,72.17516,86.18972
597.17,220.24713,70.63601,84.3517
594.4268,227.25742,70.63601,84.3517
602.0467,231.21976,70.63601,84.3517
683.427,224.20947,70.63601,84.3517
667.783,201.4568,72.19883,86.21798
631.333,269.0607,72.19883,86.21798
647.41705,256.4675,70.659164,84.37936
658.6982,250.06468,70.659164,84.37936
650.0083,242.48833,72.222496,86.24625
642.8406,237.19044,72.222496,86.24625
621.96063,240.61848,72.222496,86.24625
644.05743,239.43547,70.68233,84.40702
727.76294,154.01428,72.24617,86.27453
693.78296,146.8442,72.24617,86.27453
676.0136,144.66199,72.24617,86.27453
668.8435,146.8442,72.24617,86.27453
667.2848,152.14383,72.24617,86.27453
668.22003,167.41924,72.24617,86.27453
673.51965,191.42345,72.24617,86.27453
677.5723,223.53299,72.24617,86.27453
682.2485,263.74783,72.24617,86.27453
686.9246,293.9869,72.24617,86.27453
689.0363,328.28674,73.84462,88.18335
691.90405,352.18475,73.84462,88.18335
696.0464,366.52356,73.84462,88.18335
700.826,371.94043,73.84462,88.18335
703.6937,376.08276,73.84462,88.18335
709.1106,371.30316,73.84462,88.18335
713.2529,346.76785,73.84462,88.18335
716.758,325.41895,73.84462,88.18335
722.17487,318.0902,73.84462,88.18335
725.67993,314.58517,73.84462,88.18335
731.7341,317.45294,73.84462,88.18335
736.5137,320.3207,73.84462,88.18335
736.195,321.9139,73.84462,88.18335
737.15094,324.14438,73.84462,88.18335
737.3258,325.48297,75.47843,90.13441
739.5319,327.52698,77.14839,92.12863
726.54895,326.52832,77.14839,92.12863
719.5581,330.85596,77.14839,92.12863
717.22784,335.1836,77.14839,92.12863
720.22394,332.1875,77.14839,92.12863
725.8832,336.51514,77.14839,92.12863
728.8793,339.51123,77.14839,92.12863
733.2069,336.51514,77.14839,92.12863
737.53455,340.84277,77.14839,92.12863
742.528,343.17303,77.14839,92.12863
748.18726,342.84015,77.14839,92.12863
754.51227,347.1678,77.14839,92.12863
758.8399,351.49542,77.14839,92.12863
763.8334,361.1494,77.14839,92.12863
758.17413,373.4666,77.14839,92.12863
746.52277,377.79425,77.14839,92.12863
740.19775,380.79028,77.14839,92.12863
724.55164,379.1258,77.14839,92.12863
708.23975,382.1219,77.14839,92.12863
692.5936,377.12842,77.14839,92.12863
680.2765,374.79816,77.14839,92.12863
674.61725,368.47314,77.14839,92.12863
668.29224,346.8349,77.14839,92.12863
666.62775,338.5125,77.14839,92.12863
668.29224,326.86115,77.14839,92.12863
663.9646,323.19928,77.14839,92.12863
666.29486,326.1953,77.14839,92.12863
663.9646,321.86768,77.14839,92.12863
662.3001,320.2032,77.14839,92.12863
660.6356,323.86505,77.14839,92.12863
656.308,324.19794,77.14839,92.12863
651.3145,327.19403,77.14839,92.12863
648.3184,326.1953,77.14839,92.12863
647.98553,330.52295,77.14839,92.12863
646.9868,330.85583,77.14839,92.12863
647.98553,333.85193,77.14839,92.12863
646.9868,334.8506,77.14839,92.12863
647.3197,337.18085,77.14839,92.12863
650.3158,340.17694,77.14839,92.12863
648.6513,342.5072,77.14839,92.12863
652.3132,346.16907,77.14839,92.12863
649.9829,350.4967,77.14839,92.12863
652.3132,354.15857,77.14839,92.12863
649.9829,356.48883,77.14839,92.12863
652.3132,356.15594,77.14839,92.12863
653.3119,359.8178,77.14839,92.12863
651.6474,362.14807,77.14839,92.12863
656.64087,362.48096,77.14839,92.12863
659.63696,360.81647,77.14839,92.12863
663.9646,363.14673,77.14839,92.12863
670.95544,363.4796,77.14839,92.12863
684.6042,361.81512,77.14839,92.12863
698.2529,364.1454,77.14839,92.12863
712.9416,360.70853,78.8553,94.16698
717.3646,362.13797,80.599976,96.25042
721.88586,364.5725,80.599976,96.25042
724.9634,360.26025,82.38325,98.37996
721.76404,357.06088,82.38325,98.37996
727.0963,353.8615,82.38325,98.37996
721.0531,349.2402,82.38325,98.37996
714.60956,350.73355,84.20598,100.55662
697.468,349.99814,86.06904,102.78143
678.40607,348.4758,87.97331,105.05547
654.98395,349.28284,89.91972,107.37983
643.92535,348.4975,91.909195,109.75561
637.9765,352.0668,91.909195,109.75561
634.4072,354.84293,91.909195,109.75561
634.0106,353.65317,91.909195,109.75561
630.9365,351.20462,93.94269,112.18395
633.77405,350.79926,93.94269,112.18395
636.6116,348.77243,93.94269,112.18395
646.7457,351.61,93.94269,112.18395
669.04065,345.52954,93.94269,112.18395
671.8782,337.0169,93.94269,112.18395
678.7694,330.12573,93.94269,112.18395
685.6605,324.85602,93.94269,112.18395
689.30884,324.45065,93.94269,112.18395
688.90344,324.85602,93.94269,112.18395
691.74097,322.8292,93.94269,112.18395
687.282,324.0453,93.94269,112.18395
679.5801,322.01846,93.94269,112.18395
670.2567,324.85602,93.94269,112.18395
661.74414,326.0721,93.94269,112.18395
658.0958,324.85602,93.94269,112.18395
653.63684,329.31503,93.94269,112.18395
652.4208,329.7204,93.94269,112.18395
655.2583,331.74722,93.94269,112.18395
652.4208,329.7204,93.94269,112.18395
655.2583,332.55795,93.94269,112.18395
654.04224,330.53113,93.94269,112.18395
656.0691,333.36868,93.94269,112.18395
652.4208,334.58478,93.94269,112.18395
653.63684,333.36868,93.94269,112.18395
646.7457,333.77405,93.94269,112.18395
640.6653,336.6116,93.94269,112.18395
626.47754,334.58478,93.94269,112.18395
620.05566,338.51593,91.93933,109.791595
614.10486,336.53235,91.93933,109.791595
611.3278,339.3094,91.93933,109.791595
609.34424,341.29297,91.93933,109.791595
608.9475,341.6897,91.93933,109.791595
608.5508,344.46674,91.93933,109.791595
605.77374,346.45032,91.93933,109.791595
604.58356,344.46674,91.93933,109.791595
604.9803,348.03723,91.93933,109.791595
600.6164,350.81427,91.93933,109.791595
597.83936,349.62408,91.93933,109.791595
596.6492,352.40112,91.93933,109.791595
592.2853,351.211,91.93933,109.791595
590.3017,350.81427,91.93933,109.791595
589.1115,353.5913,91.93933,109.791595
586.3345,353.98804,91.93933,109.791595
585.93774,355.97162,91.93933,109.791595
584.74756,353.98804,91.93933,109.791595
581.9705,357.55847,91.93933,109.791595
583.1607,356.36835,91.93933,109.791595
582.764,355.17816,91.93933,109.791595
579.1935,356.36835,91.93933,109.791595
580.38367,356.76508,91.93933,109.791595
578.4001,354.7815,91.93933,109.791595
581.9706,355.97162,91.93933,109.791595
579.987,355.5749,91.93933,109.791595
577.20996,352.79785,91.93933,109.791595
572.84607,355.5749,91.93933,109.791595
572.44934,354.38477,91.93933,109.791595
573.6395,356.36835,91.93933,109.791595
571.65594,354.38477,91.93933,109.791595
572.0527,352.40118,91.93933,109.791595
571.65594,352.00446,91.93933,109.791595
570.46576,353.19458,91.93933,109.791595
571.65594,352.00446,91.93933,109.791595
568.8789,355.5749,91.93933,109.791595
575.6231,354.38477,91.93933,109.791595
579.987,354.7815,91.93933,109.791595
595.45905,353.5913,91.93933,109.791595
601.40985,352.40118,91.93933,109.791595
606.5672,354.38477,91.93933,109.791595
611.72455,351.60773,91.93933,109.791595
611.3278,354.38477,91.93933,109.791595
609.34424,350.81427,91.93933,109.791595
608.15405,349.62415,91.93933,109.791595
602.20325,347.64056,91.93933,109.791595
597.83936,346.45038,91.93933,109.791595
591.88855,345.26025,91.93933,109.791595
585.93774,346.45038,91.93933,109.791595
582.36725,345.26025,91.93933,109.791595
581.43567,350.6371,89.9787,107.45026
576.3883,350.24884,89.9787,107.45026
583.76514,352.96664,89.9787,107.45026
596.57776,350.24884,89.9787,107.45026
613.2728,354.51968,89.9787,107.45026
618.3202,356.46097,89.9787,107.45026
616.3789,352.96664,89.9787,107.45026
614.4376,351.02536,89.9787,107.45026
616.3789,353.74316,89.9787,107.45026
619.8733,355.68445,89.9787,107.45026
618.7085,354.51968,89.9787,107.45026
628.4149,358.79053,89.9787,107.45026
634.2389,357.62576,89.9787,107.45026
638.50977,360.34357,89.9787,107.45026
646.6632,361.50833,89.9787,107.45026
654.81665,360.34357,89.9787,107.45026
664.5231,359.1788,89.9787,107.45026
672.6765,360.34357,89.9787,107.45026
681.60645,357.62576,89.9787,107.45026
679.66516,356.461,89.9787,107.45026
679.277,354.5197,89.9787,107.45026
678.1122,358.79056,89.9787,107.45026
671.5117,355.29623,89.9787,107.45026
660.2522,357.23752,89.9787,107.45026
649.7693,356.07275,89.9787,107.45026
639.1277,355.34735,88.059875,105.158844
630.3882,351.16754,88.059875,105.158844
625.44836,355.34735,88.059875,105.158844
622.02856,358.76715,88.059875,105.158844
618.60876,365.98676,88.059875,105.158844
617.4689,371.6864,88.059875,105.158844
611.00916,402.46472,88.059875,105.158844
603.02966,417.28394,88.059875,105.158844
604.16956,422.98358,88.059875,105.158844
607.58936,429.44324,88.059875,105.158844
611.00916,435.9029,88.059875,105.158844
618.9888,435.52295,88.059875,105.158844
630.0082,439.7027,88.059875,105.158844
649.3871,437.04285,88.059875,105.158844
678.6455,435.90295,88.059875,105.158844
707.14404,439.32275,88.059875,105.158844
737.16235,437.42285,88.059875,105.158844
761.8611,440.84265,88.059875,105.158844
782.7599,439.7027,88.059875,105.158844
802.1389,443.1225,88.059875,105.158844
821.5178,439.7027,88.059875,105.158844
838.61694,437.04285,88.059875,105.158844
846.59644,440.46265,88.059875,105.158844
855.33594,443.88245,88.059875,105.158844
867.87524,440.46265,88.059875,105.158844
881.17456,435.52295,88.059875,105.158844
887.63416,441.2226,88.059875,105.158844
894.85376,443.88245,88.059875,105.158844
902.8334,448.06226,88.059875,105.158844
915.3727,443.1225,88.059875,105.158844
922.5923,448.8222,88.059875,105.158844
930.5718,454.52185,88.059875,105.158844
943.8711,449.58215,88.059875,105.158844
949.5708,456.0418,88.059875,105.158844
953.7216,460.00348,90.0082,107.48548
957.9939,464.27576,90.0082,107.48548
963.0429,460.78027,90.0082,107.48548
962.65454,465.82928,90.0082,107.48548
968.48035,463.1106,90.0082,107.48548
971.9758,468.1596,90.0082,107.48548
979.35516,464.66412,90.0082,107.48548
984.40424,469.71313,90.0082,107.48548
992.56036,466.21765,90.0082,107.48548
1001.4932,463.49896,90.0082,107.48548
1008.8726,467.77124,90.0082,107.48548
1019.3591,464.27576,90.0082,107.48548
1034.5061,460.00348,90.0082,107.48548
1049.6532,456.508,90.0082,107.48548
1064.0234,461.557,90.0082,107.48548
1079.9473,458.06152,90.0082,107.48548
1094.3175,453.0125,90.0082,107.48548
1102.4736,458.83832,90.0082,107.48548
1116.0671,455.34283,90.0082,107.48548
1124.2233,460.39185,90.0082,107.48548
1135.4865,457.67313,90.0082,107.48548
1145.1962,462.72217,90.0082,107.48548
1159.5664,459.22668,90.0082,107.48548
1175.4902,457.28476,90.0082,107.48548
1185.9767,463.88733,90.0082,107.48548
1194.7977,468.40256,88.08875,105.19332
1191.0627,468.42188,90.03772,107.52072
1196.1135,463.37122,90.03772,107.52072
1191.8398,462.98273,90.03772,107.52072
1193.7825,468.0334,90.03772,107.52072
1194.948,475.41516,90.03772,107.52072
1198.4446,480.46582,90.03772,107.52072
1199.779,484.23358,88.11764,105.227806
1204.017,485.72205,86.2385,102.983795
1206.0126,486.46146,84.39944,100.787636
1199.8214,484.64053,84.39944,100.787636
1196.5437,482.8196,84.39944,100.787636
1195.4512,486.09726,84.39944,100.787636
1194.3586,485.73306,84.39944,100.787636
1199.093,485.36887,84.39944,100.787636
1198.0005,490.83163,84.39944,100.787636
1197.6364,489.0107,84.39944,100.787636
1202.3975,492.54254,82.599594,98.638306
1201.5605,492.56372,80.838135,96.53481
1196.6854,489.68628,82.62668,98.67065
1192.7635,489.32977,82.62668,98.67065
1195.9724,486.12097,82.62668,98.67065
1198.4681,489.32977,82.62668,98.67065
1199.5377,485.4079,82.62668,98.67065
1204.1727,480.77295,82.62668,98.67065
1203.3354,484.91788,80.86464,96.56647
1207.1737,478.28818,80.86464,96.56647
1204.0333,473.75204,80.86464,96.56647
1207.8716,468.5181,80.86464,96.56647
1209.6162,464.67984,80.86464,96.56647
1214.8502,461.53946,80.86464,96.56647
1214.5013,460.49268,80.86464,96.56647
1213.4546,460.14374,80.86464,96.56647
1212.4078,460.49268,80.86464,96.56647
1209.9653,461.53946,80.86464,96.56647
1207.8008,466.94125,79.140175,94.50716
1209.6321,470.9113,77.452484,92.49176
1207.5587,474.15237,75.80079,90.51935
1212.4653,477.32434,74.18431,88.589
1215.4161,474.875,72.60231,86.69981
1216.356,472.05548,72.60231,86.69981
1218.6399,473.2819,71.05405,84.85091
1221.3993,470.5225,71.05405,84.85091
1224.1587,467.7631,71.05405,84.85091
1226.9181,464.3905,71.05405,84.85091
1224.1587,468.37628,71.05405,84.85091
1226.9181,466.8433,71.05405,84.85091
1228.3586,443.956,72.626114,86.72823
1214.8832,449.2835,72.626114,86.72823
1211.1267,479.5076,71.07734,84.87873
1125.3809,563.5282,72.649925,86.756676
1129.4562,565.09564,72.649925,86.756676
1126.0078,569.17096,72.649925,86.756676
1141.3685,562.58777,72.649925,86.756676
1148.5787,559.7664,72.649925,86.756676
1143.2495,565.09564,72.649925,86.756676
1157.3563,559.7664,72.649925,86.756676
1163.3125,557.572,72.649925,86.756676
1159.2372,562.2743,72.649925,86.756676
1162.6855,562.58777,72.649925,86.756676
1166.1339,561.0203,72.649925,86.756676
1168.9553,562.58777,72.649925,86.756676
1171.7767,561.64734,72.649925,86.756676
1174.5981,563.2148,72.649925,86.756676
1188.078,559.13947,72.649925,86.756676
1192.7803,563.84174,72.649925,86.756676
1198.1095,565.4092,72.649925,86.756676
1202.8118,566.3496,72.649925,86.756676
1206.2601,566.6631,72.649925,86.756676
1210.9624,566.3496,72.649925,86.756676
1215.6647,567.29004,72.649925,86.756676
1214.7242,575.1272,72.649925,86.756676
1215.0377,581.08344,72.649925,86.756676
1214.7242,582.6509,72.649925,86.756676
1216.2916,580.4565,72.649925,86.756676
1213.4702,580.76996,72.649925,86.756676
1210.6488,576.69464,72.649925,86.756676
1178.9868,569.4845,72.649925,86.756676
1157.9833,574.18677,72.649925,86.756676
1158.9237,573.8733,72.649925,86.756676
1160.4911,572.93286,72.649925,86.756676
1157.4106,573.59937,74.2573,88.67617
1158.372,575.2015,74.2573,88.67617
1160.6149,574.88104,74.2573,88.67617
1162.1205,572.23785,75.900246,90.63813
1165.7231,573.2204,75.900246,90.63813
1190.9414,568.30774,75.900246,90.63813
1197.8191,567.9802,75.900246,90.63813
1202.1007,570.5251,74.28165,88.705246
1205.6265,572.76874,74.28165,88.705246
1209.1522,567.9609,74.28165,88.705246
1203.7032,572.76874,74.28165,88.705246
1204.6648,576.2945,74.28165,88.705246
1207.5496,577.25604,74.28165,88.705246
1206.588,578.2176,74.28165,88.705246
1211.3964,579.47235,72.69757,86.81358
1214.8927,583.1192,71.14727,84.96226
1219.498,583.13745,69.630035,83.15041
1218.2133,588.368,68.14516,81.377205
1222.0575,587.2517,66.69194,79.641815
1225.2649,590.04254,65.269714,77.94343
1229.4897,590.6022,63.87782,76.28126
1232.0306,593.8066,62.515606,74.65453
1222.5892,597.3134,62.515606,74.65453
1214.9009,633.1507,63.898766,76.30627
1221.6946,641.1398,62.536106,74.679016
1227.3613,636.5525,62.536106,74.679016
1230.8892,637.0887,61.202503,73.086464
1190.483,582.3036,62.55661,74.7035
1193.9922,580.9539,62.55661,74.7035
1210.3835,581.5278,63.940674,76.356316
1217.2811,584.56274,63.940674,76.356316
1222.5233,585.39044,63.940674,76.356316
1219.8121,583.1145,65.35536,78.0457
1224.0426,586.93665,63.96164,76.381355
1226.5868,591.20935,62.597637,74.7525
1230.6388,596.953,61.262722,73.15839
1233.0756,601.04535,59.956276,71.59826
1167.1355,571.1374,58.67769,70.0714
1171.4398,571.897,58.67769,70.0714
1173.7738,573.3762,57.42637,68.57711
1175.5084,573.624,57.42637,68.57711
1180.2166,573.8718,57.42637,68.57711
1184.9247,572.6329,57.42637,68.57711
1191.9856,573.12524,56.201733,67.114685
1201.7009,572.20465,55.003212,65.68344
1206.685,571.01794,55.003212,65.68344
1215.4667,568.8819,55.003212,65.68344
1220.9255,568.64453,55.003212,65.68344
1224.9603,568.8819,55.003212,65.68344
1228.9951,570.0686,55.003212,65.68344
1231.1312,572.20465,55.003212,65.68344
1230.4192,570.0686,55.003212,65.68344
1233.522,574.6579,53.830254,64.28272
1232.8252,573.4965,53.830254,64.28272
1232.2798,575.30133,52.68231,62.911873
1232.9618,575.9833,52.68231,62.911873
1234.5531,578.0292,52.68231,62.911873
1234.7804,576.4379,52.68231,62.911873
1233.4901,578.3363,53.847904,64.303795
1235.1166,576.70984,53.847904,64.303795
1236.2084,573.82886,55.039288,65.72652
1234.5459,576.9163,55.039288,65.72652
1186.8093,538.2046,55.039288,65.72652
1190.3717,537.9671,55.039288,65.72652
1193.9344,539.8125,53.86556,64.32488
1198.3506,539.5801,53.86556,64.32488
1203.6965,541.2071,53.86556,64.32488
1214.1559,541.4395,53.86556,64.32488
1220.8964,541.2071,53.86556,64.32488
1225.7773,542.8341,53.86556,64.32488
1229.2638,545.39087,53.86556,64.32488
1224.8477,549.80707,53.86556,64.32488
1225.9397,550.3012,55.057335,65.74807
1229.5033,554.33997,55.057335,65.74807
1231.1663,556.47815,55.057335,65.74807
1230.9287,560.99207,55.057335,65.74807
1226.4148,570.2574,55.057335,65.74807
1224.7518,580.9482,55.057335,65.74807
1228.333,584.904,56.27548,67.20274
1225.1763,570.09143,56.27548,67.20274
1226.8212,566.5767,57.520573,68.689606
1198.6313,634.57184,58.793217,70.209366
1211.5697,634.3181,58.793217,70.209366
1222.4785,632.03485,58.793217,70.209366
1219.4375,630.0937,57.539433,68.71213
1224.1549,629.3488,57.539433,68.71213
1231.2297,632.2353,56.312386,67.24682
1226.8253,629.7267,57.558296,68.73466
1227.9923,631.2854,58.83177,70.25541
1229.7693,633.5701,58.83177,70.25541
1229.1732,650.7131,57.577168,68.757195
1165.8496,660.30646,56.349316,67.290924
1174.3597,660.5496,56.349316,67.290924
1180.3508,661.50146,55.147648,65.85593
1189.6313,661.2635,55.147648,65.85593
1197.9601,661.97736,55.147648,65.85593
1202.9573,663.1672,55.147648,65.85593
1213.6656,661.97736,55.147648,65.85593
1223.1987,663.3677,53.971607,64.45153
1230.2839,664.2794,52.82065,63.077084
1235.8998,666.05035,51.694233,61.731945
1238.816,666.06354,50.59184,60.415493
1180.5288,653.6202,50.59184,60.415493
1188.1694,657.76794,50.59184,60.415493
1198.8663,659.73267,50.59184,60.415493
1221.3517,657.3313,50.59184,60.415493
1231.1754,660.60583,50.59184,60.415493
1235.7598,662.57056,50.59184,60.415493
1236.8513,664.5353,50.59184,60.415493
1240.1261,668.3357,49.51295,59.127113
1185.6716,634.1645,48.457073,57.86621
1189.2262,636.0463,48.457073,57.86621
1191.9445,637.0918,48.457073,57.86621
1195.499,637.71906,48.457073,57.86621
1200.3081,637.92816,48.457073,57.86621
1209.2991,636.46454,48.457073,57.86621
1224.1447,635.8373,48.457073,57.86621
1232.2993,638.1373,48.457073,57.86621
1234.6298,639.35895,47.42371,56.6322
1239.672,642.52686,46.412384,55.4245
1241.0739,643.5282,46.412384,55.4245
1238.8708,646.1317,46.412384,55.4245
1230.254,650.29755,47.43926,56.65077
1226.1188,653.28125,48.488853,57.904167
1167.6229,641.5698,49.56167,59.185295
1174.6803,643.9223,49.56167,59.185295
1184.7317,640.2867,49.56167,59.185295
1195.6385,637.50653,49.56167,59.185295
1205.443,639.1683,48.50475,57.92315
1222.8148,634.35443,48.50475,57.92315
1230.5588,635.40094,48.50475,57.92315
1234.117,637.70325,48.50475,57.92315
1237.2565,647.1217,48.50475,57.92315
1239.5587,650.6798,48.50475,57.92315
1181.0438,631.5815,49.577915,59.2047
1177.8348,634.36255,49.577915,59.2047
1184.8945,636.71576,49.577915,59.2047
1195.3771,639.069,49.577915,59.2047
1204.1482,636.2879,49.577915,59.2047
1211.6357,638.21326,49.577915,59.2047
1222.6803,639.46313,48.520653,57.942142
1227.4957,638.4163,48.520653,57.942142
1231.4738,639.8819,48.520653,57.942142
1233.7767,637.1601,48.520653,57.942142
1235.2423,640.71936,48.520653,57.942142
1233.6195,646.3777,49.594173,59.224113
1229.2965,655.2696,50.691444,60.534447
1234.2644,659.49915,49.610435,59.24353
1240.4724,658.0007,49.610435,59.24353
1199.5851,600.8441,49.610435,59.24353
1207.0775,600.63007,49.610435,59.24353
1216.7107,601.2723,49.610435,59.24353
1226.3439,598.91754,49.610435,59.24353
1233.8363,597.41907,49.610435,59.24353
1236.6193,594.63617,49.610435,59.24353
1235.549,617.11346,49.610435,59.24353
1235.8716,614.6502,48.55248,57.980145
1237.8029,602.1428,47.517082,56.743702
1236.5309,596.2262,46.503765,55.533627
1237.5342,594.01886,46.503765,55.533627
1240.5444,592.48346,45.51206,54.349354
1231.3143,564.79315,45.51206,54.349354
1240.5444,564.59674,45.51206,54.349354
1236.0276,580.11115,45.51206,54.349354
1238.1879,583.4497,45.51206,54.349354
1237.2059,585.21716,45.51206,54.349354
1227.5337,586.8572,46.519012,55.551834
1232.552,587.86084,46.519012,55.551834
1236.3658,586.8572,46.519012,55.551834
1240.9248,587.643,45.52698,54.367176
1234.0256,595.22864,44.556107,53.20778
1233.4489,596.57446,44.556107,53.20778
1235.1792,594.0751,44.556107,53.20778
1235.756,588.88403,44.556107,53.20778
1239.3813,588.89545,43.605934,52.07311
1242.2037,588.7073,43.605934,52.07311
1245.7788,584.7559,43.605934,52.07311
1233.5485,586.44934,43.605934,52.07311
1240.8867,590.4007,43.605934,52.07311
1244.5038,592.75287,44.570717,53.225227
1193.1536,582.1751,44.570717,53.225227
1195.2692,584.29065,44.570717,53.225227
1203.5391,587.5601,44.570717,53.225227
1213.7322,590.44495,44.570717,53.225227
1229.3103,591.7912,44.570717,53.225227
1239.1188,593.5221,44.570717,53.225227
1244.3115,593.3298,44.570717,53.225227
1242.1959,583.90594,44.570717,53.225227
1188.427,599.4795,45.556843,54.402836
1187.8373,601.2487,45.556843,54.402836
1183.316,597.90686,45.556843,54.402836
1185.8716,594.565,45.556843,54.402836
1186.7953,590.49603,46.56479,55.6065
1187.7999,591.9025,46.56479,55.6065
1196.4398,590.8979,46.56479,55.6065
1205.0797,589.08954,46.56479,55.6065
1213.1116,589.51666,47.595036,56.836792
1227.2823,592.1865,47.595036,56.836792
1234.2134,595.60614,48.648075,58.094307
1239.0415,587.4194,48.648075,58.094307
1241.7704,590.5681,48.648075,58.094307
1210.4928,534.52026,48.648075,58.094307
1178.0319,518.75104,47.61064,56.855427
1200.8357,518.9565,47.61064,56.855427
1230.2136,517.5184,47.61064,56.855427
1200.4861,573.79895,48.66403,58.113354
1224.6344,574.4289,48.66403,58.113354
1236.2852,573.63184,47.62625,56.87407
1235.2576,566.8501,47.62625,56.87407
1219.4335,543.2167,47.62625,56.87407
1230.8357,542.83264,46.610607,55.661213
1241.6069,544.39545,45.616623,54.47422
1246.8364,544.7866,44.643833,53.312542
1195.4019,511.4601,44.643833,53.312542
1204.0706,512.42334,44.643833,53.312542
1218.9037,513.7718,44.643833,53.312542
1230.2694,511.2675,44.643833,53.312542
1233.1589,512.2307,44.643833,53.312542
1237.5896,512.80865,44.643833,53.312542
1235.0853,506.06625,44.643833,53.312542
1239.516,503.94724,44.643833,53.312542
1242.0203,501.82822,44.643833,53.312542
1239.9012,528.2197,44.643833,53.312542
1235.8558,579.65424,44.643833,53.312542
1236.819,583.3144,44.643833,53.312542
1239.7087,586.66797,43.69179,52.175636
1244.3541,589.5866,42.76005,51.062977
1246.4106,588.8862,41.84818,49.974045
1245.1466,589.428,41.84818,49.974045
1242.6228,587.189,42.77407,51.07972
1236.9794,586.4325,43.720448,52.209858
1240.1731,588.262,42.788097,51.096466
1239.0277,588.9848,41.87563,50.006817
1243.2512,599.4924,42.802128,51.113216
1191.616,597.20233,43.749126,52.244095
1201.6212,595.88086,43.749126,52.244095
1215.402,594.1819,43.749126,52.244095
1234.6097,597.1044,42.816162,51.129974
1243.2931,595.8111,42.816162,51.129974
1241.9999,581.9547,42.816162,51.129974
1239.9677,575.4884,42.816162,51.129974
1237.753,559.82886,41.903095,50.03961
1242.9053,562.628,41.0095,48.972504
1195.658,528.1215,41.0095,48.972504
1213.3218,528.4732,40.13496,47.92815
1235.6624,528.99274,40.13496,47.92815
1244.9373,532.00757,39.27907,46.906067
1241.039,540.3126,39.27907,46.906067
1245.8685,547.1839,38.441433,45.90578
1238.7358,545.0275,38.441433,45.90578
1245.205,546.8522,38.441433,45.90578
1250.2513,550.0596,37.62166,44.926826
1207.2318,552.81934,37.62166,44.926826
1220.0565,554.2804,37.62166,44.926826
1232.8812,552.81934,37.62166,44.926826
1245.3812,555.90375,37.62166,44.926826
1251.2588,552.784,36.819366,43.96875
1243.7916,577.4098,36.819366,43.96875
1247.7635,578.83966,36.819366,43.96875
1250.1467,580.26953,36.819366,43.96875
1213.7642,537.8497,36.819366,43.96875
1216.1473,538.64404,36.819366,43.96875
1223.1575,539.31146,37.633995,44.94156
1232.089,540.1234,37.633995,44.94156
1239.3966,538.9867,37.633995,44.94156
1243.7811,540.1234,37.633995,44.94156
1241.9949,542.2345,37.633995,44.94156
1244.4427,548.30804,38.46665,45.93589
1248.2604,555.77734,38.46665,45.93589
1245.5961,600.90436,39.317722,46.95222
1247.4623,605.14575,39.317722,46.95222
1249.6678,607.35126,39.317722,46.95222
1242.0743,564.518,38.47926,45.95095
1249.214,568.0048,38.47926,45.95095
1244.731,555.21985,38.47926,45.95095
1246.8894,554.05756,38.47926,45.95095
1246.3912,598.05774,38.47926,45.95095
1249.5221,595.1869,37.658676,44.97103
1251.3096,626.5489,37.658676,44.97103
1249.9882,624.0526,36.855595,44.01201
1242.5137,660.15295,36.855595,44.01201
1250.7242,655.56384,36.069637,43.07344
1211.0547,628.2703,35.30044,42.15489
1222.1487,624.16846,34.54765,41.255924
1237.8014,621.33606,34.54765,41.255924
1248.9462,618.7586,33.81091,40.37613
1247.2097,588.7957,34.558975,41.26945
1252.7273,585.9624,34.558975,41.26945
1250.4905,579.8484,34.558975,41.26945
1247.9554,576.1203,34.558975,41.26945
1246.0168,573.287,34.558975,41.26945
1250.6396,574.9273,34.558975,41.26945
1249.1396,574.6486,33.821995,40.389366
1245.783,559.0328,33.821995,40.389366
1247.3883,555.3842,33.821995,40.389366
1249.2855,558.1571,33.821995,40.389366
1252.9996,558.16455,34.570305,41.28298
1218.8395,570.8441,34.570305,41.28298
1228.834,570.69495,34.570305,41.28298
1242.4086,569.65076,34.570305,41.28298
1244.9445,568.9049,34.570305,41.28298
1252.9335,567.1884,33.833084,40.40261
1247.2399,578.1377,33.833084,40.40261
1236.8745,580.0356,33.833084,40.40261
1238.4803,579.3056,33.833084,40.40261
1238.6263,579.1596,33.833084,40.40261
1241.1082,581.3495,33.833084,40.40261
1243.59,582.9554,33.833084,40.40261
1245.4878,584.2693,33.833084,40.40261
1247.6776,586.1672,33.833084,40.40261
1250.7434,588.06506,33.833084,40.40261
1251.7654,591.13086,33.833084,40.40261
1245.7798,593.02875,33.833084,40.40261
1248.8456,595.2186,33.833084,40.40261
1245.5935,600.6788,34.581642,41.29652
1249.5579,606.72833,33.844177,40.41586
1253.793,607.4585,33.844177,40.41586
1244.4414,600.1477,33.12244,39.553978
1250.5872,600.00476,33.12244,39.553978
1255.3036,600.43353,33.12244,39.553978
1228.8627,591.1435,33.12244,39.553978
1241.2008,593.9071,32.416096,38.710476
1251.9712,596.00525,32.416096,38.710476
1255.9569,599.2492,31.724813,37.884964
1245.4161,622.6579,31.724813,37.884964
1220.091,590.2143,31.724813,37.884964
1226.5249,591.9939,31.724813,37.884964
1237.6133,593.7735,31.724813,37.884964
1248.7017,594.73175,31.724813,37.884964
1254.3142,596.78516,31.724813,37.884964
1230.6317,591.7201,31.724813,37.884964
1235.423,594.86865,31.724813,37.884964
1236.9288,598.56476,31.724813,37.884964
1241.7201,601.1657,31.724813,37.884964
1239.393,603.49286,31.724813,37.884964
1235.6968,606.0938,31.724813,37.884964
1227.8939,608.69476,31.724813,37.884964
1220.9752,612.66125,31.048273,37.077057
1211.7311,614.4029,31.048273,37.077057
1205.9702,617.4843,31.048273,37.077057
1200.2094,618.958,31.048273,37.077057
1192.8408,620.9676,31.048273,37.077057
1187.8838,622.9772,31.048273,37.077057
1185.7334,623.262,31.735216,37.89739
1180.1189,625.58997,31.735216,37.89739
1182.4371,628.76575,31.058453,37.089214
1183.9114,631.84814,31.058453,37.089214
1182.8215,636.7647,30.396122,36.298275
1181.6411,639.51904,30.396122,36.298275
1179.936,641.2241,30.396122,36.298275
1175.0831,646.077,30.396122,36.298275
1172.3287,648.04443,30.396122,36.298275
1165.7,651.08624,29.747915,35.524204
1159.1534,656.3491,29.747915,35.524204
1153.6339,658.27454,29.747915,35.524204
1148.8845,660.19995,29.747915,35.524204
1144.3918,664.6926,29.747915,35.524204
1143.2366,666.3613,29.747915,35.524204
1137.4602,668.28674,29.747915,35.524204
1130.657,669.6987,29.747915,35.524204
1121.5432,674.7049,29.747915,35.524204
1111.5913,676.9395,29.113531,34.76664
1102.1694,678.3214,29.113531,34.76664
1092.4963,677.442,29.113531,34.76664
1105.1844,685.60767,29.113531,34.76664
1096.265,684.97955,29.113531,34.76664
1086.8431,683.34644,29.113531,34.76664
1074.4062,681.7133,29.113531,34.76664
1061.7181,679.8289,29.113531,34.76664
1044.7588,680.2058,29.113531,34.76664
1027.0457,678.5727,29.113531,34.76664
1010.0863,678.1958,29.113531,34.76664
1001.1669,677.3164,29.113531,34.76664
990.4887,676.437,29.113531,34.76664
978.80554,674.8039,29.113531,34.76664
969.38367,675.1808,29.113531,34.76664
959.7105,669.02515,29.113531,34.76664
951.04236,666.8895,29.113531,34.76664
937.60046,664.7539,29.113531,34.76664
925.6661,663.372,29.113531,34.76664
912.9779,661.7389,29.113531,34.76664
903.30475,661.6133,29.113531,34.76664
893.8829,660.48267,29.113531,34.76664
884.7122,660.35706,29.113531,34.76664
868.0041,654.4527,29.113531,34.76664
846.52216,649.80457,29.113531,34.76664
831.82404,648.42267,29.113531,34.76664
822.1509,647.5433,29.113531,34.76664
804.94025,645.91016,29.113531,34.76664
792.00085,645.53326,29.113531,34.76664
782.579,645.6589,29.113531,34.76664
772.1521,647.292,29.113531,34.76664
761.2227,646.4126,29.113531,34.76664
750.79584,645.282,29.113531,34.76664
739.6152,646.6639,29.113531,34.76664
730.4445,646.03577,29.113531,34.76664
720.77136,646.1614,29.113531,34.76664
710.3445,644.7795,29.113531,34.76664
700.4201,643.3976,29.113531,34.76664
693.00824,643.5232,29.113531,34.76664
679.56635,642.3926,29.113531,34.76664
670.8982,642.0157,29.113531,34.76664
656.2001,643.1463,29.113531,34.76664
634.4669,643.7744,29.113531,34.76664
624.79376,645.40753,29.113531,34.76664
610.84937,646.53815,29.113531,34.76664
595.89996,647.41754,29.113531,34.76664
586.4781,648.54816,29.113531,34.76664
571.27747,650.43256,29.113531,34.76664
558.3381,649.55316,29.113531,34.76664
548.4137,651.6888,29.113531,34.76664
534.2181,652.8194,29.113531,34.76664
517.00745,653.1963,29.113531,34.76664
504.06805,654.0757,29.113531,34.76664
487.3599,655.9601,29.113531,34.76664
465.12424,657.342,29.113531,34.76664
446.9086,656.9651,29.113531,34.76664
431.70795,658.0957,29.113531,34.76664
409.4723,657.9701,29.113531,34.76664
398.0404,658.347,29.113531,34.76664
380.07602,657.7189,29.113531,34.76664
355.32785,656.337,29.113531,34.76664
337.61472,657.4676,29.113531,34.76664
318.64532,656.5882,29.113531,34.76664
301.93716,658.7238,29.113531,34.76664
287.239,660.35693,29.113531,34.76664
273.54587,661.99005,29.113531,34.76664
259.09897,664.1257,29.113531,34.76664
248.92334,664.50256,29.113531,34.76664
239.2502,665.88446,29.113531,34.76664
237.36581,667.76886,29.113531,34.76664
238.2452,668.397,29.113531,34.76664
239.37582,668.27136,29.113531,34.76664
237.99394,668.64825,29.113531,34.76664
241.13457,668.52264,29.113531,34.76664
246.53644,669.90454,29.113531,34.76664
251.68707,670.28143,29.113531,34.76664
255.3302,669.1508,29.113531,34.76664
255.45581,668.0202,29.113531,34.76664
256.83768,668.8996,29.113531,34.76664
254.19955,667.769,29.113531,34.76664
250.05392,666.3871,29.113531,34.76664
244.40079,664.25146,29.113531,34.76664
238.4964,662.36707,29.113531,34.76664
233.34576,660.73395,29.113531,34.76664
225.93388,659.1008,29.113531,34.76664
218.522,656.7139,29.113531,34.76664
209.10011,655.5833,29.113531,34.76664
200.18073,654.2014,29.113531,34.76664
196.78885,653.5733,29.113531,34.76664
194.40198,652.4427,29.113531,34.76664
188.74884,652.5683,29.113531,34.76664
187.61821,651.6889,29.113531,34.76664
188.24634,650.8095,29.113531,34.76664
184.85446,648.6739,29.113531,34.76664
179.70383,647.292,29.113531,34.76664
172.5432,645.9101,29.113531,34.76664
161.36256,645.282,29.113531,34.76664
151.18692,643.9001,29.113531,34.76664
141.76503,644.5282,29.113531,34.76664
130.83565,643.3976,29.113531,34.76664
120.66,644.5282,29.113531,34.76664
110.48437,645.9101,29.113531,34.76664
97.544975,645.0307,29.113531,34.76664
86.11308,645.9101,29.113531,34.76664
64.88243,647.7945,29.113531,34.76664
42.395523,649.1764,29.113531,34.76664
18.149868,651.0608,29.113531,34.76664
-0.3170328,653.4477,29.113531,34.76664
-10.9951725,655.5833,29.113531,34.76664
23.482502,669.66595,29.757668,35.53585
13.595346,669.53754,29.757668,35.53585
-1.7876844,671.942,30.416056,36.322083
-8.218718,667.3485,30.416056,36.322083
3.199647,681.6543,30.416056,36.322083
2.5434198,684.673,30.416056,36.322083
-2.575158,686.6416,30.416056,36.322083
-9.461443,687.9144,29.767424,35.547504
0.42895508,658.2432,29.767424,35.547504
-4.8373604,660.6837,29.767424,35.547504
7.226842,654.0271,30.426027,36.333992
-2.0946493,655.7338,30.426027,36.333992
-7.4774823,653.2393,30.426027,36.333992
7.8503027,689.20593,31.099203,37.137882
0.40576077,687.54205,31.787273,37.959557
37.765198,675.0261,32.490566,38.79941
25.33305,675.6151,33.20942,39.65785
9.1402645,673.7522,33.20942,39.65785
2.6918106,675.3285,33.20942,39.65785
-6.336025,678.91095,33.20942,39.65785
-7.9123135,681.0604,33.20942,39.65785
-9.488603,682.3501,33.20942,39.65785
-9.058706,683.9264,33.20942,39.65785
-10.921593,682.0635,33.20942,39.65785
-12.497881,681.06036,33.20942,39.65785
-10.348396,684.06964,33.20942,39.65785
-11.789849,687.393,32.501217,38.812134
-13.458914,685.9451,33.220306,39.670853
-16.006159,686.50635,32.511875,38.82486
2.0541115,688.6781,31.81855,37.996906
38.712505,667.67163,31.81855,37.996906
31.984936,670.0057,31.81855,37.996906
26.355743,671.5159,31.81855,37.996906
19.308788,672.3776,32.522537,38.83759
7.1555996,670.92883,33.2421,39.696873
-0.50427055,672.722,33.97758,40.575165
-5.342519,678.14667,33.97758,40.575165
-4.9026785,684.45105,33.97758,40.575165
-5.635746,684.59766,33.97758,40.575165
-7.5417233,683.86456,33.97758,40.575165
-5.342519,686.357,33.97758,40.575165
33.803307,674.18805,33.97758,40.575165
27.79215,675.8008,33.97758,40.575165
17.382586,673.60156,33.97758,40.575165
1.9881592,674.0414,33.97758,40.575165
-2.5568619,671.54895,33.97758,40.575165
-5.3425198,668.7633,33.97758,40.575165
-8.230457,661.7063,33.253,39.70989
-7.2260485,655.5364,33.253,39.70989
-8.804405,680.07263,33.253,39.70989
-10.800953,685.61316,32.54387,38.863064
-14.920547,683.1851,31.849861,38.034298
-15.243267,677.36487,31.170652,37.223206
7.2185106,687.72144,31.170652,37.223206
1.9729452,685.9729,31.170652,37.223206
-5.1556435,684.4934,31.170652,37.223206
-10.132205,686.511,31.170652,37.223206
-6.0402784,685.4818,30.505928,36.42941
-0.9065771,688.2461,30.505928,36.42941
4.1130934,690.53766,29.85538,35.652542
-14.824367,678.0415,29.85538,35.652542
-15.822927,679.91925,30.51593,36.441353
-14.374486,682.1578,30.51593,36.441353
-14.429857,681.65796,29.86517,35.66423
-15.0742,681.0136,29.86517,35.66423
-15.37681,680.0275,29.228285,34.90368
-16.259653,678.38794,29.228285,34.90368
-13.863366,662.6229,29.228285,34.90368
-1.5171003,657.28174,28.604982,34.159348
2.0623922,659.38007,28.604982,34.159348
-0.035930634,660.7378,28.604982,34.159348
-6.0363054,663.3624,27.994972,33.43089
-6.7219853,664.6219,28.61436,34.170547
-8.327112,667.46173,28.61436,34.170547
-9.685295,672.52405,28.61436,34.170547
-4.7496834,671.2493,29.247454,34.92657
-3.6329412,670.99384,29.894554,35.69932
-5.567871,671.6388,29.894554,35.69932
-3.6234245,670.30707,30.555971,36.48917
-8.765548,670.9663,30.555971,36.48917
-11.006987,670.30707,30.555971,36.48917
-13.775822,644.86017,30.555971,36.48917
-12.3254795,645.5194,30.555971,36.48917
-13.347473,652.91296,31.232021,37.296494
22.63518,663.82904,31.232021,37.296494
16.031622,661.80756,31.232021,37.296494
5.654602,662.7509,31.232021,37.296494
-0.11746597,663.5383,30.565989,36.501133
-8.954267,666.30804,30.565989,36.501133
-12.314987,649.5353,29.91416,35.722736
-10.378636,645.5617,29.276232,34.960938
-4.1886024,646.19336,29.276232,34.960938
-7.0941286,647.58295,29.276232,34.960938
-8.12134,649.78217,28.651907,34.215385
-9.975838,651.14215,28.651907,34.215385
-6.929548,619.92834,28.040897,33.485733
25.376585,619.8074,28.040897,33.485733
33.725357,609.76465,28.040897,33.485733
36.0243,608.91766,28.040897,33.485733
15.575848,607.5867,28.040897,33.485733
-7.333213,608.2936,27.442917,32.77164
-8.872627,599.6492,27.442917,32.77164
-11.833038,598.3466,27.442917,32.77164
20.666212,630.7869,28.05009,33.49671
18.36652,631.3921,28.05009,33.49671
11.467443,632.7235,28.05009,33.49671
2.3897123,634.7811,28.05009,33.49671
-1.8465624,635.8705,28.05009,33.49671
-1.9675989,636.7177,28.05009,33.49671
-3.40808,637.9797,28.670698,34.237827
-2.056652,636.7024,29.305037,34.99534
-2.1831036,637.84045,29.305037,34.99534
-2.562458,636.9553,29.305037,34.99534
-3.9534245,635.56433,29.305037,34.99534
-2.309554,636.1966,29.305037,34.99534
-4.7121334,636.5759,29.305037,34.99534
-3.57407,634.4263,29.305037,34.99534
-3.7005215,635.56433,29.305037,34.99534
-2.815361,634.4263,29.305037,34.99534
-3.7005215,635.3114,29.305037,34.99534
-2.815361,635.69073,29.305037,34.99534
-3.5998201,635.942,28.680098,34.249054
-3.2285557,635.81824,28.680098,34.249054
-3.1048012,634.70447,28.680098,34.249054
-2.9810467,634.82825,28.680098,34.249054
-4.342351,633.4669,28.680098,34.249054
-3.2285566,632.1056,28.680098,34.249054
-3.1048021,632.97186,28.680098,34.249054
-2.9810476,631.36304,28.680098,34.249054
-2.6097832,631.4868,28.680098,34.249054
-2.9810476,629.878,28.680098,34.249054
-2.3995504,627.5731,29.314644,35.006813
3.7986069,627.9526,29.314644,35.006813
10.755722,628.33203,29.314644,35.006813
12.400131,627.1936,29.314644,35.006813
11.371572,626.22577,28.6895,34.26028
13.228503,626.59717,28.6895,34.26028
14.342662,625.2354,28.6895,34.26028
19.66587,625.3592,28.6895,34.26028
19.046894,623.50226,28.6895,34.26028
21.39901,622.1405,28.6895,34.26028
27.2174,622.75946,28.6895,34.26028
28.82674,621.6453,28.6895,34.26028
31.426445,620.28357,28.6895,34.26028
33.77856,620.9025,28.6895,34.26028
32.664402,618.798,28.6895,34.26028
30.55988,617.9314,28.6895,34.26028
28.455357,616.3221,28.6895,34.26028
27.341198,616.94104,28.6895,34.26028
24.741493,617.56,28.6895,34.26028
23.627335,617.9314,28.6895,34.26028
20.532448,616.81726,28.6895,34.26028
17.932743,617.68384,28.6895,34.26028
15.333037,617.0649,28.6895,34.26028
11.495378,617.68384,28.6895,34.26028
5.1818075,616.5697,28.6895,34.26028
2.3345098,617.18866,28.6895,34.26028
-3.2488174,614.62616,29.324257,35.018288
-5.906041,612.9812,29.324257,35.018288
-12.359299,613.86694,29.324257,35.018288
1.6860266,580.0822,29.324257,35.018288
-5.3336287,581.664,29.973057,35.793068
-6.0677586,587.03796,30.636211,36.58499
-7.521909,589.8141,30.636211,36.58499
16.96385,626.0292,31.314037,37.394436
14.937044,632.9203,31.314037,37.394436
9.93759,637.109,31.314037,37.394436
6.55958,639.1358,31.314037,37.394436
4.532774,642.2436,31.314037,37.394436
1.6952457,643.7299,31.314037,37.394436
-2.4934864,644.4055,31.314037,37.394436
-5.060774,644.0002,31.314037,37.394436
-5.117593,643.7477,30.646255,36.59699
-5.51431,643.0865,30.646255,36.59699
-7.0994267,644.36896,29.992714,35.816547
5.7130413,645.79254,29.992714,35.816547
4.80711,644.8866,29.992714,35.816547
3.6423397,645.79254,29.992714,35.816547
1.3425798,645.5507,29.35311,35.05275
-4.357074,646.4373,29.35311,35.05275
-4.990369,647.5773,29.35311,35.05275
-3.3438025,645.1708,29.35311,35.05275
9.866572,634.92737,30.002546,35.828293
6.8889627,634.2801,30.002546,35.828293
4.1702757,633.8917,30.002546,35.828293
-1.3999557,633.8983,30.666353,36.620995
-1.7969322,632.7074,30.666353,36.620995
-4.311119,633.8983,30.666353,36.620995
-6.7096834,633.63043,31.344847,37.431232
-4.4103765,633.2247,31.344847,37.431232
-4.5456295,634.17145,31.344847,37.431232
-4.6808825,637.2823,31.344847,37.431232
-5.0866423,639.0406,31.344847,37.431232
-2.7873354,639.98737,31.344847,37.431232
-4.2751217,642.2867,31.344847,37.431232
-2.2463217,641.0694,31.344847,37.431232
-3.5753517,642.7602,32.038353,38.2594
-4.819564,643.7279,32.038353,38.2594
-4.404826,642.4837,32.038353,38.2594
-9.492441,643.0645,32.7472,39.10589
-11.04679,640.66235,32.7472,39.10589
-12.318531,640.80365,32.7472,39.10589
-13.87288,640.66235,32.7472,39.10589
-16.275057,640.80365,32.7472,39.10589
-15.285925,641.5102,32.7472,39.10589
-15.42723,641.6515,32.7472,39.10589
-15.285925,640.94495,32.7472,39.10589
-14.862012,640.2384,32.7472,39.10589
-14.104248,639.42957,32.048855,38.271942
-13.965957,638.7381,32.048855,38.271942
-14.933994,638.5998,32.048855,38.271942
-14.192391,637.0085,31.365404,37.45578
-14.771104,627.3632,30.696527,36.657024
-15.433383,621.93256,30.696527,36.657024
-17.15531,617.29663,30.696527,36.657024
-15.168471,618.2238,30.696527,36.657024
-14.546091,616.5815,31.375689,37.46806
-14.081051,616.85046,30.706593,36.66904
-14.647608,615.0704,30.051765,35.887062
-15.295977,615.4594,30.051765,35.887062
-16.46304,614.5517,30.051765,35.887062
-22.016981,613.5595,29.410902,35.12176
-24.42824,612.1635,29.410902,35.12176
-14.695902,615.1067,28.783705,34.37278
-13.3296795,617.46655,28.783705,34.37278
-14.447497,615.3551,28.783705,34.37278
-13.3296795,612.4985,28.783705,34.37278
-13.950689,613.8647,28.783705,34.37278
-14.242343,612.6749,28.169884,33.63977
-14.12079,610.8516,28.169884,33.63977
-13.02681,610.48694,28.169884,33.63977
-13.46455,609.23206,28.793142,34.384052
-13.588793,609.8533,28.793142,34.384052
-12.96758,607.2442,28.793142,34.384052
19.31322,628.32794,28.17912,33.650803
18.558899,628.3351,27.578192,32.93319
15.583894,627.02606,27.578192,32.93319
13.698669,625.6568,26.990078,32.23088
9.622482,626.47205,26.990078,32.23088
7.176771,624.958,26.990078,32.23088
