183.0,260.0,38.0,48.0
181.14095,259.49298,38.0,48.0
179.95792,259.662,38.0,48.0
178.43687,258.14093,38.0,48.0
177.25385,258.30994,38.0,48.0
175.7328,257.4649,38.0,48.0
174.88777,256.61987,38.0,48.0
175.39479,255.09882,38.0,48.0
176.23982,254.25378,38.0,48.0
177.42285,254.42279,38.0,48.0
178.9439,253.91577,38.0,48.0
180.12692,252.73273,38.0,48.0
181.64796,252.22571,38.0,48.0
182.493,251.71869,38.0,48.0
184.01404,250.87366,38.0,48.0
184.85907,251.38068,38.0,48.0
186.0421,251.54968,38.0,48.0
187.22513,250.70465,38.0,48.0
188.03215,252.10242,38.84075,49.062
189.93234,251.5842,38.84075,49.062
191.14156,253.13889,38.84075,49.062
192.35077,252.62067,38.84075,49.062
193.2145,254.52084,38.84075,49.062
194.07822,255.73004,38.84075,49.062
195.63292,256.59375,38.84075,49.062
196.49664,257.11197,38.84075,49.062
197.36037,256.59375,38.84075,49.062
198.22409,257.45746,38.84075,49.062
198.39684,256.93924,38.84075,49.062
198.56958,258.14844,38.84075,49.062
199.08781,256.24826,38.84075,49.062
198.91507,255.38455,38.84075,49.062
199.7788,255.21182,38.84075,49.062
200.29703,255.0391,38.84075,49.062
200.81526,255.55731,38.84075,49.062
202.02448,255.73004,38.84075,49.062
203.57918,255.55731,38.84075,49.062
204.78839,254.6936,38.84075,49.062
205.65211,254.86633,38.84075,49.062
206.51584,254.00262,38.84075,49.062
207.37956,252.10245,38.84075,49.062
207.8978,251.23874,38.84075,49.062
208.76152,250.37503,38.84075,49.062
207.8978,250.89325,38.84075,49.062
209.4525,251.06598,38.84075,49.062
210.31622,250.54776,38.84075,49.062
211.17995,252.79343,38.84075,49.062
212.73465,254.34811,38.84075,49.062
215.6713,254.17538,38.84075,49.062
218.26245,254.6936,38.84075,49.062
220.8536,257.28476,38.84075,49.062
225.09727,265.3004,38.012463,48.01574
227.29506,263.10263,38.012463,48.01574
228.8166,264.96228,38.012463,48.01574
226.95694,261.41202,38.012463,48.01574
225.4354,256.50928,38.012463,48.01574
222.74466,253.27342,37.201836,46.99179
220.11131,257.12344,36.408497,45.989677
221.90419,260.8914,35.632076,45.008934
223.0135,262.31766,35.632076,45.008934
219.88028,263.56128,34.87221,44.049107
218.30878,260.89172,34.12855,43.109745
217.94116,263.5459,33.40075,42.19042
221.01773,262.42078,32.68847,41.290695
225.14972,260.19864,31.991377,40.41016
232.48491,257.20105,31.30915,39.5484
238.47255,254.83383,31.30915,39.5484
241.62488,253.51074,30.641474,38.70502
245.49811,253.26666,29.988035,37.879623
249.89938,254.20026,29.988035,37.879623
251.119,252.93298,29.348532,37.07183
250.04803,255.21542,28.722666,36.28126
251.45325,256.00687,29.358154,37.083984
257.32892,253.78717,29.358154,37.083984
264.1839,244.02972,30.007704,37.90447
269.52063,243.53345,29.36778,37.096146
276.25427,245.06201,28.741505,36.305058
278.42734,244.67853,28.741505,36.305058
281.36737,244.0394,28.741505,36.305058
282.77347,244.42288,28.741505,36.305058
284.17957,242.76111,28.741505,36.305058
286.33414,241.0537,28.128584,35.53084
287.20984,244.43144,28.128584,35.53084
288.83615,247.30879,28.128584,35.53084
290.73148,245.488,28.750929,36.316963
294.95117,245.61588,28.750929,36.316963
296.61346,249.83557,28.750929,36.316963
298.02002,255.33395,28.750929,36.316963
302.49545,264.9242,28.750929,36.316963
304.66925,269.65536,28.750929,36.316963
303.00696,283.8489,28.750929,36.316963
297.50858,288.58008,28.750929,36.316963
288.17407,290.75388,28.750929,36.316963
278.43683,295.2607,29.387043,37.120476
269.15723,296.6984,29.387043,37.120476
259.4757,298.05054,30.037231,37.941765
249.02562,296.66058,30.701805,38.781227
224.58385,311.54413,30.701805,38.781227
222.68588,306.72345,31.381083,39.639263
221.15063,294.5811,31.381083,39.639263
227.60913,287.04733,32.07539,40.51628
243.0908,289.1152,32.785057,41.412704
237.43333,284.26996,33.510426,42.32896
246.52463,300.21698,33.510426,42.32896
235.94296,305.73138,33.510426,42.32896
237.58238,311.84192,33.510426,42.32896
236.53912,315.26978,33.510426,42.32896
230.7565,317.43018,34.251842,43.265488
272.5763,313.94867,35.009663,44.222736
288.61395,291.37137,35.009663,44.222736
304.54263,278.76633,35.784252,45.201164
311.0678,250.59671,35.784252,45.201164
321.7309,247.57285,35.784252,45.201164
319.02533,248.36859,35.784252,45.201164
312.81845,250.75586,35.784252,45.201164
301.83707,252.1882,35.784252,45.201164
289.71777,249.87186,36.575977,46.20124
281.71844,247.50427,37.38522,47.223442
260.16132,250.73222,36.587967,46.21639
252.83868,246.98955,36.587967,46.21639
239.77188,224.36194,37.397476,47.238926
232.61987,227.85477,37.397476,47.238926
240.55338,234.29005,36.599964,46.23154
252.43619,231.52283,36.599964,46.23154
241.53003,233.9645,36.599964,46.23154
227.32907,236.1833,35.819458,45.24564
218.24857,251.9547,35.819458,45.24564
250.41513,245.83453,35.055595,44.28076
242.15192,252.22684,35.055595,44.28076
233.8887,251.7591,35.055595,44.28076
231.86188,253.1623,35.055595,44.28076
230.58266,255.58803,34.308025,43.33646
228.90422,265.50604,34.308025,43.33646
229.66714,263.21725,34.308025,43.33646
227.82692,261.17917,33.576397,42.412296
225.88562,259.83517,33.576397,42.412296
223.347,253.41394,33.576397,42.412296
220.80838,250.57666,33.576397,42.412296
217.80312,251.19197,34.319275,43.35067
215.36479,248.33704,35.07859,44.309803
217.40466,244.44775,35.854706,45.290157
219.47769,236.63403,35.854706,45.290157
217.40466,230.41495,35.854706,45.290157
235.10513,226.10942,35.854706,45.290157
255.99489,219.89034,35.854706,45.290157
252.64616,214.94696,35.854706,45.290157
252.48671,210.64143,35.854706,45.290157
250.73262,209.20625,35.854706,45.290157
240.04854,216.0632,35.854706,45.290157
228.72661,218.13623,35.854706,45.290157
222.1886,216.70105,35.854706,45.290157
215.33966,215.3728,36.64799,46.292202
213.22076,213.90587,36.64799,46.292202
214.36171,212.11296,36.64799,46.292202
212.24281,210.97202,36.64799,46.292202
208.16801,213.74287,36.64799,46.292202
204.4192,219.44759,36.64799,46.292202
197.0805,221.47205,37.458828,47.316418
172.6406,219.0473,38.287605,48.363293
168.15363,220.45564,39.13472,49.43333
161.01752,221.67401,39.13472,49.43333
153.18521,223.24048,39.13472,49.43333
149.87823,220.97781,39.13472,49.43333
153.18521,219.75945,39.13472,49.43333
160.66943,221.67401,39.13472,49.43333
160.84348,219.41135,39.13472,49.43333
158.2327,218.54109,39.13472,49.43333
150.74847,220.45566,39.13472,49.43333
153.02423,217.56128,40.000576,50.527042
180.95493,199.23732,40.000576,50.527042
193.2302,196.92459,40.000576,50.527042
193.4081,196.03508,40.000576,50.527042
230.23392,212.58002,40.000576,50.527042
215.82382,210.26729,40.000576,50.527042
208.55208,212.47693,40.88559,51.644955
226.33937,219.51245,40.01369,50.54361
224.02588,217.55489,40.01369,50.54361
227.05121,217.021,40.01369,50.54361
238.61867,218.97856,40.01369,50.54361
240.207,219.71185,40.898994,51.66189
266.58224,217.34718,40.898994,51.66189
273.67627,218.25667,40.898994,51.66189
277.13232,219.52995,40.898994,51.66189
275.2892,218.5029,40.02681,50.560184
272.97498,216.90073,40.02681,50.560184
267.4564,215.65459,40.02681,50.560184
266.56628,214.05241,40.02681,50.560184
279.86194,206.87021,39.173225,49.48197
281.11926,205.21478,38.337845,48.426754
274.12845,213.22864,38.337845,48.426754
268.16068,218.17336,38.337845,48.426754
261.8519,218.68488,38.337845,48.426754
249.74588,216.8093,38.337845,48.426754
236.9578,215.27473,38.337845,48.426754
234.40018,214.08118,38.337845,48.426754
230.96875,214.42996,39.18607,49.498196
221.7319,216.34705,39.18607,49.498196
217.72346,217.91557,39.18607,49.498196
219.64056,215.37903,40.053062,50.59334
220.88751,213.41954,40.053062,50.59334
221.06564,215.02277,40.053062,50.59334
219.8187,215.91345,40.053062,50.59334
223.20328,214.31023,40.053062,50.59334
224.42354,212.82646,40.939236,51.71272
222.05653,213.73685,40.939236,51.71272
228.21533,211.46461,41.845016,52.85686
236.21786,211.65073,41.845016,52.85686
239.38165,208.85915,41.845016,52.85686
242.17325,208.30083,41.845016,52.85686
244.96484,206.9981,41.845016,52.85686
249.6175,209.04526,41.845016,52.85686
248.31476,212.20906,41.845016,52.85686
251.10635,215.37286,41.845016,52.85686
302.19705,226.95248,42.770836,54.026318
299.3437,227.52315,42.770836,54.026318
295.72946,226.95248,42.770836,54.026318
287.1694,229.42538,42.770836,54.026318
277.84845,231.51785,42.770836,54.026318
269.2884,228.6645,42.770836,54.026318
259.96744,226.9525,42.770836,54.026318
249.8856,229.04495,42.770836,54.026318
240.56465,227.7134,42.770836,54.026318
232.7655,225.62094,42.770836,54.026318
224.96635,223.90894,42.770836,54.026318
217.9281,221.05559,42.770836,54.026318
210.88985,217.0609,42.770836,54.026318
201.56891,214.588,42.770836,54.026318
187.30217,218.96313,42.770836,54.026318
176.9407,223.0228,41.858734,52.87419
170.42487,218.74097,41.858734,52.87419
192.17381,211.78217,42.78486,54.044033
194.26698,208.61783,43.731472,55.239758
191.73854,209.9793,43.731472,55.239758
194.65598,224.56647,43.731472,55.239758
190.96056,229.03986,43.731472,55.239758
181.43027,233.12427,43.731472,55.239758
169.95502,236.4307,43.731472,55.239758
155.75684,235.06921,43.731472,55.239758
141.16966,236.04169,43.731472,55.239758
127.576035,238.31787,42.798885,54.061752
119.39107,236.60474,42.798885,54.061752
110.82541,234.8916,42.798885,54.061752
114.499146,231.33127,43.74581,55.25787
135.317,244.75586,43.74581,55.25787
139.79187,245.72867,43.74581,55.25787
141.93202,248.25793,43.74581,55.25787
139.40276,253.51105,43.74581,55.25787
135.317,256.81857,43.74581,55.25787
128.4699,259.09552,42.81292,54.07948
119.90143,258.5243,42.81292,54.07948
112.513535,247.45584,43.760155,55.27599
128.27802,242.59027,43.760155,55.27599
136.64682,245.50961,43.760155,55.27599
146.18336,242.20102,43.760155,55.27599
166.22955,257.187,43.760155,55.27599
181.60478,260.88486,43.760155,55.27599
195.03378,264.97195,43.760155,55.27599
200.94046,275.12836,42.826958,54.097214
204.22139,273.54184,43.774506,55.294113
202.46921,270.23215,43.774506,55.294113
205.77888,268.09058,43.774506,55.294113
204.41608,253.48904,43.774506,55.294113
196.43391,264.9756,43.774506,55.294113
200.52234,267.8959,43.774506,55.294113
206.947,266.1437,43.774506,55.294113
218.43355,264.3915,43.774506,55.294113
229.92009,263.0287,43.774506,55.294113
243.3535,249.2059,43.774506,55.294113
255.99846,252.83595,44.743015,56.517494
264.38113,256.95923,45.732956,57.767944
271.50003,263.26456,45.732956,57.767944
282.2801,264.28156,45.732956,57.767944
286.55142,266.51892,45.732956,57.767944
285.12766,270.79025,45.732956,57.767944
280.44952,274.65482,45.732956,57.767944
280.24612,282.1805,45.732956,57.767944
284.51746,286.45184,45.732956,57.767944
294.21924,287.26385,44.757687,56.536026
294.8164,284.27795,44.757687,56.536026
297.02042,280.08414,43.803215,55.33038
300.30408,278.6086,42.8691,54.150444
269.6078,261.63986,42.8691,54.150444
265.98523,264.88107,42.8691,54.150444
263.88797,262.7838,42.8691,54.150444
266.36655,265.2624,42.8691,54.150444
268.84512,265.07172,42.8691,54.150444
277.80615,270.98218,42.8691,54.150444
285.0465,267.8116,43.817577,55.348522
298.10828,276.2977,44.78704,56.57311
311.83316,274.40503,43.831944,55.36667
340.27045,250.5335,44.801723,56.591656
342.06375,251.52977,44.801723,56.591656
349.43622,260.49625,44.801723,56.591656
339.6727,251.92827,44.801723,56.591656
331.1047,250.13496,44.801723,56.591656
373.14764,240.37144,44.801723,56.591656
374.94095,234.59303,44.801723,56.591656
373.69016,226.55403,43.846313,55.384823
369.98505,218.16876,43.846313,55.384823
368.22998,221.48387,43.846313,55.384823
369.6373,228.65295,42.911278,54.203724
360.28577,229.60718,42.911278,54.203724
347.88065,226.36278,42.911278,54.203724
339.68375,222.39708,43.86069,55.40298
330.1253,223.37244,43.86069,55.40298
329.5401,236.05202,43.86069,55.40298
343.78024,231.95555,43.86069,55.40298
359.85355,231.6062,42.92535,54.221497
386.9927,234.20845,42.009953,53.06521
411.84232,236.26369,42.009953,53.06521
415.44836,233.15666,42.939423,54.239277
413.34766,233.72957,42.939423,54.239277
392.9135,238.50389,42.939423,54.239277
377.4447,240.98653,42.939423,54.239277
361.9759,246.9067,42.939423,54.239277
358.72937,250.15324,42.939423,54.239277
362.3164,253.8608,42.023727,53.082607
376.63565,252.4452,41.12756,51.950603
391.70737,252.47023,40.250504,50.842743
405.7675,249.73402,39.39215,49.758507
422.90506,247.73163,38.5521,48.69739
442.58017,226.37976,39.405067,49.774822
447.312,241.62685,39.405067,49.774822
465.71368,247.76073,39.405067,49.774822
479.14066,244.4063,38.564743,48.71336
490.95874,241.78468,37.74234,47.674534
498.1767,235.23817,37.74234,47.674534
502.3003,231.7017,36.937473,46.65786
504.4359,218.72363,36.937473,46.65786
501.31464,211.33107,36.937473,46.65786
488.8048,210.98537,37.754715,47.690166
479.90536,203.09341,37.754715,47.690166
470.25452,204.13374,38.59004,48.74531
477.29132,206.02167,38.59004,48.74531
463.97247,188.17917,37.767094,47.705803
469.1795,185.3237,37.767094,47.705803
472.3709,186.16354,37.767094,47.705803
479.73523,180.35822,36.9617,46.68846
482.85858,177.8924,36.9617,46.68846
490.1245,175.15875,37.779476,47.721443
492.98093,173.31049,37.779476,47.721443
500.34763,171.71396,36.973816,46.70377
506.76083,169.24734,36.973816,46.70377
514.16064,166.78073,36.973816,46.70377
525.83594,164.31412,36.973816,46.70377
537.1824,161.51862,36.973816,46.70377
525.5071,144.91008,36.973816,46.70377
532.24915,144.08788,36.973816,46.70377
544.5823,141.29237,36.973816,46.70377
557.5731,138.168,36.973816,46.70377
570.8928,135.70139,36.973816,46.70377
583.2258,134.5503,36.973816,46.70377
589.12933,137.27518,37.791862,47.73709
595.51215,141.4554,38.628006,48.793274
605.3046,143.00159,38.628006,48.793274
607.538,145.23495,38.628006,48.793274
609.0842,150.2171,38.628006,48.793274
608.56885,156.91722,38.628006,48.793274
608.74066,160.18138,38.628006,48.793274
606.70917,157.32448,39.48265,49.872826
608.31494,149.56291,38.64067,48.809273
607.7994,149.73477,38.64067,48.809273
605.56525,163.31126,38.64067,48.809273
605.3934,161.07716,38.64067,48.809273
604.43097,153.94014,39.495594,49.88918
603.4473,143.36484,40.369434,50.992977
607.9359,136.72174,40.369434,50.992977
622.38367,133.63133,39.508545,49.905537
624.66797,125.724205,39.508545,49.905537
627.6551,123.43992,39.508545,49.905537
624.66797,121.15563,39.508545,49.905537
627.6551,118.871346,39.508545,49.905537
625.01935,117.289925,39.508545,49.905537
628.0065,118.51992,39.508545,49.905537
625.3707,117.992775,39.508545,49.905537
627.655,113.2485,39.508545,49.905537
625.3707,109.558495,39.508545,49.905537
628.0065,106.21993,39.508545,49.905537
625.3707,100.421364,39.508545,49.905537
628.35785,98.48851,39.508545,49.905537
625.7221,91.284225,39.508545,49.905537
628.0064,89.35137,39.508545,49.905537
625.0193,82.849945,39.508545,49.905537
626.6007,78.45709,39.508545,49.905537
623.6136,74.7671,39.508545,49.905537
625.195,72.83424,39.508545,49.905537
622.55927,70.54996,39.508545,49.905537
624.4921,72.131386,39.508545,49.905537
627.12787,74.41567,39.508545,49.905537
629.0607,78.4571,39.508545,49.905537
627.4793,80.38995,39.508545,49.905537
624.84357,79.15996,39.508545,49.905537
627.8307,79.33567,39.508545,49.905537
625.3883,77.50746,40.38267,51.009697
627.73663,76.384155,41.27614,52.138287
629.756,77.521515,42.189373,53.291847
629.48395,77.905334,43.122814,54.47093
628.525,75.79566,43.122814,54.47093
627.94965,76.371025,43.122814,54.47093
630.0593,75.79566,43.122814,54.47093
629.48395,77.52176,43.122814,54.47093
630.0593,77.71355,43.122814,54.47093
629.3833,76.11606,44.07691,55.676098
628.1528,75.764984,43.136955,54.48879
629.87946,74.03832,43.136955,54.48879
629.20325,76.81932,44.091362,55.69435
630.1837,77.40761,44.091362,55.69435
631.9339,73.73974,45.066883,56.92659
575.9124,74.981544,46.063988,58.186092
577.3465,73.13772,46.063988,58.186092
586.5656,72.932846,46.063988,58.186092
598.6529,71.9085,46.063988,58.186092
607.2401,71.93653,45.08166,56.945255
616.41724,75.44252,44.12028,55.73088
606.80225,108.99697,44.12028,55.73088
615.6324,122.92893,44.12028,55.73088
613.2658,131.27759,43.1794,54.542404
621.3153,130.93367,42.258587,53.379272
623.7586,129.61806,42.258587,53.379272
628.08136,130.93367,42.258587,53.379272
630.14874,128.86627,42.258587,53.379272
629.69354,129.9789,41.35741,52.240944
628.77386,129.79497,41.35741,52.240944
627.61926,123.43773,40.475452,51.12689
620.95874,143.05931,40.475452,51.12689
621.13873,138.19891,40.475452,51.12689
621.6788,126.49797,40.475452,51.12689
622.2839,116.45914,39.6123,50.03659
619.9936,113.46416,39.6123,50.03659
618.5481,105.33748,38.767555,48.969543
615.9618,96.199295,38.767555,48.969543
614.8795,90.90491,37.940826,47.925255
610.66095,111.99762,37.940826,47.925255
606.9149,116.194336,38.780266,48.9856
605.0177,122.92087,38.780266,48.9856
607.2599,143.4454,38.780266,48.9856
605.0177,148.10223,38.780266,48.9856
604.15533,150.3444,38.780266,48.9856
601.91315,152.24164,38.780266,48.9856
603.1205,149.30956,38.780266,48.9856
601.56824,147.41232,38.780266,48.9856
600.3609,146.205,38.780266,48.9856
596.73895,146.37747,38.780266,48.9856
591.0473,148.2747,38.780266,48.9856
586.8605,153.9958,39.63828,50.069405
582.4532,156.64017,39.63828,50.069405
575.2252,158.57938,39.63828,50.069405
561.0691,160.0374,40.515274,51.17719
552.956,155.54533,41.411674,52.309483
549.2494,151.33604,42.327908,53.46683
546.0491,113.87364,42.327908,53.46683
544.7313,105.77875,42.327908,53.46683
547.1786,99.18988,42.327908,53.46683
546.2373,96.36608,42.327908,53.46683
544.91956,106.343506,42.327908,53.46683
548.55286,97.7442,43.264412,54.649784
557.2117,56.374245,43.264412,54.649784
549.3225,58.490845,43.264412,54.649784
552.5658,60.371803,42.341785,53.48436
551.7467,61.486614,41.438835,52.34379
551.1938,59.827923,41.438835,52.34379
548.7979,61.486614,41.438835,52.34379
546.03345,58.353527,41.438835,52.34379
542.53174,56.326237,41.438835,52.34379
539.7673,58.722126,41.438835,52.34379
537.3714,61.118015,41.438835,52.34379
530.1837,63.882504,41.438835,52.34379
520.7845,68.489975,41.438835,52.34379
508.27982,74.98571,42.35567,53.501896
505.64478,78.64284,41.452423,52.36095
503.98553,79.195915,41.452423,52.36095
502.3263,79.74899,41.452423,52.36095
502.2352,82.97273,40.56844,51.24434
502.49387,83.34523,39.703304,50.15154
502.67044,82.462326,39.703304,50.15154
500.72806,82.28574,39.703304,50.15154
498.43253,84.22813,39.703304,50.15154
496.8433,84.051544,39.703304,50.15154
494.1946,85.64077,39.703304,50.15154
492.95853,87.58315,39.703304,50.15154
491.36932,89.8787,39.703304,50.15154
489.42694,91.82108,39.703304,50.15154
486.9569,94.228004,38.85662,49.082043
482.29092,97.165855,38.85662,49.082043
476.20908,101.18714,38.027992,48.035355
469.60486,107.07886,37.217033,47.010986
461.1632,110.55484,37.217033,47.010986
453.7426,113.76828,36.42337,46.00846
445.23114,115.66409,35.64663,45.027317
434.60907,121.84709,35.64663,45.027317
424.44537,121.257545,34.886456,44.067097
409.1147,143.71117,34.14249,43.127354
398.50174,138.17026,33.41439,42.20765
392.40872,132.07722,33.41439,42.20765
381.16263,120.92491,32.70182,41.30756
392.6525,141.43213,32.70182,41.30756
387.56204,129.94228,32.70182,41.30756
381.30807,144.92273,32.70182,41.30756
364.8732,132.8511,32.70182,41.30756
370.8363,157.72156,32.70182,41.30756
365.1641,156.99435,32.70182,41.30756
360.07364,140.85037,32.70182,41.30756
343.92966,158.44876,32.70182,41.30756
352.21982,168.77509,32.70182,41.30756
332.29437,147.6861,32.70182,41.30756
306.84216,125.1427,32.70182,41.30756
281.68082,103.18107,32.70182,41.30756
253.01135,80.210724,32.004444,40.426662
223.26236,55.58596,32.004444,40.426662
192.18599,28.989628,31.32194,39.564552
156.67009,1.3492374,30.65399,38.720825
166.62244,15.664261,30.65399,38.720825
186.11813,1.8945732,30.65399,38.720825
204.25049,-5.3311043,30.65399,38.720825
203.20415,-3.9206543,31.332209,39.577522
210.8684,-11.0275,31.332209,39.577522
211.00774,-28.724941,31.332209,39.577522
211.14708,-29.97909,31.332209,39.577522
209.33553,-27.88884,31.332209,39.577522
210.6098,-27.601154,30.66404,38.73352
209.65515,-28.010288,30.66404,38.73352
210.6098,-28.964935,30.66404,38.73352
211.56445,-27.464775,30.66404,38.73352
210.88257,-27.601154,30.66404,38.73352
211.01895,-28.555801,30.66404,38.73352
210.82123,-29.125786,31.342482,39.5905
212.91216,-30.380344,31.342482,39.5905
202.45749,-25.78029,31.342482,39.5905
203.15446,-28.150017,31.342482,39.5905
203.89172,-27.324804,30.674093,38.74622
203.03537,-27.569126,30.019958,37.919945
203.39587,-28.681217,30.68415,38.758923
204.35115,-27.180073,30.68415,38.758923
205.86214,-26.635265,30.029802,37.932377
206.52992,-26.768822,30.029802,37.932377
207.73193,-27.436611,30.029802,37.932377
205.8755,-28.271935,30.694212,38.77163
210.38042,-29.227522,30.694212,38.77163
209.97089,-27.725885,30.694212,38.77163
208.46925,-27.316349,30.694212,38.77163
206.6946,-27.725885,30.694212,38.77163
207.10413,-28.408447,30.694212,38.77163
208.33273,-28.271935,30.694212,38.77163
207.00175,-29.409004,31.373322,39.62945
243.24493,-9.485483,30.704275,38.78434
237.64609,-7.9833536,30.704275,38.78434
230.64755,-8.8374405,31.383608,39.642445
220.17917,-7.581234,31.383608,39.642445
209.71078,-6.883342,31.383608,39.642445
199.0819,-6.597823,32.07797,40.519535
188.95256,-5.88449,32.07797,40.519535
177.68188,-3.7444897,32.07797,40.519535
165.33768,-3.452654,32.787693,41.41603
153.526,-5.6400023,32.787693,41.41603
142.42159,-4.7365427,33.513123,42.33236
131.69003,-3.813095,34.2546,43.268963
120.08882,-6.0304203,35.01248,44.226288
111.78519,-6.0350018,35.787132,45.204796
102.967575,-6.0396843,36.578922,46.204952
94.967575,-6.719612,37.38823,47.227238
76.6142,-5.0941296,36.590916,46.220104
63.985306,-6.6404285,35.810604,45.234447
55.161907,-4.992714,36.602913,46.23526
46.533962,-4.1787567,36.602913,46.23526
35.301357,-7.597376,36.602913,46.23526
27.324581,-6.7834187,36.602913,46.23526
19.347805,-5.643879,36.602913,46.23526
12.673359,-3.8531742,36.602913,46.23526
0.9524021,-5.884718,37.412754,47.258217
-2.541854,-6.051111,37.412754,47.258217
-5.037751,-3.8880005,37.412754,47.258217
-6.660061,-1.8213024,38.240513,48.303806
-6.4899864,-0.29063034,38.240513,48.303806
-6.319912,2.2604885,38.240513,48.303806
-5.8096886,4.4714584,38.240513,48.303806
-7.6805086,7.362726,38.240513,48.303806
-6.8301353,13.995634,38.240513,48.303806
-7.00021,18.2475,38.240513,48.303806
-7.850583,21.478918,38.240513,48.303806
-7.00021,23.689886,38.240513,48.303806
-5.4822702,20.155834,39.086586,49.372528
-1.8316822,-12.699451,39.086586,49.372528
1.4712296,-11.830264,39.086586,49.372528
3.383442,-10.265727,39.086586,49.372528
0.24570084,-9.549417,39.951378,50.464897
0.7254734,-8.817257,40.8353,51.581432
2.38624,-3.8909988,39.964474,50.48144
12.162045,-7.979063,39.964474,50.48144
1.9463558,-11.672437,40.848686,51.598343
2.4913788,-8.947319,40.848686,51.598343
-1.8009796,-6.4709587,39.977577,50.497993
-1.5460854,6.235014,39.125042,49.42111
-3.980132,-4.139765,38.290688,48.367188
-0.33999443,-7.3250866,39.13787,49.437313
-3.2991095,-7.499151,39.13787,49.437313
-3.1902924,-6.7819004,40.003796,50.531113
-3.724043,-8.383152,40.003796,50.531113
-3.1902924,-6.7819004,40.003796,50.531113
1.5234051,-3.6708145,39.150703,49.45352
4.8317356,-1.0589752,39.150703,49.45352
-7.6736526,6.3493214,38.315804,48.39891
-4.3847246,6.6979065,39.16354,49.469738
-9.171544,4.0355873,38.328365,48.41478
-5.969696,4.7161217,37.511,47.38232
0.20301819,4.8829517,37.511,47.38232
3.422865,6.608906,38.34093,48.430653
7.421612,9.43454,39.189224,49.502182
15.264843,11.003185,39.189224,49.502182
24.153835,9.43454,39.189224,49.502182
31.299889,11.700363,39.189224,49.502182
38.79453,13.966187,39.189224,49.502182
47.334938,11.351776,39.189224,49.502182
55.17817,13.269009,39.189224,49.502182
61.97563,14.837654,39.189224,49.502182
68.07592,16.4063,39.189224,49.502182
75.22198,17.974945,39.189224,49.502182
82.01944,19.195004,39.189224,49.502182
89.1655,20.415062,39.189224,49.502182
95.96296,21.286533,39.189224,49.502182
100.7735,22.728048,40.056286,50.597416
107.90844,19.765512,40.94253,51.716885
115.37421,21.040155,40.94253,51.716885
119.64429,22.924,41.848385,52.861122
123.23644,24.463324,42.77428,54.030674
126.90807,25.641962,43.72066,55.2261
133.32483,23.114145,43.72066,55.2261
137.79712,24.864172,43.72066,55.2261
141.49162,27.003096,43.72066,55.2261
148.68619,22.919699,43.72066,55.2261
151.6029,24.280832,43.72066,55.2261
155.63007,26.556463,42.788303,54.04839
158.10397,26.746763,42.788303,54.04839
162.41208,28.240177,41.87583,52.89579
164.46075,28.798904,41.87583,52.89579
167.62688,29.730118,41.87583,52.89579
168.55809,30.661331,41.87583,52.89579
165.96935,31.042305,42.802334,54.06611
168.06334,31.613396,42.802334,54.06611
167.39235,32.397804,43.749336,55.26232
165.25203,33.75983,43.749336,55.26232
168.15656,31.53594,42.81637,54.083836
165.50967,32.320602,43.76368,55.28044
165.31503,33.293797,43.76368,55.28044
163.17401,32.70988,43.76368,55.28044
163.36865,30.95813,43.76368,55.28044
162.00618,31.152767,43.76368,55.28044
161.03299,30.179573,43.76368,55.28044
162.78474,28.038544,43.76368,55.28044
160.64372,28.233181,43.76368,55.28044
160.44908,26.48143,43.76368,55.28044
159.47589,25.118958,43.76368,55.28044
158.5027,25.702873,43.76368,55.28044
157.91878,23.561844,43.76368,55.28044
158.5027,22.199371,43.76368,55.28044
155.58311,23.172565,43.76368,55.28044
154.60992,21.810093,43.76368,55.28044
153.63673,20.44762,43.76368,55.28044
149.31577,20.441893,44.731953,56.50352
148.32104,19.049276,44.731953,56.50352
146.92842,17.258768,44.731953,56.50352
142.09906,17.665726,45.721645,57.753662
140.26894,16.242298,45.721645,57.753662
137.62543,14.412174,45.721645,57.753662
133.76184,15.022217,45.721645,57.753662
130.71164,14.005482,45.721645,57.753662
127.254745,13.395439,45.721645,57.753662
123.79785,11.565315,45.721645,57.753662
115.46063,12.175358,45.721645,57.753662
112.00374,9.938541,45.721645,57.753662
107.91141,10.354504,46.73324,59.031464
103.546646,9.315273,46.73324,59.031464
94.61969,9.740438,47.767212,60.337536
91.43302,8.253328,47.767212,60.337536
86.5468,8.465773,47.767212,60.337536
82.51035,8.253328,47.767212,60.337536
73.82671,9.128721,48.824062,61.672504
70.135254,6.3058376,48.824062,61.672504
60.808914,7.6511765,49.904293,63.03701
55.881676,3.4997444,51.008427,64.4317
45.1966,6.3174744,52.13699,65.857254
40.7909,2.8392868,52.13699,65.857254
32.211372,5.853714,52.13699,65.857254
21.289902,7.2903404,53.29052,67.31435
14.061146,3.840805,54.469574,68.80367
8.180481,1.320301,55.674713,70.32595
3.475832,-3.8795757,55.674713,70.32595
-0.9424572,-2.413723,54.487434,68.826225
-3.8650818,-3.7820148,53.325474,67.35848
-7.896885,-1.6475315,53.325474,67.35848
-9.842814,2.0423927,52.188293,65.92204
-7.2896347,5.524002,52.188293,65.92204
-11.235458,8.077183,52.188293,65.92204
-14.461717,9.515221,53.34296,67.38057
-4.2602825,1.6862144,53.34296,67.38057
1.1105156,-2.8546848,52.205406,65.94366
-2.5985794,-7.1975384,53.36045,67.40266
-5.4607544,-4.420162,52.222523,65.96527
-7.814163,-5.2838497,51.10886,64.55854
-8.36466,-7.4436626,50.018948,63.18181
25.83237,15.743959,48.95228,61.83444
16.911266,17.8722,47.908356,60.5158
5.618435,17.232983,47.908356,60.5158
-3.117529,18.724487,47.908356,60.5158
0.8846054,41.755173,46.886696,59.225285
-1.4092083,44.04899,46.886696,59.225285
-2.3162098,40.861652,45.88682,57.962288
-5.564331,38.529106,44.90827,56.726223
-3.3528957,20.845482,43.95059,55.516518
-2.3755455,18.695309,43.95059,55.516518
-1.3981953,5.98975,43.95059,55.516518
-1.2759991,1.1167927,44.922997,56.74482
-3.074154,5.3124847,44.922997,56.74482
-4.3283157,1.8734951,43.965,55.534718
-1.4094639,0.7694416,43.02743,54.35042
-6.193574,4.405365,43.02743,54.35042
-8.870398,2.9559612,42.10986,53.191383
-7.198864,-0.54706764,43.04154,54.368244
-1.3891926,-1.6279297,42.123665,53.208824
2.9197407,-4.0634136,42.123665,53.208824
-5.8854694,-6.4988976,42.123665,53.208824
-9.070333,-4.4381027,42.123665,53.208824
-6.232031,-2.4999123,43.055653,54.38607
43.506866,14.137455,42.137478,53.226273
25.351006,15.608152,41.238884,52.091206
7.582325,14.926117,40.35945,50.980347
-5.5210695,17.977592,40.35945,50.980347
12.967281,32.875973,40.35945,50.980347
1.8059044,40.512993,39.498775,49.893177
0.02589035,44.262085,38.656452,48.82919
19.109507,53.374084,38.656452,48.82919
3.1163635,54.39187,37.832092,47.78789
-4.102542,57.009705,37.02531,46.7688
3.4345589,64.96813,36.235733,45.77144
-0.47753716,71.65146,37.03745,46.78413
-0.032758713,79.16626,37.856903,47.81923
28.445833,55.495995,37.049595,46.79947
9.4963665,53.35388,37.049595,46.79947
-4.8790464,55.59993,36.259502,45.801456
0.442667,63.179337,36.259502,45.801456
2.8616276,70.43622,36.259502,45.801456
-3.7501974,74.790344,36.259502,45.801456
-8.182068,59.268883,35.48626,44.824726
-10.233793,56.27021,35.48626,44.824726
-6.532773,52.990696,36.271393,45.816475
-10.783451,50.30809,37.0739,46.830166
13.269325,37.64411,37.894157,47.866283
5.681099,38.338573,38.732567,48.925323
-7.2386236,35.754627,38.732567,48.925323
-5.343731,22.49038,38.732567,48.925323
-2.4401894,20.189432,37.90658,47.881977
-0.922884,18.672129,37.90658,47.881977
-1.3311787,20.97013,37.098213,46.860878
0.15376854,23.115055,37.098213,46.860878
-5.621028,21.960094,37.098213,46.860878
-2.7789783,24.35178,37.91901,47.897675
-3.284912,27.218739,37.91901,47.897675
-3.6933393,29.192394,37.110374,46.876244
-3.1385622,31.760292,36.318985,45.876595
-1.9728546,36.141712,35.54447,44.898262
-3.7117777,33.454285,35.54447,44.898262
-2.6051903,-8.754126,35.54447,44.898262
-0.86624527,-6.7906313,36.330894,45.891636
-4.3723907,-10.506318,35.556126,44.912983
-5.1630697,-7.8180103,35.556126,44.912983
-5.064211,-6.182003,36.342804,45.90668
-6.6401243,-3.1682339,37.14689,46.922367
-5.8140707,-1.0204945,37.14689,46.922367
-2.282669,4.4596386,37.968765,47.960526
-7.082659,6.9074497,38.808823,49.021652
29.198332,4.037178,39.66747,50.106255
21.965075,2.8022308,39.66747,50.106255
13.320448,2.2729683,39.66747,50.106255
1.1474018,-1.0790291,39.66747,50.106255
-2.0005684,-1.0548973,38.82155,49.037724
-5.747079,1.2985744,37.993668,47.991978
22.472034,-3.2637978,37.993668,47.991978
16.85099,-1.6119919,37.18344,46.968533
4.447996,-0.12363243,37.18344,46.968533
-4.316786,-0.9504986,37.18344,46.968533
-8.331198,0.074085236,38.006126,48.00771
38.072372,-5.542755,38.84701,49.06988
29.95209,-4.333351,38.84701,49.06988
18.030825,-3.469492,38.84701,49.06988
6.8006477,-1.5690002,38.84701,49.06988
-3.0473537,-2.4328594,38.84701,49.06988
-6.675565,-3.9878063,38.84701,49.06988
-7.0939894,-4.6302814,38.01859,48.023453
-5.234026,-7.842945,38.01859,48.023453
-3.6878157,-5.864105,37.207832,46.99934
-6.6405907,-4.565466,36.414364,45.997066
1.9429054,-12.177245,36.414364,45.997066
-0.16248131,-10.071859,36.414364,45.997066
-3.0857048,-5.035845,37.22003,47.01475
-6.0736055,-6.0711765,38.043526,48.054955
-6.80954,-2.1340427,37.232235,47.030167
37.403053,33.799038,37.232235,47.030167
29.951494,35.95171,37.232235,47.030167
26.80528,36.1173,37.232235,47.030167
23.327887,35.62053,37.232235,47.030167
20.181673,36.1173,37.232235,47.030167
17.03546,36.945248,37.232235,47.030167
15.545149,35.786118,37.232235,47.030167
14.274269,34.406845,38.056,48.07071
14.731277,34.401863,38.897987,49.134274
12.136297,34.92086,38.897987,49.134274
9.541317,35.439857,38.897987,49.134274
10.008438,32.921967,39.758606,50.22137
7.002392,32.391487,39.758606,50.22137
3.9963455,32.21466,39.758606,50.22137
4.4738026,30.374882,40.638264,51.33252
1.2114983,30.744596,41.537384,52.46825
-1.9290371,31.298807,41.537384,52.46825
-4.700098,31.483545,41.537384,52.46825
-4.1458855,31.298807,41.537384,52.46825
-7.286421,30.005644,41.537384,52.46825
-6.404273,30.38354,42.456398,53.62911
-9.028908,31.161606,43.395744,54.81565
-10.510174,28.753046,44.355877,56.028446
-11.496537,28.555773,44.355877,56.028446
-12.482901,27.56941,44.355877,56.028446
-13.074718,27.372137,44.355877,56.028446
-14.061081,26.385775,44.355877,56.028446
-13.469263,25.399412,44.355877,56.028446
-12.877445,24.807592,44.355877,56.028446
-14.258354,23.82123,44.355877,56.028446
-11.69381,22.834867,44.355877,56.028446
-12.285628,21.848505,44.355877,56.028446
-11.299265,20.467596,44.355877,56.028446
-10.3129015,19.481234,44.355877,56.028446
-8.537448,18.100325,44.355877,56.028446
-8.004783,15.638477,45.33725,57.268074
-8.20642,16.24339,45.33725,57.268074
-5.988411,13.622105,45.33725,57.268074
-8.20642,14.630291,45.33725,57.268074
-5.5851364,12.412281,45.33725,57.268074
-4.6222878,12.406351,46.340336,58.53513
-7.059372,12.827944,47.365616,59.83022
-5.1792164,12.384632,48.41358,61.15396
-3.2574615,9.697573,49.484734,62.506992
-1.2767124,9.917654,49.484734,62.506992
-3.2574615,10.577902,49.484734,62.506992
-1.2931862,8.288063,50.579582,63.88996
1.1812916,7.613205,50.579582,63.88996
2.72225,5.739479,51.698654,65.30353
1.1127434,3.6701126,51.698654,65.30353
3.1821098,3.4401817,51.698654,65.30353
2.9521809,1.8306732,51.698654,65.30353
4.1018295,0.68102264,51.698654,65.30353
5.711336,0.9109535,51.698654,65.30353
6.860985,0.2211647,51.698654,65.30353
8.470493,1.3708115,51.698654,65.30353
9.568441,-0.54436874,52.842487,66.74837
11.21356,0.6307144,52.842487,66.74837
11.848141,0.13614273,54.011627,68.225174
13.049225,-0.10407257,54.011627,68.225174
9.926411,-0.34428787,54.011627,68.225174
12.08836,1.3372269,54.011627,68.225174
9.926411,-0.34428787,54.011627,68.225174
12.08836,0.37636185,54.011627,68.225174
13.289444,-0.8247223,54.011627,68.225174
14.010094,-0.5845032,54.011627,68.225174
15.211178,-2.2660198,54.011627,68.225174
16.892693,-1.545372,54.011627,68.225174
19.535076,-3.2268867,54.011627,68.225174
22.17746,-2.506237,54.011627,68.225174
25.300241,-6.1779213,52.859814,66.77025
22.714209,-5.472639,52.859814,66.77025
24.830053,-9.469234,52.859814,66.77025
20.363272,-8.763952,52.859814,66.77025
14.485926,-10.409609,52.859814,66.77025
8.1383915,-7.823576,52.859814,66.77025
2.7312336,-10.409609,52.859814,66.77025
-2.6759243,-9.704327,52.859814,66.77025
-5.9644394,-8.765781,51.732563,65.34635
2.348917,-12.726065,50.62935,63.95282
-0.57834244,-11.149847,50.62935,63.95282
2.348917,-10.924673,50.62935,63.95282
-2.1826744,-11.398533,51.749523,65.367775
7.7140255,-7.025572,51.749523,65.367775
3.8013763,-2.192299,51.749523,65.367775
-1.0318966,0.7997246,51.749523,65.367775
-8.688078,5.2679462,50.64595,63.97379
-5.7598896,6.6013947,49.56591,62.609528
11.979198,38.92796,48.508904,61.27436
2.3071136,40.20514,47.474438,59.967667
-8.883433,44.216843,47.474438,59.967667
-6.138582,16.134903,47.474438,59.967667
-5.0828705,14.656906,47.474438,59.967667
-6.7033577,11.583849,48.52481,61.294453
-7.9118843,9.786245,49.598423,62.650593
-7.773985,8.864311,50.69579,64.036736
-9.036581,11.664772,51.817432,65.453545
-9.37071,8.788792,52.963894,66.9017
-11.178574,7.804302,54.13572,68.381905
-13.026437,11.29438,55.333473,69.89485
-14.915184,8.223251,56.557728,71.44128
-16.675966,6.9655495,56.557728,71.44128
-15.996771,9.045937,57.809067,73.02191
-15.302548,5.303913,59.088093,74.63752
-17.864752,6.38678,60.395416,76.28887
-15.467383,4.1494293,61.731667,77.97676
-19.853302,5.8504333,63.09748,79.701996
-16.205166,3.8860512,63.09748,79.701996
-19.853302,6.9729347,63.09748,79.701996
-18.369068,5.92939,61.751907,78.00233
-21.939405,7.302597,61.751907,78.00233
-17.77855,9.004162,63.118168,79.72813
-20.305008,5.9162674,63.118168,79.72813
-23.041965,9.402946,64.514656,81.49211
-28.220985,6.417618,65.94204,83.29513
-23.82183,4.951233,65.94204,83.29513
-26.228157,9.514175,64.535805,81.51884
-20.774723,5.782879,64.535805,81.51884
-18.213005,8.752296,65.96366,83.32244
-22.026855,7.285431,65.96366,83.32244
-25.495953,9.7118,67.42311,85.16595
-30.908455,4.725235,68.91485,87.05025
-24.560656,8.312202,67.44522,85.19388
-28.107668,9.548222,68.93745,87.0788
-24.735031,3.813465,70.462685,89.00542
-28.514544,7.480995,68.960045,87.10735
-25.140804,4.289963,70.48579,89.03461
-28.31725,7.354389,68.98266,87.13592
-31.945116,6.0721436,70.5089,89.0638
-29.1463,4.761528,72.06892,91.03433
-26.95065,1.4266396,73.663445,93.04847
-31.209682,5.6856728,73.663445,93.04847
-28.261122,4.0475845,73.663445,93.04847
-32.843872,5.9870567,72.09255,91.064186
-28.67571,6.0309143,70.55516,89.122215
-33.0374,6.0216827,72.116196,91.09405
-28.249582,6.0655594,70.57829,89.151436
-33.91537,4.7536545,72.13984,91.12391
-16.75619,-11.90168,70.60143,89.180664
-14.558193,-14.099678,70.60143,89.180664
-15.664997,-12.805817,72.16349,91.153786
-16.130323,-12.149292,73.76011,93.17056
-15.146181,-11.821243,73.76011,93.17056
-13.505943,-14.773672,73.76011,93.17056
-15.146181,-12.477337,73.76011,93.17056
-14.162039,-10.837097,73.76011,93.17056
-12.521801,-13.789528,73.76011,93.17056
-12.193754,-12.149288,73.76011,93.17056
-9.897421,-15.7578125,73.76011,93.17056
-8.330946,-14.406067,75.39205,95.231964
-7.99564,-12.058926,75.39205,95.231964
-5.6484985,-17.088512,75.39205,95.231964
-1.9601364,-16.082596,75.39205,95.231964
-6.004051,-13.451241,73.784294,93.20111
-1.7380791,-12.773762,72.21082,91.21357
-0.039474487,-12.72983,70.670906,89.26841
3.4405975,-11.475042,69.163826,87.36473
6.253479,-9.654037,67.68889,85.50165
9.586708,-7.871872,66.2454,83.6783
12.280899,-3.855896,64.832695,81.89384
16.02932,2.2978096,63.45012,80.14742
16.8759,-0.24193573,63.45012,80.14742
19.456408,3.6045837,62.097027,78.438255
20.284937,3.3284073,62.097027,78.438255
22.810413,6.028126,60.77279,76.76553
25.282032,7.6282005,59.47679,75.12849
29.740637,7.664383,58.20843,73.52635
48.12124,4.2989197,58.20843,73.52635
59.25315,4.5578003,58.20843,73.52635
62.618614,5.852207,58.20843,73.52635
63.854813,4.2330513,59.496292,75.15312
60.944107,5.556099,59.496292,75.15312
62.79637,6.349926,59.496292,75.15312
66.23625,6.8962097,58.227516,73.55046
68.04903,7.155178,58.227516,73.55046
69.861786,8.450012,58.227516,73.55046
71.15662,8.708981,58.227516,73.55046
73.48732,10.003815,58.227516,73.55046
74.72392,8.921486,59.5158,75.177765
74.88939,7.2659645,60.83259,76.84107
72.81294,8.380798,62.17851,78.54118
74.74871,9.210415,62.17851,78.54118
75.025246,10.040031,62.17851,78.54118
78.06717,9.763493,62.17851,78.54118
78.89678,9.486954,62.17851,78.54118
79.17332,9.763493,62.17851,78.54118
80.00293,10.593109,62.17851,78.54118
83.064804,11.164021,60.85253,76.86627
86.04187,11.434662,60.85253,76.86627
85.229935,13.329151,60.85253,76.86627
88.748276,11.434662,60.85253,76.86627
91.223145,13.558556,59.554832,75.22707
91.60286,15.126564,58.28481,73.62283
93.37856,14.581055,59.57436,75.25174
94.70335,14.846012,59.57436,75.25174
96.02813,15.640881,59.57436,75.25174
97.88283,13.256271,59.57436,75.25174
99.79494,13.803276,58.303917,73.64697
101.61009,13.543968,58.303917,73.64697
100.83217,15.359112,58.303917,73.64697
105.20285,14.394844,57.06057,72.07643
105.07746,16.875595,55.843735,70.53938
104.954735,17.867119,54.65285,69.03511
107.12415,16.851234,55.862045,70.562515
106.52246,18.322018,54.67077,69.05775
108.692604,18.819397,55.88036,70.58565
106.45585,19.067924,55.88036,70.58565
108.19555,18.322342,55.88036,70.58565
110.4682,20.272694,54.688694,69.08039
109.87914,22.181454,53.52244,67.60723
112.97364,22.672886,52.38106,66.16549
110.218864,22.66603,53.539993,67.6294
112.36193,22.904148,53.539993,67.6294
109.74262,23.618504,53.539993,67.6294
111.88569,22.904148,53.539993,67.6294
109.74262,24.094742,53.539993,67.6294
109.02827,23.856625,53.539993,67.6294
111.17133,23.618507,53.539993,67.6294
110.45698,24.332863,53.539993,67.6294
108.79015,23.618507,53.539993,67.6294
107.12333,24.332863,53.539993,67.6294
109.74264,23.618507,53.539993,67.6294
105.44463,23.117405,54.724567,69.1257
106.1748,22.874016,54.724567,69.1257
102.28672,22.866856,55.93535,70.655106
102.5355,20.627907,55.93535,70.655106
99.799,21.871769,55.93535,70.655106
98.40592,18.767235,57.172916,72.21835
99.6773,20.547169,57.172916,72.21835
94.56003,20.539688,58.437866,73.816185
93.26052,18.20057,58.437866,73.816185
94.13413,19.73917,57.19166,72.242035
93.51812,21.244957,55.97203,70.701454
92.43536,22.718636,54.77841,69.193726
91.21723,23.449516,54.77841,69.193726
90.9736,23.693142,54.77841,69.193726
91.32287,23.726467,53.610245,67.71815
89.17699,23.964897,53.610245,67.71815
86.554245,24.680191,53.610245,67.71815
87.69279,22.199455,54.79637,69.21641
84.037186,22.930576,54.79637,69.21641
85.79595,22.494118,53.627823,67.74035
80.006165,22.487099,54.81434,69.239105
79.27481,23.218456,54.81434,69.239105
78.05588,24.43739,54.81434,69.239105
76.349365,22.730885,54.81434,69.239105
74.15529,23.462242,54.81434,69.239105
73.295975,21.9375,56.027107,70.77102
71.55171,22.68504,56.027107,70.77102
69.3091,21.439137,56.027107,70.77102
68.561554,22.186676,56.027107,70.77102
65.82057,21.439137,56.027107,70.77102
63.577946,22.186676,56.027107,70.77102
59.131695,23.181458,54.832314,69.2618
60.296192,20.644169,56.04548,70.79422
51.523933,22.119778,54.850292,69.284515
52.743668,22.363724,54.850292,69.284515
58.266235,22.397095,53.68059,67.807
48.955215,22.635838,53.68059,67.807
43.464104,23.35207,53.68059,67.807
40.360428,24.545792,53.68059,67.807
40.702686,21.817074,52.535835,66.36099
38.59981,21.58342,52.535835,66.36099
37.43155,22.284378,52.535835,66.36099
35.328674,22.985336,52.535835,66.36099
36.964245,23.686295,52.535835,66.36099
37.29921,23.267841,51.415493,64.94582
35.698517,23.03917,51.415493,64.94582
34.55516,22.353157,51.415493,64.94582
32.80015,22.346428,52.553062,66.38275
30.229126,23.515076,52.553062,66.38275
30.86023,23.993187,53.715797,67.85147
34.44374,21.843079,53.715797,67.85147
32.9441,23.25735,52.570293,66.40452
32.37786,24.641468,51.449215,64.98842
32.2648,23.34947,50.352043,63.60252
30.697216,24.469172,50.352043,63.60252
30.473274,24.693113,50.352043,63.60252
28.90569,25.812815,50.352043,63.60252
28.681747,23.79735,50.352043,63.60252
27.562046,24.917051,50.352043,63.60252
25.098701,24.24523,50.352043,63.60252
23.379992,23.309288,51.466084,65.00973
21.148298,23.302555,52.60477,66.44807
23.738733,22.432545,51.48296,65.031044
20.080969,22.90092,52.62202,66.46986
19.256025,23.379662,53.78628,67.9405
20.930525,22.662018,53.78628,67.9405
18.04551,24.539284,52.639275,66.491646
17.706081,21.131905,53.803917,67.962776
15.552448,23.285538,53.803917,67.962776
14.212446,21.788902,54.994328,69.46645
15.435381,21.544315,54.994328,69.46645
13.234098,22.76725,54.994328,69.46645
12.9895115,21.544315,54.994328,69.46645
11.766577,22.76725,54.994328,69.46645
11.032816,23.011837,54.994328,69.46645
12.255751,23.256424,54.994328,69.46645
13.077885,23.761372,53.821556,67.98506
12.959608,25.639866,52.673794,66.53526
12.392256,25.67191,51.55051,65.11638
13.080069,25.442638,51.55051,65.11638
11.933714,24.754826,51.55051,65.11638
11.245901,25.442638,51.55051,65.11638
11.475172,24.754826,51.55051,65.11638
10.787359,25.90118,51.55051,65.11638
10.099546,26.130451,51.55051,65.11638
10.787359,24.984097,51.55051,65.11638
9.641005,25.67191,51.55051,65.11638
10.328817,26.818264,51.55051,65.11638
10.558088,25.67191,51.55051,65.11638
9.8702755,27.276802,51.55051,65.11638
10.099546,25.213367,51.55051,65.11638
9.8702755,26.359722,51.55051,65.11638
10.099546,26.130451,51.55051,65.11638
10.328817,25.442638,51.55051,65.11638
9.641005,25.67191,51.55051,65.11638
9.8702755,26.818264,51.55051,65.11638
10.198956,26.407658,50.45118,63.727753
9.974575,25.734512,50.45118,63.727753
9.649254,26.193504,51.567413,65.137726
8.961216,25.964157,51.567413,65.137726
7.8144875,25.73481,51.567413,65.137726
6.667759,26.881538,51.567413,65.137726
7.8144875,25.73481,51.567413,65.137726
8.043835,25.046772,51.567413,65.137726
9.190563,24.817425,51.567413,65.137726
7.585144,25.505463,51.567413,65.137726
8.680302,23.595146,52.708344,66.578896
5.1639996,24.298405,52.708344,66.578896
3.8512802,22.345821,53.874516,68.051956
2.174034,21.627003,53.874516,68.051956
-0.6592808,18.636852,55.06649,69.5576
-0.90418816,21.330841,55.06649,69.5576
-3.598175,19.12667,55.06649,69.5576
-4.663412,24.353401,53.89218,68.074265
-2.0095825,26.234364,52.742916,66.62256
-3.6516,24.592346,52.742916,66.62256
-5.2936172,26.234364,52.742916,66.62256
-4.5898952,24.1232,52.742916,66.62256
-3.8861732,24.82692,52.742916,66.62256
-2.1933174,24.859005,51.618156,65.20181
-1.4216576,27.103146,50.517384,63.811363
-2.5450363,25.979767,50.517384,63.811363
-2.8707848,25.973156,51.635082,65.22319
-5.109806,24.53685,52.777508,66.66625
-2.0583458,23.832668,52.777508,66.66625
-0.4504261,22.364582,53.94521,68.14124
4.108074,23.564186,53.94521,68.14124
6.302019,24.522003,52.79481,66.68811
7.94565,25.226418,52.79481,66.68811
8.650064,25.930832,52.79481,66.68811
9.824087,26.635246,52.79481,66.68811
11.518608,28.930542,51.668945,65.26597
12.734011,28.518993,50.56709,63.874153
14.3082905,30.992859,50.56709,63.874153
14.448885,28.652939,51.685886,65.28737
16.107813,32.22941,50.583668,63.895096
17.232664,31.104557,50.583668,63.895096
15.97286,33.432007,51.70283,65.30878
17.548038,35.333813,52.846756,66.75373
22.868872,34.4598,51.719784,65.330185
23.967266,35.407635,52.864082,66.77561
30.649532,34.080105,51.73674,65.3516
31.748287,35.98316,52.881416,66.79751
40.67965,32.560104,54.05142,68.275406
103.121086,73.83639,52.898754,66.81941
106.17956,74.54219,52.898754,66.81941
109.69152,75.93495,51.77067,65.39447
113.57246,76.85416,50.666645,63.999912
121.91003,76.17814,50.666645,63.999912
125.29012,77.755516,50.666645,63.999912
127.76885,79.33289,50.666645,63.999912
133.98825,76.52078,51.787643,65.41591
138.36444,73.987206,51.787643,65.41591
140.89801,75.13883,51.787643,65.41591
143.44821,77.390335,50.683258,64.0209
145.94403,77.85571,49.60242,62.655632
147.04706,76.75267,49.60242,62.655632
134.47249,38.146534,49.60242,62.655632
132.48703,36.161076,49.60242,62.655632
130.06036,36.822895,49.60242,62.655632
129.39854,38.367138,49.60242,62.655632
127.413086,42.55866,49.60242,62.655632
127.304085,51.09415,48.544636,61.31948
124.28403,58.615227,47.509407,60.011826
116.52414,59.047455,48.560555,61.33959
112.420654,61.423157,48.560555,61.33959
103.99771,63.366913,48.560555,61.33959
102.053955,62.28705,48.560555,61.33959
98.15567,65.417694,49.634956,62.696728
90.81234,73.958786,48.576477,61.3597
83.20914,74.4048,47.54057,60.051186
74.540245,76.30774,47.54057,60.051186
54.052086,79.37263,48.592403,61.379818
46.863,82.73504,47.556156,60.070873
39.460297,79.562454,47.556156,60.070873
32.424515,70.621506,46.542007,58.789845
20.097971,66.32027,47.57175,60.09057
-2.1174145,39.027073,47.57175,60.09057
-6.5604916,37.969196,47.57175,60.09057
2.9603882,26.332565,47.57175,60.09057
-3.0536041,28.082415,48.624275,61.42007
-7.594984,36.948914,48.624275,61.42007
4.8045425,41.981052,47.58735,60.110268
9.595837,39.970055,46.572533,58.8284
13.08709,39.99839,45.57936,57.573868
16.894665,40.80767,44.60737,56.34609
24.06301,39.687485,43.6561,55.14449
28.832775,39.339752,42.72512,53.968517
31.711603,39.728455,43.670414,55.16257
30.22096,41.3348,44.636623,56.38304
34.389908,39.15107,44.636623,56.38304
37.764763,40.143677,44.636623,56.38304
39.948524,38.902042,45.62421,57.630516
42.992233,38.69913,45.62421,57.630516
42.78932,39.307873,45.62421,57.630516
46.644676,39.510784,45.62421,57.630516
48.876724,40.52535,45.62421,57.630516
56.790344,36.669994,45.62421,57.630516
57.399086,33.626293,45.62421,57.630516
49.89129,29.770939,45.62421,57.630516
34.860504,28.501833,46.633648,58.90559
25.522219,25.052841,47.665417,60.208878
19.798445,15.513214,47.665417,60.208878
4.3230534,11.06139,47.665417,60.208878
-3.5206375,1.9457474,47.665417,60.208878
-7.9724627,-3.7780285,47.665417,60.208878
-8.894528,-6.60964,46.648937,58.924904
-5.751314,-12.212271,47.681046,60.22862
-3.418642,-15.81731,47.681046,60.22862
12.061825,40.803024,47.681046,60.22862
13.074446,37.7166,48.73599,61.561176
14.109472,28.71497,49.814274,62.923218
16.989607,18.745277,49.814274,62.923218
19.869741,10.991074,49.814274,62.923218
16.989607,7.2247467,49.814274,62.923218
6.1337204,2.1291275,49.814274,62.923218
2.8104897,-6.0681744,49.814274,62.923218
1.7027454,-14.265476,49.814274,62.923218
0.15190506,-18.031803,49.814274,62.923218
-1.8420334,-21.355034,49.814274,62.923218
15.217215,14.314304,49.814274,62.923218
18.09735,7.889393,49.814274,62.923218
16.989607,2.3506737,49.814274,62.923218
-20.009026,-8.505213,49.814274,62.923218
-27.76323,0.5782833,49.814274,62.923218
-29.757168,-2.7449474,49.814274,62.923218
-24.661547,-10.499151,49.814274,62.923218
-26.212389,-8.948311,49.814274,62.923218
-29.978716,1.0213795,49.814274,62.923218
-32.85885,6.1170006,49.814274,62.923218
-29.535618,1.9075775,49.814274,62.923218
-31.353416,-0.624609,48.75197,61.58136
-28.534702,-3.4433231,48.75197,61.58136
-29.618822,0.24268723,48.75197,61.58136
-31.57024,-3.4433231,48.75197,61.58136
-33.521656,-2.3592033,48.75197,61.58136
-24.631868,55.53283,48.75197,61.58136
-20.141289,60.578175,47.71232,60.26812
-11.441078,58.24397,47.71232,60.26812
-6.984873,55.485363,47.71232,60.26812
-4.226269,51.029156,47.71232,60.26812
-1.892065,46.99735,47.71232,60.26812
-2.5286655,42.96554,47.71232,60.26812
-6.724125,42.176453,46.69484,58.982883
-7.7625,44.87623,46.69484,58.982883
-5.062725,43.837852,46.69484,58.982883
-3.6089993,42.384125,46.69484,58.982883
-5.062725,40.0997,46.69484,58.982883
-4.439699,41.55343,46.69484,58.982883
30.242031,37.192253,46.69484,58.982883
59.524208,32.000374,46.69484,58.982883
89.637085,26.8085,46.69484,58.982883
123.56314,18.83016,45.69906,57.725056
78.79751,-9.743444,44.724514,56.494053
97.104576,-10.8665695,43.770752,55.2893
118.39864,-10.089405,42.837326,54.110237
138.02206,-9.136812,42.837326,54.110237
152.69202,-7.422144,42.837326,54.110237
166.59988,-6.469551,42.837326,54.110237
174.79218,-8.946295,42.837326,54.110237
181.07932,-6.0885143,42.837326,54.110237
182.03189,-1.706583,42.837326,54.110237
175.82578,-5.665453,43.785103,55.307426
181.47305,-6.249655,43.785103,55.307426
191.79396,-4.4970493,43.785103,55.307426
188.09401,-0.40763664,43.785103,55.307426
182.8362,2.9028416,43.785103,55.307426
186.14667,5.8238487,43.785103,55.307426
194.9097,6.7975197,43.785103,55.307426
209.12527,5.4343834,43.785103,55.307426
223.34085,7.186989,43.785103,55.307426
240.67218,9.718529,43.785103,55.307426
261.11926,12.639538,43.785103,55.307426
274.94537,13.613209,43.785103,55.307426
296.48297,15.627846,44.75385,56.531105
317.78052,18.613483,44.75385,56.531105
338.2819,21.997204,44.75385,56.531105
359.57944,25.380924,44.75385,56.531105
382.8674,28.764645,44.75385,56.531105
404.16495,30.954113,44.75385,56.531105
425.0644,33.93975,44.75385,56.531105
445.1677,37.721554,44.75385,56.531105
464.47482,40.30911,44.75385,56.531105
478.57324,50.696136,43.79946,55.32556
491.6247,55.566086,43.79946,55.32556
500.39062,64.72158,43.79946,55.32556
552.4017,116.732605,43.79946,55.32556
561.5572,119.264984,43.79946,55.32556
569.7222,121.92023,42.865425,54.14573
575.1406,129.66393,41.951305,52.991055
582.4172,132.08945,41.951305,52.991055
584.46954,134.51497,41.951305,52.991055
587.2547,137.05818,41.056683,51.861004
586.10846,141.30713,40.181137,50.75505
583.0705,145.77478,40.181137,50.75505
579.6751,150.59982,40.181137,50.75505
572.3482,155.06744,40.181137,50.75505
568.238,161.32214,40.181137,50.75505
561.2685,164.71753,40.181137,50.75505
553.9416,171.32962,40.181137,50.75505
549.83136,174.36761,40.181137,50.75505
542.14703,177.04822,40.181137,50.75505
534.4627,179.37137,40.181137,50.75505
527.1358,182.40936,40.181137,50.75505
521.19116,187.25671,39.32426,49.672684
513.6707,190.92947,39.32426,49.672684
508.94852,193.2031,39.32426,49.672684
504.57614,195.47672,39.32426,49.672684
497.7468,198.19781,38.48566,48.6134
490.04437,200.08063,38.48566,48.6134
483.03073,198.78421,37.664944,47.576706
477.16772,198.95172,37.664944,47.576706
469.9646,200.45935,37.664944,47.576706
463.0965,198.95172,37.664944,47.576706
455.55835,196.77405,37.664944,47.576706
446.01,194.93137,37.664944,47.576706
434.1165,193.42374,37.664944,47.576706
418.87265,208.66757,37.664944,47.576706
415.84903,212.13857,38.49828,48.62934
404.2122,214.80249,37.67729,47.592304
392.8235,217.0866,36.873814,46.577385
384.13168,217.90657,36.873814,46.577385
374.70605,219.60321,37.689648,47.60791
365.07184,221.33739,38.523533,48.661236
355.64853,223.90738,38.523533,48.661236
346.51224,226.03543,39.375866,49.737865
297.56512,190.05545,40.24706,50.838314
284.49823,192.74043,40.24706,50.838314
278.23328,193.27744,40.24706,50.838314
277.6963,195.96242,40.24706,50.838314
303.29306,188.62347,40.24706,50.838314
301.91928,191.96101,41.137524,51.96311
300.4181,196.57103,40.260254,50.854984
295.58356,197.46631,40.260254,50.854984
291.82336,198.00348,40.260254,50.854984
290.21185,196.39197,40.260254,50.854984
291.10715,204.09143,40.260254,50.854984
288.77942,206.41917,40.260254,50.854984
283.9449,204.44954,40.260254,50.854984
296.65796,197.1082,40.260254,50.854984
300.41815,198.00348,40.260254,50.854984
298.80664,201.04745,40.260254,50.854984
296.1208,198.71971,40.260254,50.854984
291.28625,195.67574,40.260254,50.854984
293.61398,203.98433,39.40169,49.770485
293.86517,209.07544,38.56144,48.709114
296.1076,208.00279,39.41461,49.786804
301.89236,210.28165,39.41461,49.786804
304.1712,206.95102,39.41461,49.786804
307.1907,213.85692,40.28666,50.888336
308.7899,216.82594,41.178,52.01424
305.169,218.96922,40.29987,50.90502
301.04663,222.01619,40.29987,50.90502
297.2827,223.98776,40.29987,50.90502
293.8773,225.60086,40.29987,50.90502
289.89832,227.45514,41.191505,52.031296
285.4512,229.35043,42.102867,53.182487
281.51892,231.0357,42.102867,53.182487
277.58664,231.59747,42.102867,53.182487
274.02884,233.28275,42.102867,53.182487
270.84555,234.96802,42.102867,53.182487
272.53082,237.0278,42.102867,53.182487
268.97302,239.83658,42.102867,53.182487
266.53876,240.77283,42.102867,53.182487
268.22403,242.4581,42.102867,53.182487
265.04074,243.76886,42.102867,53.182487
267.114,247.04321,41.20501,52.048355
264.36514,248.32602,41.20501,52.048355
262.15497,251.53052,40.3263,50.938408
259.4647,254.2208,40.3263,50.938408
260.72015,256.55237,40.3263,50.938408
258.02988,258.88394,40.3263,50.938408
260.72015,261.2155,40.3263,50.938408
263.05173,263.1884,40.3263,50.938408
269.6877,265.87866,40.3263,50.938408
276.51382,272.4722,39.46633,49.85213
282.45102,274.2881,40.339523,50.95511
290.16565,278.05573,40.339523,50.95511
298.95673,285.77032,40.339523,50.95511
316.93808,298.42242,41.232037,52.08249
336.45883,303.74417,42.144295,53.234814
362.51248,309.17984,42.144295,53.234814
389.5191,317.1546,41.245556,52.099564
419.4197,289.08838,41.245556,52.099564
443.81714,298.81067,41.245556,52.099564
469.68207,309.26672,41.245556,52.099564
495.54703,278.63235,41.245556,52.099564
515.45483,286.62033,42.158115,53.252266
535.414,295.17407,43.090862,54.430473
555.53687,299.96524,43.090862,54.430473
575.39185,305.1636,42.171936,53.269726
594.46185,309.1664,41.272606,52.13373
619.9766,295.03232,41.272606,52.13373
622.73004,294.84875,41.272606,52.13373
624.3821,293.56384,41.272606,52.13373
626.7684,294.11453,41.272606,52.13373
623.28076,297.9693,41.272606,52.13373
627.5026,296.6844,41.272606,52.13373
626.95197,299.07065,41.272606,52.13373
629.7054,300.35556,41.272606,52.13373
628.4205,300.172,41.272606,52.13373
626.0342,299.6213,41.272606,52.13373
622.9137,301.64047,41.272606,52.13373
624.1986,304.761,41.272606,52.13373
621.4452,306.41302,41.272606,52.13373
622.7301,305.49524,41.272606,52.13373
620.3438,304.57745,41.272606,52.13373
622.7301,304.3939,41.272606,52.13373
624.38214,303.10898,41.272606,52.13373
627.5026,301.0898,41.272606,52.13373
625.48346,299.07065,41.272606,52.13373
628.97107,297.78574,41.272606,52.13373
629.5217,296.86795,41.272606,52.13373
630.01733,295.33902,42.18576,53.28719
577.57733,294.94418,43.11912,54.466167
583.39746,295.70978,42.199593,53.30466
593.72,297.7743,42.199593,53.30466
598.7874,300.21417,42.199593,53.30466
608.3592,301.1526,42.199593,53.30466
614.55273,303.96783,42.199593,53.30466
621.497,306.78308,42.199593,53.30466
630.9609,303.66205,43.13326,54.484028
633.8245,298.14124,42.21343,53.32214
611.65485,323.50104,41.313213,52.185028
618.45325,325.88965,41.313213,52.185028
627.2174,328.3942,40.432198,51.072166
599.70465,349.0737,40.432198,51.072166
595.5687,350.33246,40.432198,51.072166
607.25714,351.95087,40.432198,51.072166
613.5509,350.6921,40.432198,51.072166
609.932,350.31366,41.32676,52.202137
604.5265,349.9845,40.445454,51.08891
603.51917,350.72574,41.34031,52.21925
605.90936,350.17416,41.34031,52.21925
605.7255,350.35803,41.34031,52.21925
603.1537,350.38318,40.458714,51.10566
602.0242,350.75467,39.59592,50.015816
595.1477,352.47614,38.751526,48.949215
588.7709,352.64847,38.751526,48.949215
586.36005,351.67535,37.925137,47.905357
583.82996,352.85605,37.925137,47.905357
582.7712,352.2288,37.11637,46.883762
583.2664,351.4034,37.11637,46.883762
582.44104,352.2288,37.11637,46.883762
581.2855,351.07327,37.11637,46.883762
578.64844,351.06842,37.937572,47.921066
575.7801,350.2248,37.937572,47.921066
576.9612,350.39352,37.937572,47.921066
578.47974,350.89972,37.937572,47.921066
578.64844,350.731,37.937572,47.921066
577.8048,351.23718,37.937572,47.921066
576.9612,351.74338,37.937572,47.921066
576.455,351.23718,37.937572,47.921066
577.9736,352.0808,37.937572,47.921066
579.4921,351.57462,37.937572,47.921066
580.3846,350.62195,37.128544,46.899136
579.55896,351.4476,37.128544,46.899136
582.36615,351.943,37.128544,46.899136
575.2656,352.10812,37.128544,46.899136
576.7518,350.9522,37.128544,46.899136
578.89844,351.11734,37.128544,46.899136
571.80615,349.39926,37.950012,47.93678
573.66284,350.9183,37.950012,47.93678
575.5194,351.26355,38.789658,48.99738
578.1331,351.25848,39.64788,50.081448
551.16724,343.93542,40.52509,51.1895
562.8825,342.67377,40.52509,51.1895
581.4467,344.29587,40.52509,51.1895
595.3248,347.35986,40.52509,51.1895
600.1,349.12173,39.66088,50.097866
610.5071,323.89777,39.66088,50.097866
616.2005,325.28198,38.8151,49.029514
616.448,325.6384,37.98736,47.983944
608.4905,321.4266,38.827827,49.04559
611.10675,307.8052,39.686893,50.130722
603.5258,305.23627,40.564964,51.239864
589.4131,254.69296,41.462463,52.373547
603.6859,249.33058,42.37982,53.53231
616.7102,250.10725,43.317474,54.716713
605.2377,295.67392,44.275875,55.92732
604.2531,315.16867,44.275875,55.92732
600.29016,336.00156,45.255478,57.16471
612.5678,344.25375,45.255478,57.16471
599.0825,348.4805,45.255478,57.16471
596.8685,347.87668,45.255478,57.16471
589.78516,349.4562,44.29039,55.945656
582.4968,348.86526,44.29039,55.945656
580.33,347.88037,44.29039,55.945656
576.1934,347.68338,44.29039,55.945656
575.3367,347.71033,43.345882,54.752598
574.37274,349.05978,43.345882,54.752598
572.25214,350.02368,43.345882,54.752598
569.3604,349.8309,43.345882,54.752598
572.25214,349.63812,43.345882,54.752598
568.77246,349.23245,44.30491,55.964
568.8956,348.81778,45.285156,57.202206
566.0961,348.81183,46.28709,58.467804
562.3804,348.37863,47.31119,59.761406
563.8218,347.93582,48.357952,61.083626
591.1789,287.68253,49.42787,62.4351
595.73175,280.50854,48.373806,61.103653
594.22577,279.43283,48.373806,61.103653
593.4674,282.105,49.444077,62.45557
583.5664,278.44815,50.538025,63.8374
589.18555,275.9757,50.538025,63.8374
596.6029,274.85187,50.538025,63.8374
605.1576,273.14944,49.460285,62.476048
616.3763,279.08875,49.460285,62.476048
563.8024,282.8283,49.460285,62.476048
568.78235,285.40268,48.40553,61.143726
586.33875,282.7161,49.4765,62.496532
596.41046,281.89783,48.421402,61.163776
595.47375,281.92728,47.3888,59.85944
598.61993,281.5498,46.37822,58.58292
595.9385,281.75607,46.37822,58.58292
597.35144,281.75,47.40434,59.879066
596.17084,279.55643,48.45316,61.20389
594.66235,281.06488,48.45316,61.20389
584.5126,278.82278,49.525185,62.55803
587.376,276.84042,49.525185,62.55803
592.0015,274.85806,49.525185,62.55803
601.65857,273.6144,48.469044,61.22396
609.20337,276.41678,48.469044,61.22396
608.44354,278.6469,49.54142,62.57854
594.86536,267.21057,50.637524,63.963093
598.27734,262.0635,51.757877,65.37827
604.37604,258.9888,50.654125,63.984062
599.37476,258.98218,51.77485,65.39971
597.9293,267.89148,50.670734,64.00504
594.9997,271.72256,50.670734,64.00504
592.71625,269.58127,49.590164,62.640118
593.7694,265.91364,50.687347,64.02603
593.22345,263.33707,49.606426,62.660656
594.8156,265.06845,48.548553,61.324398
593.3042,263.98886,48.548553,61.324398
590.303,265.77463,49.622692,62.681202
587.23535,263.02045,50.720592,64.06802
592.0571,259.73727,51.842785,65.48553
595.9768,255.81757,51.842785,65.48553
602.6633,254.20358,51.842785,65.48553
609.661,255.56856,50.73722,64.08903
576.03864,258.95334,50.73722,64.08903
513.43677,238.81279,51.859783,65.506996
523.35455,237.19826,51.859783,65.506996
534.0277,235.75569,53.00718,66.95634
543.6934,234.57695,53.00718,66.95634
554.3021,233.8697,53.00718,66.95634
564.43933,233.16246,53.00718,66.95634
575.8379,233.15552,54.179962,68.437744
587.16327,230.98685,54.179962,68.437744
592.70544,231.22781,54.179962,68.437744
595.3561,232.91458,54.179962,68.437744
598.02405,232.48303,53.02456,66.97829
601.99896,234.3337,51.893795,65.54996
597.83307,224.26993,53.041946,67.00025
595.70996,220.73137,53.041946,67.00025
594.05865,220.49547,53.041946,67.00025
590.5201,224.50583,53.041946,67.00025
588.58453,231.35942,51.910812,65.57145
559.0967,210.02829,50.8038,64.17312
566.82526,210.93034,49.720394,62.804607
582.96783,214.24731,49.720394,62.804607
594.24554,215.35297,49.720394,62.804607
590.04407,217.78542,49.720394,62.804607
592.4765,218.89107,49.720394,62.804607
597.48254,221.0527,48.66009,61.46528
596.2706,224.63882,49.736694,62.8252
580.803,225.09131,50.83712,64.21521
589.6208,227.57837,50.83712,64.21521
592.1079,216.78119,51.96189,65.63597
558.20557,241.23058,53.11155,67.088165
568.36273,240.99437,53.11155,67.088165
578.9923,239.81331,53.11155,67.088165
589.6219,240.52196,53.11155,67.088165
596.47205,242.17546,53.11155,67.088165
594.81854,197.53116,53.11155,67.088165
596.47205,195.87767,53.11155,67.088165
599.99817,200.91884,51.97893,65.65749
582.66,178.03242,51.97893,65.65749
586.16235,166.99275,53.128963,67.11017
598.2132,128.94995,53.128963,67.11017
610.1282,123.54967,54.304443,68.59498
591.53125,59.06419,54.304443,68.59498
596.99884,54.90702,53.146385,67.13217
603.2611,52.205452,52.013023,65.70056
559.89136,54.466755,50.90383,64.29948
569.4283,54.460094,52.03008,65.7221
600.6677,56.54273,52.03008,65.7221
602.28754,66.49307,52.03008,65.7221
575.0629,25.672493,53.181244,67.1762
584.0449,27.13789,54.35788,68.662476
592.9899,30.280716,54.35788,68.662476
581.21954,45.22695,53.19868,67.19823
587.6078,35.52632,53.19868,67.19823
579.2811,31.453804,52.0642,65.765205
553.7235,-8.687946,50.95392,64.36274
572.39624,-9.9675045,49.86731,62.990185
589.0301,-11.519997,49.86731,62.990185
598.1232,-10.411074,49.86731,62.990185
593.7383,-12.945953,48.803875,61.6469
595.2251,-8.898838,49.88366,63.010838
573.2612,4.190737,49.88366,63.010838
514.46906,8.849737,49.88366,63.010838
532.4395,6.8530216,49.88366,63.010838
551.7411,4.856306,49.88366,63.010838
566.6055,3.3033047,49.88366,63.010838
582.8566,-0.84640694,50.987335,64.40495
592.60754,-3.3408318,50.987335,64.40495
600.8011,-0.6869793,49.900017,63.031498
563.8992,-10.924225,48.835884,61.687332
580.1209,-12.150595,47.794445,60.37183
600.5041,-10.482458,46.775215,59.08438
576.1643,-2.7852592,46.775215,59.08438
590.89954,-4.3609085,45.77772,57.82439
588.0696,-10.703827,46.790554,59.103756
597.99567,-9.070728,45.792732,57.84335
593.1838,-6.68725,44.81619,56.60982
596.5722,4.2753277,44.81619,56.60982
595.97424,2.481453,44.81619,56.60982
598.96405,4.673971,44.81619,56.60982
596.3729,2.481453,44.81619,56.60982
594.42957,-3.3146458,45.807747,57.862312
598.7079,-6.37059,45.807747,57.862312
596.46686,-7.7966976,45.807747,57.862312
596.7589,-5.4124393,44.830883,56.62838
598.1546,-8.004444,44.830883,56.62838
597.15765,-11.39399,44.830883,56.62838
597.28235,-10.158684,45.822765,57.881283
601.5031,-10.523666,44.84558,56.646946
602.50037,-9.526415,44.84558,56.646946
600.7053,-6.1357594,44.84558,56.646946
599.17456,-4.900049,45.83779,57.90026
598.87897,-4.0600147,46.85195,59.181305
598.6706,-2.1846523,46.85195,59.181305
596.2066,-5.649786,47.88855,60.490692
598.15424,-5.620653,46.867313,59.20071
598.71704,-4.761751,47.90425,60.510525
598.50397,-4.974806,47.90425,60.510525
596.34515,-7.4098988,46.88268,59.22012
593.6345,2.3900871,46.88268,59.22012
597.1792,0.9305153,46.88268,59.22012
594.0515,-0.52905655,46.88268,59.22012
592.5919,-3.6567116,46.88268,59.22012
594.88556,-8.035429,46.88268,59.22012
597.1792,-10.329042,46.88268,59.22012
594.46857,-12.622656,46.88268,59.22012
595.92816,-13.665208,46.88268,59.22012
594.0516,-12.205635,46.88268,59.22012
597.56604,-14.990747,45.882893,57.957233
596.1376,-15.194811,45.882893,57.957233
606.1367,21.74074,45.882893,57.957233
549.10095,9.87863,46.898052,59.239536
511.76538,8.001421,46.898052,59.239536
475.68127,7.3756847,46.898052,59.239536
439.59717,6.3327923,46.898052,59.239536
402.26157,4.87274,46.898052,59.239536
368.26324,7.1671047,46.898052,59.239536
340.93942,6.5413685,46.898052,59.239536
310.27835,10.504366,46.898052,59.239536
305.64795,34.30227,47.935673,60.550213
342.5304,-1.834404,46.91343,59.25896
356.90692,6.2383614,45.912987,57.995247
379.57285,27.679115,45.912987,57.995247
357.0348,27.313414,44.93388,56.75848
371.57516,35.81602,43.97565,55.548088
357.90567,38.10492,43.037857,54.36351
344.31552,35.23376,43.037857,54.36351
365.17926,25.854645,43.037857,54.36351
344.05258,-14.707428,42.12006,53.204193
312.01938,-15.269414,42.12006,53.204193
282.9835,-16.829754,43.051968,54.381336
267.09122,-16.638279,43.051968,54.381336
233.58337,-16.446808,43.051968,54.381336
202.75618,-16.255333,43.051968,54.381336
175.3755,-16.446808,43.051968,54.381336
147.22893,-17.78712,43.051968,54.381336
125.2095,-16.829754,43.051968,54.381336
98.97766,-17.404175,43.051968,54.381336
78.10707,-16.446808,43.051968,54.381336
58.002373,-15.872388,43.051968,54.381336
42.110092,-16.063862,43.051968,54.381336
26.217813,-14.340601,43.051968,54.381336
10.989893,-12.4688835,42.133873,53.221638
1.1439877,-11.720782,41.235355,52.08667
-3.4408588,-11.904176,41.235355,52.08667
-1.4235268,-12.454357,41.235355,52.08667
-1.2401333,-13.371326,41.235355,52.08667
-2.5238914,-13.55472,41.235355,52.08667
-3.1703281,-13.940657,42.147686,53.239086
-2.9828758,-13.378303,42.147686,53.239086
-4.4215393,-11.050046,43.080204,54.417
-3.9041939,-9.067844,44.03335,55.620975
-13.128136,-7.854513,45.00759,56.85159
-20.934801,-6.0529747,45.00759,56.85159
-22.577194,-1.395134,44.04779,55.639214
-24.732119,1.1515942,44.04779,55.639214
-25.71163,-1.7869396,44.04779,55.639214
-23.164902,-3.5500603,44.04779,55.639214
-26.103434,-1.0033321,44.04779,55.639214
-27.866554,2.3270054,44.04779,55.639214
-25.319824,0.56388474,44.04779,55.639214
-27.474749,-1.5910397,44.04779,55.639214
-24.92802,-1.3951378,44.04779,55.639214
-26.299335,-2.7664528,44.04779,55.639214
-25.319824,-0.6115284,44.04779,55.639214
-25.907532,-2.374649,44.04779,55.639214
-23.36083,-3.4807796,43.10846,54.45269
-7.4476957,-5.5897503,43.10846,54.45269
-3.8049297,-9.232515,43.10846,54.45269
-6.4698725,1.5032101,44.062233,55.657455
-0.24790955,3.1239662,45.03711,56.888878
20.383217,0.92064285,45.03711,56.888878
41.81555,-0.08086777,45.03711,56.888878
63.64849,-0.2811699,45.03711,56.888878
87.885056,-2.083889,45.03711,56.888878
109.31738,1.7218533,45.03711,56.888878
126.74367,5.1269913,45.03711,56.888878
147.49542,9.401764,44.07668,55.675705
158.66917,-4.908476,44.07668,55.675705
167.0985,-2.360077,44.07668,55.675705
187.96599,4.142372,45.051876,56.90753
214.7001,7.0468216,46.04865,58.16661
237.0234,-10.361263,46.04865,58.16661
260.98514,-8.518055,46.04865,58.16661
288.22366,-6.2652435,46.04865,58.16661
315.4622,-4.012432,46.04865,58.16661
338.1951,-5.036438,46.04865,58.16661
364.9401,-6.587612,45.066647,56.92619
386.6922,-4.9299088,46.063747,58.18568
408.31192,-6.086666,45.081425,56.944855
429.6551,-3.5963497,46.07885,58.20476
450.88687,-5.938654,45.096203,56.963528
471.54507,-3.3313084,45.096203,56.963528
486.5246,0.17580795,44.134514,55.748764
506.34967,1.5498238,44.134514,55.748764
527.0639,0.44151497,43.193333,54.559906
551.4099,-7.679184,42.27222,53.3964
567.76636,-1.4750061,42.27222,53.3964
586.7549,-1.2870007,42.27222,53.3964
601.98334,1.5330791,42.27222,53.3964
610.06757,5.4811916,42.27222,53.3964
604.7235,5.8657722,43.207493,54.577797
608.759,6.4422646,43.207493,54.577797
608.2936,7.209427,42.28608,53.41391
588.98615,-7.6289387,41.384315,52.27484
603.08746,-5.4749165,40.50178,51.160065
610.6378,-3.366829,39.63807,50.06906
602.7048,-8.126659,39.63807,50.06906
579.6108,5.447672,39.63807,50.06906
581.9025,5.1319504,38.792774,49.001324
582.4201,3.9242363,38.792774,49.001324
590.52905,7.2023163,38.792774,49.001324
603.8139,3.579174,38.792774,49.001324
610.04785,3.6027737,37.965508,47.956356
564.96454,48.686073,37.965508,47.956356
574.58905,50.543434,37.965508,47.956356
582.8628,52.063095,37.965508,47.956356
592.4873,54.595863,37.965508,47.956356
600.86676,56.571945,37.15588,46.933674
604.99805,59.050705,37.15588,46.933674
609.0576,61.62175,36.363518,45.9328
613.6542,61.95563,35.588055,44.95327
616.0283,60.21458,35.588055,44.95327
613.6542,59.42319,35.588055,44.95327
612.2297,57.04903,35.588055,44.95327
608.9058,53.7252,35.588055,44.95327
613.49585,52.3007,35.588055,44.95327
614.6038,40.42988,35.588055,44.95327
615.7118,40.588158,35.588055,44.95327
612.5264,41.56878,36.37544,45.94786
601.8854,43.913864,37.180244,46.96446
602.76,44.255245,36.387363,45.96293
579.0192,42.571472,37.192432,46.97986
578.6186,46.420525,36.399292,45.978
581.3472,48.315083,35.623066,44.997505
584.01764,48.947586,34.86339,44.037918
586.93005,49.865494,34.11992,43.098797
588.9027,49.886253,33.3923,42.179703
589.9745,50.47914,32.6802,41.28021
591.3036,51.899944,31.983284,40.399895
592.87854,53.564655,31.301231,39.538353
591.19965,54.657135,30.633722,38.695187
591.88086,55.33835,30.633722,38.695187
590.1097,56.01956,30.633722,38.695187
591.3359,54.52088,30.633722,38.695187
590.7432,55.590073,29.98045,37.87
592.4766,56.379425,29.341108,37.06241
594.6761,55.642612,28.7154,36.27204
593.5267,53.21609,28.7154,36.27204
592.9712,51.510227,28.103037,35.498528
591.3464,49.385433,28.103037,35.498528
589.9715,47.760586,28.103037,35.498528
588.46405,47.536743,27.50373,34.741512
587.2246,46.37446,26.917206,34.00064
585.9078,45.53646,26.917206,34.00064
586.7718,43.706642,26.34319,33.275566
585.2487,44.292446,26.34319,33.275566
586.5375,44.87825,26.34319,33.275566
587.3576,45.9327,26.34319,33.275566
586.7718,47.221474,26.34319,33.275566
588.7466,49.044323,25.781412,32.565956
588.1733,46.865734,25.781412,32.565956
587.8293,45.83377,25.781412,32.565956
589.5492,46.865734,25.781412,32.565956
590.8105,48.35635,25.781412,32.565956
590.2372,52.36954,25.781412,32.565956
591.26917,54.08948,25.781412,32.565956
592.9891,54.892117,25.781412,32.565956
594.709,56.153408,25.781412,32.565956
595.9703,56.497395,25.781412,32.565956
600.55536,55.849968,25.231615,31.871477
603.8097,54.615578,25.231615,31.871477
