10000
10.156267
10.058726
10.066952
10.061083
10.025456
10.0563
10.09526
9.983182
9.964528
9.951046
9.899037
9.937582
9.942288
9.902142
9.966432
9.981008
9.887047
9.866299
9.981473
9.865599
9.98734
10.05578
10.035639
9.864778
9.990868
9.992149
9.990373
10.009907
10.13323
10.224966
10.008627
9.985968
9.848258
9.9318285
10.06429
10.105288
10.06295
9.937784
9.763367
9.625543
9.396141
9.15043
8.832906
8.668952
8.269224
7.5345306
6.6512
5.964358
5.4994698
4.371992
3.6531398
3.8377967
4.0784345
3.986154
4.1941648
4.804183
5.3110147
4.3500767
3.5176349
3.9476285
4.996753
5.086001
4.8593707
4.002572
5.3765707
4.8946314
5.2017283
5.7403097
5.254412
4.316129
4.3600645
2.3353007
2.8107305
2.9967713
3.4079375
3.88664
5.310754
4.9523582
3.7902632
3.3135908
3.354814
3.4467328
2.8336172
2.489156
2.4923253
2.2695477
2.5095687
2.8769665
3.6202505
3.95827
3.9334059
3.9231515
3.6840527
3.8379917
3.6306934
3.9438553
4.3696537
4.25981
4.326928
3.5158057
2.390677
2.4747617
1.8333187
1.918119
1.9268801
1.8519062
2.3540297
3.1110318
3.6201205
3.4709146
4.2289886
4.0347986
3.8127596
3.9291096
3.5069783
4.8589087
4.6719356
5.1598616
3.9164712
3.9225926
3.6069767
2.9099603
3.8841753
6.259983
4.459652
2.2172012
3.4529421
4.8130283
4.047095
3.786655
2.7891073
4.2048445
5.181402
5.0370226
4.074497
3.826337
3.8032136
5.257104
4.43047
4.236272
5.274846
4.6691747
3.7461271
4.6675816
5.0274963
5.5883665
5.135535
4.096381
4.702087
5.92948
6.212349
6.4810038
6.136873
4.9388824
4.2093267
5.029408
5.6103697
7.177484
6.475457
5.0795646
4.8462977
4.675276
4.8713107
5.5296264
6.5536604
5.880069
4.848349
3.9471977
4.739267
4.197501
3.7938044
4.8272514
4.5496054
3.8605201
3.7055323
5.4024305
6.34308
4.994016
4.9885187
5.0446887
4.8612595
4.666787
4.6196623
4.6810093
5.0763435
4.803959
4.1824656
4.1864367
3.8652747
4.156332
4.4422216
5.305732
6.2752066
6.8843174
5.747801
4.874488
4.2079263
4.5690794
5.53675
6.943072
7.063805
6.7527723
5.750011
5.086528
4.5804396
5.5044303
6.3084874
6.728105
6.139101
5.9742966
4.218876
3.5660958
3.7899036
5.229141
5.313791
5.283099
5.1847963
4.6689196
4.858715
4.11335
3.9637039
3.9791205
3.8334613
3.8905187
3.910396
3.2855413
3.61636
3.3133886
3.4497488
3.8929157
3.9466689
4.1066875
4.230551
4.0593705
3.959372
3.8488154
4.164217
4.3960404
4.864682
5.396468
4.1125197
3.7498274
4.026445
3.858851
4.014593
3.901263
3.338788
2.704432
2.8765447
4.172503
3.5726566
3.30296
3.6034265
3.6997042
3.71763
3.49721
3.7754955
3.1393166
3.584003
3.8265357
3.3426442
2.9946048
3.4739757
3.2353787
3.6700678
3.208191
4.0863414
4.2757273
4.1597085
4.2166166
3.4224157
3.195413
3.1265492
3.1277564
3.6313324
3.83042
3.990522
3.8143358
3.7579813
3.4209933
4.329626
4.4432936
3.792498
3.693649
3.615628
3.7853594
3.0035605
3.172307
3.754845
4.165864
4.7169085
4.8943076
4.1434903
4.4486713
5.171028
4.741494
4.0081444
4.129524
4.48765
3.4464731
3.3155308
3.2392259
2.508386
2.8272219
3.3726118
2.891811
2.4338038
2.7878392
4.377169
4.4562616
3.6240215
3.4174771
3.3572433
3.7709095
3.542583
3.5068817
3.2872422
3.2702298
3.0342808
3.0856786
3.4656475
3.5202527
3.1624823
3.2500787
3.6721675
3.886691
3.7683358
2.8434746
3.3882837
3.6161578
3.016517
3.0514863
3.4542956
2.9259787
2.7489643
3.0291817
2.8487787
2.8693235
2.8174775
2.7759814
2.8599925
2.9436972
3.135103
3.2372165
3.5305288
3.4821765
3.4639602
3.6689906
3.8359466
3.8446822
3.764256
3.1537883
3.0289314
3.3493752
3.6190774
2.9737883
2.9018044
1.8953704
1.6551418
1.7119042
2.4746196
2.8836331
2.4131932
2.4291537
2.3794096
2.724951
2.3870661
1.5176321
1.4230375
1.4123399
1.3988425
1.3825085
1.3244214
1.4136658
1.428152
1.3461523
1.5512314
1.4301969
1.3518221
1.4291432
1.3630811
1.3476238
1.3766996
1.4287018
1.4215932
1.4343765
1.3913635
1.4031284
1.3691535
1.4140081
1.307897
1.3783195
1.334671
1.8049071
1.9705132
1.8899446
2.3053436
1.4612008
1.3747857
1.3922604
1.4797919
1.5801771
1.5480024
1.5393394
1.6183381
1.7715529
2.5214808
5.3218455
6.3869476
6.298886
6.48505
5.670301
3.5882263
3.3259351
2.9946084
1.9924799
1.4343091
1.4439404
1.3238349
1.2628405
1.3208203
1.454434
1.6059052
2.6791139
2.4487052
2.4705749
2.8132129
3.5913239
3.3822935
3.4900632
3.6345682
3.5167265
3.0274606
2.5803292
3.5741394
3.881197
4.016851
4.032114
4.9178343
4.704253
4.5193725
4.4413567
4.315384
4.036548
4.898297
4.7358637
4.857905
4.757019
3.5809214
3.9784727
3.4575627
3.8479972
3.804068
4.183626
3.8133397
5.0240197
4.834
4.8136272
5.071346
5.2788787
5.419946
5.19809
5.101717
5.2614803
4.967449
4.4300156
3.147992
3.5480914
3.15782
2.982615
3.107863
2.9884987
2.967313
3.17739
3.1548066
3.1033697
3.215651
3.111137
3.107311
3.1447177
3.0088701
3.2232113
3.047236
3.037465
3.2529404
3.3945596
3.3809297
3.4616482
3.7217903
3.6168742
3.2071114
3.5959222
3.2410622
3.3201184
3.2868524
3.2491999
3.1599016
3.3638227
3.356544
3.3805745
2.6434636
3.4186873
5.05297
4.506266
4.4426513
5.0124598
4.9496326
4.961815
4.6478653
5.052198
3.1594667
3.947691
2.2631693
2.2672284
1.8861034
0.42301452
0.3933125
0.5288903
0.5175334
0.5674812
0.5551906
0.5408442
0.47594184
0.45330358
0.4324157
0.4582969
0.7916596
0.44716877
0.4360978
0.4751052
0.41358206
0.42332727
0.44331628
0.54957795
0.5114278
0.52987224
0.49839395
0.48216087
0.50357157
0.5014723
0.5227149
0.49034894
0.7510838
2.1487384
2.7870297
2.8044477
2.8365645
2.835316
2.7784705
2.8970437
2.8930676
2.7273319
2.8620653
2.8204803
2.800765
2.7606666
2.6326334
2.3767588
2.1245365
2.305438
2.4990642
2.4885736
2.5195255
2.5157762
2.5974085
2.6754138
2.4715555
2.6695428
2.9274063
2.7874613
2.2277746
2.1181207
2.5234318
2.606121
2.4417033
2.344695
2.2457602
2.2236514
2.2499385
2.1720989
3.8233142
4.1862397
4.0568957
3.2638288
2.99225
2.858951
1.997578
2.572378
2.396767
2.2726018
2.74936
2.644991
2.8894775
2.5583813
2.6852772
2.687377
2.7014132
3.3982034
3.684595
3.3180094
3.2187455
3.5282383
3.8872821
4.142168
4.1820784
4.10041
4.0561876
4.154751
3.8342319
3.867517
3.8720288
3.9677134
3.884406
3.8443522
3.8423586
3.7604172
3.8157017
3.7608051
3.7327063
3.7656193
3.840139
3.9054952
3.7483366
3.6543322
3.7744138
3.8260813
3.7903051
3.9331381
3.823759
3.7801666
3.5490243
3.6723351
3.5030956
3.5411265
3.6626885
3.568337
3.4479926
3.635901
3.671
3.6402893
3.5631144
3.7658591
3.5429287
3.7716484
3.6109452
3.705529
3.781542
3.605413
3.6631885
3.654301
3.7176204
3.8276439
3.6055841
3.703307
3.6390285
3.6046019
3.756503
3.6461725
3.6151662
3.7124758
3.7346275
3.6081321
3.7279558
3.594559
3.6196933
3.569603
3.5196342
3.6679833
3.5652406
3.5257168
3.4372563
3.469212
3.6313322
3.6363063
3.5987694
3.4400392
3.5599642
3.4581385
3.6848316
3.6660237
3.7391376
3.7616675
3.9922254
4.314343
4.431046
4.3917165
4.4458685
4.5526543
4.025683
3.8034568
3.760928
3.7230155
3.3749666
3.102112
2.9419801
2.6679788
2.632028
2.7755315
3.1775885
3.339773
3.6710463
3.1459513
3.384738
3.3075774
3.2365408
2.759379
2.8969562
2.57046
3.0312452
3.1490579
3.6260242
3.8987253
4.021017
4.2013617
3.7008512
3.0952542
3.2180152
4.0510755
4.429875
3.5568569
2.1688623
4.6942863
5.0346813
4.760299
4.038267
3.9492774
4.510094
4.639128
4.947568
4.93089
3.7099342
3.1074488
3.4964898
3.7361546
3.8334458
4.388905
3.5743325
3.2224894
2.8595238
3.2373137
3.3998673
3.1141593
3.2997038
4.0676045
3.9781199
4.0075064
4.5223866
3.651941
3.5829172
3.3394532
3.2535784
3.8634417
3.029046
2.9876144
2.81169
3.078087
3.1371522
2.8009756
3.0627413
4.3721156
4.0503526
3.214616
3.5992053
3.2383287
3.6629066
3.0426
3.6678195
3.194558
3.389538
3.271866
3.4776204
3.8096037
3.787387
4.203254
4.3406925
4.486994
5.15978
5.0886383
3.0811746
5.0803533
6.075468
6.4682665
6.5188723
6.3168397
4.946966
3.292514
2.3158157
2.4658258
2.3675056
2.3450222
2.3554006
2.6852198
3.250013
3.76042
3.6899092
3.5767257
3.6047933
3.563301
3.4744756
3.6377573
3.7256892
3.752761
3.7580929
3.782464
3.779802
3.5092242
3.722026
3.721014
3.7178895
3.728913
4.0025973
4.0391917
4.0594015
4.3267803
4.0889916
4.219605
4.156615
4.3044963
4.1971064
4.1127014
4.1157093
3.9890087
3.9689627
4.0792265
3.971157
4.247738
4.183238
4.2364254
4.18938
4.219534
4.130964
4.0733614
4.127914
4.2951584
3.9805691
3.9632218
4.1463385
4.1905127
4.141116
4.053971
4.1792946
4.314593
4.514112
4.303724
4.4857078
4.5873313
4.571087
4.4434986
4.478419
4.28325
4.3556814
4.3763604
4.3202114
4.357022
4.1482277
4.2961636
4.3169026
4.318689
4.4305344
4.4172444
4.455725
4.514353
4.440317
4.6047482
4.249931
3.9782903
3.9193013
3.8327684
4.2529144
3.9497447
3.9348466
3.7131026
3.2971606
3.462947
3.1082592
2.983987
3.270231
3.3452861
4.119585
3.895588
3.432762
3.6444006
4.156707
4.744512
4.24397
1.8974268
1.8906218
1.9881259
1.9798137
1.9728428
2.282312
2.3434496
2.6173713
2.6210878
2.7543914
2.7787588
2.7489817
2.7507296
3.2461846
2.9873934
3.2888567
3.0316253
3.076426
2.8322625
3.0330918
3.0598373
2.7816405
2.951012
2.8691316
3.021275
3.0957425
2.987843
2.8949838
3.064202
3.0776296
2.8264394
2.6409934
3.0177045
2.8142824
2.7394247
2.6309726
2.5938327
2.6696842
2.5306845
2.6740224
2.560081
2.633293
2.7903755
2.6058404
2.6509254
2.4115214
2.7780912
2.6699233
2.580267
2.6582692
2.6772394
2.7053866
2.584482
2.6749187
2.510444
2.6477726
2.640945
2.8152354
2.8472989
2.8103783
2.7756867
2.3861897
2.5108473
2.317989
2.5175922
2.4891803
2.7139084
2.6411002
2.7921011
2.71201
2.7678459
2.9080207
2.903668
2.8994393
3.1601212
3.1951056
2.960776
2.948917
2.8820786
2.9502137
3.1303298
2.8397903
3.029404
3.0033326
2.9168975
2.8528244
2.8313007
3.1111574
3.1107306
3.0161066
2.925145
2.8574314
2.86047
2.8720794
3.0047233
3.025305
2.9506042
3.0131292
3.0196145
3.1072993
2.8736968
2.9398851
3.025987
2.8953948
3.0216904
3.2044437
3.0080073
2.9866996
2.8975344
2.8672311
3.0237653
3.009937
3.0207288
2.9535527
2.9585075
2.9548244
2.987487
2.994277
3.079316
3.054121
3.0128446
3.1513944
3.0611625
3.1479387
3.0624719
3.1150417
3.133553
3.058845
2.925481
3.0429783
3.006705
3.1672657
3.0780082
2.860823
3.0170846
2.6955667
3.0059853
2.9780877
3.0037336
3.0008173
2.8742921
2.8363128
2.7709508
2.90819
2.8243294
2.793823
2.715197
2.6798644
2.930729
3.2332988
2.694413
3.1214325
2.8320608
2.8807173
2.9940286
2.7759383
2.8534615
2.8541422
2.878093
2.8604953
2.9299035
2.9307106
2.9906647
3.208283
3.1574442
3.4424777
3.1007998
3.4818814
3.3788207
3.201532
3.3177261
3.3333702
3.656509
3.5933113
3.5748866
3.4770525
3.360883
3.596508
3.6221635
3.823143
3.5485299
3.4483342
3.5109353
3.5399997
3.515074
3.6896806
3.814625
3.8670104
3.6630254
3.6227598
3.6263485
3.5753145
3.440263
3.4338417
3.67712
3.3915458
3.5182352
3.6960254
3.4061196
3.7510486
3.5702307
3.486095
3.5753973
3.5855927
3.5792165
3.6949747
3.6089158
3.4009218
3.5360694
3.455933
3.611089
3.4478111
3.4560194
3.7253141
3.595985
3.7781591
3.4613519
3.7250772
3.598259
3.4176726
3.7365594
3.542615
3.717185
3.5692754
3.492044
3.6736083
3.6708598
3.477283
3.460701
3.501746
3.4974344
3.535354
3.5031872
3.628808
3.522039
3.357288
3.5944219
3.500787
3.5223365
3.5830674
3.508882
3.3540576
3.4200623
3.4119935
3.445484
3.6954484
3.4925702
3.640073
3.5855603
3.7270994
3.5805385
3.4135005
3.7571692
3.7016342
3.58393
3.4850688
3.5965338
3.812772
3.5636084
3.5365882
3.6461444
3.3882778
3.4125617
3.3015304
3.5388412
3.4537134
3.4727175
3.4844372
3.4868474
3.1170733
3.0863943
3.2121263
3.1034672
3.3070874
3.079329
3.7437928
3.5415914
3.355515
3.3402379
3.6184077
3.2804725
3.4729102
3.362424
3.2063873
3.2764316
3.4009728
3.571081
3.5394893
3.6197236
3.5565853
3.3821416
3.6546307
3.0585146
3.0153735
2.647447
3.1795967
2.735934
3.3678045
3.4481676
3.1225612
3.29529
3.0803323
3.7357779
4.108325
3.9764385
3.4221687
3.1594508
3.5263112
3.9873948
3.9692593
4.0762496
2.648421
3.6398094
3.8478642
3.9741263
3.917676
4.0535645
4.1240535
4.104668
3.7964568
3.9147563
3.8789687
3.6707473
3.5430908
3.4796884
3.587769
3.429041
3.4775863
4.346999
5.7495074
5.8836107
5.513428
4.400147
4.6744685
5.392296
5.9948387
5.617021
3.9763362
2.6066911
3.1300664
3.4198484
3.1015708
3.2992008
3.6428874
3.276373
3.2765055
2.6926932
2.9101675
2.0063906
2.0082917
2.0150108
2.208851
2.4222777
1.9644716
1.4201808
1.069623
1.1119584
1.1442567
1.0249233
1.0994525
0.947753
1.048915
0.91743815
0.94477654
0.9827378
1.0473421
1.4478884
2.7540295
4.3796954
6.067654
6.0799356
5.8912563
5.363981
4.5631304
4.6051173
5.114773
5.024964
4.680719
4.821735
4.579835
4.5460415
4.7276807
4.4544377
4.5015483
4.6439886
4.958276
4.66584
4.4340763
3.6917772
3.5308664
4.0134726
4.602239
5.447952
3.5543177
4.295337
4.7504606
3.9233968
3.8284137
4.4794493
4.566566
4.402325
4.274686
4.100169
3.633811
3.6050594
3.409855
3.823043
3.7646933
3.9013605
3.9311411
3.8080738
3.8089974
4.0270433
3.892684
3.456483
3.0888247
3.3484287
4.855195
4.847529
4.731787
4.08803
3.80595
3.9891596
3.6946404
5.1238894
4.9883823
5.1826453
5.511279
4.2566004
3.504162
3.8286664
4.5472617
4.730901
5.3198204
5.5524716
5.2776785
5.4774046
4.8846455
4.4550805
4.8392735
4.8432617
3.8095713
3.453447
4.3417354
4.115184
3.8819363
3.2365022
2.6395526
2.7942371
3.1186147
2.5175424
2.7560046
2.662691
2.7090728
2.6958237
2.6339622
2.6458364
3.219125
4.6986322
5.2228184
3.8469634
4.5423484
3.9170773
3.1757312
3.838853
4.5084596
4.2475815
3.5473318
4.0264654
3.7102695
3.8320608
4.4336114
4.5897713
4.0955877
3.6341116
4.714038
4.9786825
3.6506763
4.889227
3.854526
3.658032
3.4367137
5.0386167
5.060988
3.3231423
3.339323
3.2151806
3.1687334
3.3128843
3.3844435
3.3188772
3.4010234
3.3398242
3.5239506
3.3223543
3.4668252
3.6111758
3.5428288
3.7143722
3.6420646
3.615661
3.4986935
3.5034585
3.5231414
3.6331997
3.3365948
3.4042022
3.2623246
3.2093155
3.38553
3.6637778
3.974328
3.7630947
2.940939
2.9211965
3.4651513
3.6188326
3.2917702
3.2872596
3.8284316
4.0170326
4.12069
3.4730136
1.090154
1.1055465
1.1338773
1.1225705
1.1694331
1.2249357
1.2390394
1.273506
1.3448846
1.3507504
1.4191008
1.4612678
1.3772187
1.296396
1.190968
1.2192267
1.2185484
1.2193617
1.2179348
1.2265713
1.2676731
1.796675
2.9542234
2.595412
2.7300363
2.9837735
3.0130703
3.7017965
3.6906219
2.0698934
1.8291825
1.9053984
2.088817
1.902619
2.0675542
2.250791
2.0677717
1.5542169
1.1469363
1.0642226
1.0950565
1.1353027
1.1238855
1.1413001
1.1886289
1.3198125
1.3353059
1.5292388
1.4961978
1.6696892
1.5957873
1.6753101
1.5629996
1.5288581
1.500528
1.4704726
1.3343561
1.2456392
1.2402592
1.291255
1.3004633
1.195269
1.0915964
1.0710875
1.0246192
1.2039826
1.1857381
1.1360062
1.1106426
1.1638533
1.1807957
1.245651
1.840945
2.1430662
2.3565087
2.271678
1.8649756
1.4994509
1.7820321
1.1533436
1.066009
1.8663982
1.987525
2.8428233
3.4116216
4.13896
1.1095585
2.6923428
2.2169175
2.3368764
2.5724487
1.0600755
1.0685127
1.0503331
1.0127399
1.1132725
1.0703368
1.1279782
1.0858296
1.0674762
1.0759717
1.0509582
1.1303455
1.382455
1.5447092
1.8154833
1.8244392
2.194279
2.2075248
2.2256076
2.2231274
2.8123236
3.5922039
3.4574592
2.6403177
1.8739225
1.8032612
1.3782868
2.0835133
2.017586
1.8561077
1.7932674
1.809362
2.2814212
2.8259606
2.8585553
2.96248
3.7344875
4.2242074
4.1762238
2.9986305
2.2834377
2.3900359
2.7536716
3.1508274
2.8151755
3.1179032
2.676777
1.870336
2.1351469
2.7769058
2.8897834
3.1809075
4.030853
3.7736003
3.7983668
3.3015044
2.4939022
1.8946439
1.9492522
5.513746
5.6505995
5.568887
5.6548014
5.6818304
5.646602
6.1665626
6.2334056
6.1054854
5.977456
5.2229357
3.6380095
2.913243
2.3844752
1.4359065
2.235207
2.5914655
2.5633843
2.4139037
2.814787
3.3748941
2.583436
2.6253393
2.3963258
2.3617158
2.4809196
3.6257365
3.8984256
3.882617
4.3017273
4.4205165
4.4443054
4.888865
4.898527
4.4467936
3.13611
1.9298425
3.1711416
3.6195207
3.9798005
4.6243696
3.0680962
3.3417778
3.2705257
3.1929183
3.491276
3.3339782
3.2954757
4.019756
3.1218815
3.4429839
3.8335598
4.418353
4.5736117
4.813789
4.7064657
4.047764
2.5505264
1.9653531
2.0715966
4.443074
4.6157002
4.663142
4.45585
4.612962
4.6093545
4.0363226
3.9023926
3.7591877
3.4312143
2.4539874
2.846659
2.8832567
2.5854406
2.7480798
2.420604
2.5862174
2.6892328
3.0816932
3.2786372
3.4322996
3.715033
4.4665904
3.8249803
3.2780771
3.2274656
3.3168666
2.5822637
2.5405831
2.7133267
2.888736
3.1731653
2.8437176
2.9592402
2.9454913
2.6540637
2.154388
2.6652112
2.612208
2.6337326
3.2414265
3.470798
3.5031447
3.3050852
3.0900657
3.2177382
2.9631188
2.9559438
1.1788679
6.255146
6.941196
6.7691298
6.8606715
6.816142
6.863285
5.163882
3.0499945
1.4792463
2.2369308
2.6382937
3.2861662
3.3808935
3.1108053
2.7935383
3.224661
3.2421944
3.238551
3.389368
3.2003918
3.3002708
3.2107365
3.2680578
3.14179
3.0108905
3.0964646
3.1920004
3.19556
3.2765896
3.4004507
3.4703174
3.7817028
4.027733
3.5619082
3.5279002
3.3631482
3.1889915
2.6406941
2.1754923
2.231426
2.7110426
1.7511457
1.7178098
1.4002278
1.4868
1.3058299
1.2252867
1.218348
1.3591859
1.3094752
1.2531809
1.1755428
1.1993603
1.1220026
1.1007601
1.2692701
2.709437
3.4083443
2.4120626
2.7464979
3.1231413
3.1753912
3.1952329
3.302916
3.2947078
2.970778
2.699372
2.4831667
2.850826
2.2088037
2.2828557
2.474216
2.812302
3.0220718
3.4276338
3.3931942
3.4144564
3.355231
3.3802745
3.4071174
3.4665341
3.5458655
3.1544523
3.1263487
3.243828
3.4926026
3.5203962
3.5088718
4.6669235
3.3455362
2.8852482
2.526172
2.0078902
1.8271974
2.841052
2.6485128
2.2689779
2.6514792
2.5779283
3.2178116
3.4378545
3.4995394
3.544743
3.8922486
3.8206816
3.5656095
3.431045
3.7941973
3.5230446
3.5845385
3.362484
2.6972895
2.0511
2.2536812
2.2094886
2.2539005
2.1588678
2.0904934
1.5925262
2.1512382
2.1417794
2.3623402
2.2949064
2.398533
2.2603056
2.6221824
2.878137
3.0167267
3.3212683
3.0084095
3.0875106
3.3144114
3.2281508
3.3109784
3.2372198
3.2254505
3.284373
3.2980547
3.3574224
3.533721
3.6947217
3.3527467
3.6519911
3.7081995
3.8042696
3.8687634
3.8350563
3.8999615
3.9394016
3.8244274
4.011937
3.859786
3.7467668
4.06083
3.9218287
3.7997825
3.655727
3.7105987
3.6214128
3.6056676
3.3309445
