10000
8.8512535
8.706132
8.685972
8.777184
8.732117
8.608468
8.645035
8.587338
8.544391
8.197608
8.051714
7.8095846
7.9999037
7.995866
7.782755
8.088656
8.066321
7.687089
7.3006673
7.2119527
7.1042104
7.156062
7.2407446
7.6460276
7.723392
7.983244
8.171357
8.330762
8.183052
8.145472
8.275827
8.119673
8.048775
7.829431
7.9825964
8.243708
8.281984
8.063133
8.148252
8.103981
8.233059
8.132228
7.995799
7.9716706
7.582509
7.654672
7.626669
7.9377975
8.37426
8.34768
8.230072
8.089746
8.13533
8.385317
8.42629
8.499559
8.5492935
8.367845
8.395486
8.193284
8.108819
8.296946
8.071793
8.084263
7.6676197
7.8274794
7.6924973
7.824489
7.708118
7.983442
8.204027
8.138637
8.189333
8.274324
7.928171
8.279177
8.571636
8.563186
8.426595
8.279218
8.297514
8.392155
8.189752
8.225505
8.026101
8.11622
8.218503
7.6852856
7.739174
7.547433
7.687611
7.9617248
8.358666
8.23074
8.510766
8.186506
7.7698784
8.358395
8.158454
7.737765
7.766201
7.6677523
7.682914
7.097898
6.605912
6.1657476
6.3327594
5.9560328
5.398572
5.646597
6.081034
5.712443
5.496202
5.0343437
4.7007456
4.3860326
4.5397215
5.0628595
5.3711705
6.2211246
6.4190526
6.1583176
5.735369
5.2388883
5.480419
5.677278
5.4124064
5.773625
5.687389
5.578248
5.5581164
5.163585
4.607334
4.6128592
4.144944
3.643758
3.5640545
3.8526275
3.966716
3.3762488
3.2040155
3.3496625
3.5476568
3.592809
3.3624804
3.4818225
3.4119954
3.4709938
3.4902973
3.599375
3.5057356
3.5650127
3.5796432
3.6187491
3.4690602
3.5303557
3.6161184
3.48327
3.7277827
3.7242086
3.6268632
3.8250532
3.7223487
3.8711603
3.7328968
3.7005715
3.7156973
3.79786
3.8005795
3.6291273
3.8405254
3.8402643
3.5503323
3.9157743
3.8898597
3.8547723
3.862706
3.7434626
3.760713
3.657727
3.8590858
3.8053837
3.7906728
3.7589357
3.7819798
3.893571
3.7489421
3.6707594
3.791638
4.042676
3.8419833
3.927946
3.7424328
3.9034822
3.8169165
4.0756016
4.1932096
3.9816666
3.9358947
3.849707
3.9949467
4.1651883
3.7892504
3.700626
3.7970998
3.949957
3.9421334
3.7047558
3.7285423
3.7420068
3.8371804
3.681449
3.6804824
3.8690357
3.7735667
3.6471233
3.8004346
3.4975803
3.865428
3.6486325
3.5616124
3.7051084
3.6468503
3.603382
3.6124487
3.6257029
3.5475264
3.8316064
3.5289474
3.42884
3.4057498
3.3019648
3.1581511
3.1212368
3.1905773
3.12234
2.875022
2.852882
2.7877529
2.8937733
3.0094457
3.279508
3.2632678
3.348377
3.2870243
3.3858376
3.4421833
3.6023848
3.6013153
3.8128636
3.6853392
3.8129444
3.5861943
3.4844108
3.5933976
3.386859
3.6001308
3.5116768
3.1718185
3.2651188
3.140465
3.2606497
3.485972
3.477145
3.4119663
3.2947729
2.9394019
2.937221
2.7626753
2.98826
2.7937076
2.9056892
2.7200937
2.987817
3.3233802
3.579302
3.3312104
3.0818057
3.3698096
3.23811
3.6406207
3.4594333
2.9326363
2.5165105
2.129654
2.1497345
2.7279096
2.5591655
2.9128292
2.9857373
3.395689
3.0695984
2.1530752
2.7207527
2.5869966
2.6422741
2.6351104
2.7189152
2.366208
2.6494327
2.9427836
3.2786157
3.305254
2.7684584
2.9333327
3.001394
2.5230215
3.056458
3.8172946
3.319354
2.275839
2.3925285
1.2324003
1.6058913
2.4846826
2.657373
1.9850886
0.6534069
0.6449276
2.2914612
2.5874164
2.8391678
2.9168706
2.870521
2.9233754
2.8766701
2.4832768
2.6838796
2.893655
2.9815233
2.8384986
2.6353881
2.6089668
2.4461577
2.3694324
2.628311
2.937738
2.8857322
2.839957
2.903046
3.3050659
3.8732023
3.3283172
3.2933106
2.8444667
2.957398
2.4170039
2.8199193
2.8179336
3.7051804
3.7401261
3.6648278
3.3447313
3.2769027
4.1368065
3.9216259
3.1842325
2.6055567
2.5025792
2.2261734
2.768567
2.6832259
2.914339
2.6129365
2.1008496
2.5280862
2.7370708
2.93143
2.9787853
3.1255786
3.027383
2.8836334
2.7675447
3.3817158
3.2428682
2.2885332
2.0801315
2.0995262
1.7873652
1.844004
2.053087
2.1437933
2.2751126
2.4298007
2.0347779
2.7833705
3.2002118
3.1381667
3.4508204
3.0087173
2.8384838
2.719489
2.5376375
2.5767405
2.3081095
2.338513
2.628329
2.686454
3.2795308
2.3956463
2.2905653
2.328617
2.6898062
2.45163
2.914014
3.4178066
3.0251594
2.66836
2.4391782
2.0881727
2.093534
2.4805446
2.3648236
2.4527087
2.419602
2.2260215
2.7447011
2.5333402
2.4510753
2.5789468
2.72023
2.9266605
2.6787372
2.403374
2.3869615
2.8402529
3.0717292
2.9131808
2.7252095
2.8441892
2.3474028
2.312793
2.7710943
2.792248
2.7287807
3.0897138
2.95177
3.033398
3.2852867
2.9798393
2.1450808
2.0529294
2.2851243
2.420137
3.139501
3.7510998
3.403377
2.8465683
2.3401852
2.3553607
2.7644162
2.8728852
2.4642012
2.599246
2.8562021
2.0821636
2.7831333
2.4561303
2.5643313
3.2113338
2.90893
2.5655828
2.323093
2.2033331
2.4315073
3.0760057
3.0343919
3.04306
3.1982222
2.798648
2.302612
2.926018
2.7291768
3.026605
3.9762084
3.5120568
3.13095
3.1291008
2.829171
3.2465305
2.8326702
2.9458313
3.3873422
3.2375422
3.3532894
2.915414
2.8767335
3.2320707
3.6162257
2.9464643
2.3988116
2.0336013
2.2638645
2.4252982
2.140041
2.22669
1.9848225
2.481868
2.4551578
2.0413253
2.6669855
2.441696
2.3986943
2.5960925
2.490919
1.8993573
2.1189728
2.4179602
2.4114704
1.5643871
1.8433616
1.7832808
2.508243
2.5469043
1.6711775
2.5498927
1.9644252
2.3407965
2.197854
2.0996406
1.048417
1.4027827
2.144985
2.6079962
2.5739222
2.9038513
2.483866
1.9526001
2.7654955
2.7587092
3.0674353
2.8285275
2.2199135
1.9355559
1.8468986
2.062573
2.3811996
1.5570872
1.9996748
1.9852961
1.4030408
1.8293701
1.7339212
2.1460006
1.7653694
1.4289615
2.1205204
2.0493705
2.5642724
2.19051
2.245754
2.609023
1.8480866
1.8722918
2.248854
2.2045884
2.2685442
2.1962998
2.35544
2.4589226
2.8891547
3.0055609
3.141328
3.3081486
2.8534055
2.798444
2.1136632
1.7995172
1.736044
2.010318
1.8903484
1.9934773
2.2208734
2.2226336
2.4887123
2.3130682
2.5631516
2.4604855
2.196714
2.3532135
2.1067722
2.6853917
2.6462898
2.9520335
2.3336785
2.3560588
2.5264735
2.3335528
2.9105055
3.0272183
3.413665
3.2751865
3.202197
3.4816585
2.425768
2.1905086
2.3418343
2.3137405
2.8441129
2.6466131
1.4423345
1.6586424
1.2279434
1.3918697
1.9612832
1.76663
1.4874126
1.7106236
2.2624664
2.4243832
2.444654
2.480254
2.373538
2.1507866
1.6188434
1.9477471
1.7982224
1.6551293
1.8800775
2.1497638
2.4133098
2.345532
3.0968542
2.6115332
1.6936824
1.2519183
1.593354
1.8255258
2.48127
2.2797718
2.6928465
3.0282254
3.096493
2.199104
3.0229068
2.9461484
3.1705747
2.5297332
2.2260203
2.5721695
2.5211244
2.4986906
2.0020797
2.5735455
3.0259314
3.1757812
2.7285037
2.416195
2.0352578
1.8469198
2.2890058
2.5244849
2.1753898
1.6884645
1.8603499
2.2899337
2.1697917
1.6148037
1.7486252
1.597513
1.4453477
2.0269115
2.0257165
2.625916
1.4386939
1.5234162
1.741364
1.7894965
1.8716838
1.7561888
2.083106
2.1088204
1.7059938
2.035527
2.2522497
2.193819
2.4725165
2.537118
2.429352
2.565693
2.0855079
3.0193005
3.198856
3.1216953
1.791391
1.6754925
1.7015476
1.7510722
1.8374008
1.7675147
2.7225304
3.2020802
2.8026152
3.4222703
3.3161647
2.2292867
1.4121499
1.9021443
1.9965411
1.8791522
1.9925368
2.0997615
1.9587502
2.1211462
2.0827656
2.0793552
2.1499076
1.8743191
1.7858655
1.6513617
2.0818121
1.9142195
1.6259325
2.0198667
2.3274512
2.8149517
1.9955401
1.168941
0.88576895
1.5403404
1.918483
1.6414276
1.7008603
1.4330027
1.6247593
2.202474
2.4716136
2.4958076
1.7286501
2.1715405
1.7490758
1.4655912
1.5540049
1.5800623
1.6218259
1.5068612
1.5056114
1.845949
2.0655174
2.101932
2.3134232
2.2108111
1.5953283
1.4835943
1.864836
2.0844297
1.9209278
1.7679902
1.3207767
1.6027775
1.6410757
1.8500706
2.185656
2.2696095
2.2906678
2.3329723
2.0171587
2.1845963
2.4324725
2.6719427
2.6445522
2.540535
2.5990903
2.7204428
2.6048994
2.683439
1.5541536
1.8226662
1.878027
1.9550673
2.0975206
2.131066
1.9662768
2.105236
2.2471282
2.5593932
1.94399
1.3084188
1.3225783
1.7521293
1.8382189
1.4882864
2.2244601
2.737773
2.5006351
1.7938055
1.8672422
1.9148674
1.8049163
2.0259922
2.0175767
1.8512115
2.226374
1.5354702
1.5102252
1.778999
2.1773052
2.1887755
2.0174026
2.3935122
3.337272
3.2371411
2.9936469
2.510541
2.094546
2.0212648
2.0823305
1.1731716
0.70718384
0.9201285
0.9727614
0.95075566
0.9680588
1.3348898
1.4037913
1.5957205
1.3212202
2.1255233
2.9360058
3.1797602
3.4350562
3.2062302
3.2670786
3.0245924
3.0393596
2.9901888
2.6433344
2.7342615
2.5386977
1.851695
2.1292448
1.6050951
1.0309219
0.94999486
1.0954744
1.2080997
1.6443572
2.1365733
2.1390216
2.1687913
2.334172
2.4443638
2.6089275
2.9519548
2.455928
2.6624966
2.2591782
2.2118938
1.7068527
1.3728955
1.6104336
1.3454329
1.2512368
1.6828884
1.6375527
1.7990619
1.8500738
2.1475134
2.322234
1.7929628
1.9404705
1.8110873
2.06095
2.0537567
1.145795
1.1173595
1.298007
1.375512
1.4749422
1.8725702
2.0091298
2.0383556
1.7024223
1.6169373
1.7219518
1.8701012
2.166152
1.773122
2.090001
2.2752233
2.2708614
2.6644857
2.4811406
2.3265889
3.1301444
3.4255323
3.3548183
3.0198393
2.3423266
1.8647299
2.738785
2.6218023
2.692871
2.6471245
3.4812474
3.5071654
2.520078
2.6634583
2.7960882
3.1780534
3.2414548
2.9113507
3.3484476
3.4402823
2.8203642
2.796422
2.7141032
2.8553038
2.720342
2.5808089
2.11106
2.2883778
2.1977973
2.4843056
2.7915537
3.5327432
3.3545723
3.0926836
3.2532606
3.0730686
3.2981822
3.4076734
3.6361005
3.703603
2.879373
2.3701682
2.0729878
2.907701
2.8742468
2.6388927
2.7562084
2.6098015
2.5044136
2.7871304
3.235779
3.7500267
3.8147397
3.2438688
2.9868035
2.44574
2.1376066
1.975918
1.9173477
1.9085821
1.836392
1.7464515
1.7344936
1.661513
1.6778936
1.9989254
2.3960257
2.3459754
2.6897833
2.5843418
2.5014153
2.678338
2.5855808
2.221565
2.3583033
2.284109
2.0814583
2.267922
2.2065892
2.2340078
2.5536761
2.689971
2.4196315
2.785217
3.2307541
3.324102
3.4217644
3.0211186
2.6259098
2.9045672
2.9613686
3.5094864
2.8082223
2.8428254
3.8601766
3.343966
3.8906937
3.5508602
2.2056656
2.2395031
2.4316735
2.5583625
2.6345663
2.8127193
2.573108
2.737598
3.2243757
2.7920294
2.72599
3.2198966
2.990409
3.4001036
3.416462
3.2109308
3.045749
2.9013743
2.850798
2.557494
2.8183851
3.0304205
3.1756263
3.0781834
3.1812768
3.241634
2.31964
2.4253068
2.3784516
2.7635825
2.816248
2.9266167
3.0946426
3.0087047
2.9596713
3.0005152
2.9551084
2.7514203
2.174329
1.4946166
1.39172
1.1542169
1.228954
1.5207696
1.6390815
1.3989409
1.2596139
1.5595765
1.3592753
1.1468544
1.1510838
0.9888487
1.2855928
1.3242118
1.1723794
1.4611144
1.1600747
0.9951771
0.95451546
0.6734861
0.80409163
0.9495839
0.89265245
0.9566889
1.0991056
0.9267401
0.96220446
1.3447572
0.89442945
1.0803381
0.88413197
0.96513903
1.0652692
1.1928133
1.2563264
1.1057553
0.8945318
0.95401454
1.4239141
1.2153758
1.2907937
1.1583153
1.4347391
1.2593062
1.1846576
1.3181561
1.1767552
1.4356961
1.5306649
1.5303833
1.4915992
1.3282869
1.6921372
1.3386891
1.3283725
1.2094941
1.6062402
1.4482106
1.2247491
1.4741144
1.4846283
1.3016222
1.4807732
1.6596576
1.6096023
1.4795415
1.8641653
2.036926
2.266704
2.4252822
2.4194198
2.1143613
2.0850837
1.7630211
1.3223602
1.3471649
1.4017153
1.4750104
1.8040576
1.6158872
1.2538189
1.1515427
0.9352482
0.9846027
1.1534886
1.2106304
1.3395628
1.0882812
1.4537859
1.3574185
0.94535583
1.1353228
1.1530854
0.9378312
1.6077547
2.2943096
2.4115922
2.6688654
2.5310872
2.5311396
2.4893932
2.491153
2.7067344
2.6197186
2.5666199
2.366012
2.430718
2.5586164
2.8338778
3.1611595
2.9727688
1.8143194
2.0449848
1.9193807
2.0442216
2.2076006
2.0384371
1.7479162
1.6180997
1.9026442
2.2017536
2.4014485
2.0669208
2.1646156
2.0494206
2.5906036
2.447156
2.5490668
2.4812884
2.4026177
2.2117927
2.093805
1.5309389
1.6483212
1.8570695
2.1094165
2.154019
2.1438625
2.5954785
2.6185288
2.699405
2.441797
2.2177255
2.4259672
2.2739425
2.1273088
2.5158923
2.282511
2.5570045
2.5941477
2.5899549
2.5174527
2.5202165
2.4429164
2.4655137
2.414513
2.4708521
2.4162803
2.8620985
2.4334576
2.5491004
2.5500777
2.78089
2.7031407
2.537973
2.7933235
3.0398724
2.9641767
2.908116
3.0419898
2.8073056
2.8865042
2.9623091
3.0966918
3.0534596
2.9210415
3.2335372
2.7401834
2.3776467
2.112255
2.1816282
2.5133407
2.711357
2.7609093
2.7576416
2.6717913
2.9680243
2.873559
2.7761538
2.8476734
2.63799
2.9004529
3.032341
2.9181414
3.2314105
3.0425231
3.082428
3.0233352
2.8741717
3.0427418
3.046969
2.8775163
3.35146
2.762085
3.1217027
3.4010553
2.904603
3.0504236
3.07684
3.084532
2.9200659
3.2533126
2.981988
3.2778223
3.0619445
3.2352238
3.0786972
3.078278
3.1209936
3.0752819
2.952737
2.7139091
3.0286922
2.8737803
2.8042817
2.9508905
3.0842578
3.0771556
3.0745122
3.073942
3.0327756
3.1929498
3.1086826
3.204805
3.0844712
3.200468
3.1327875
3.255403
3.375007
3.2121773
3.3173096
3.268095
3.4730184
3.2424562
3.552476
3.286535
3.4184096
3.5017645
3.5385835
3.533609
3.6670876
3.6182127
3.546032
3.564368
3.6241798
3.5812187
3.6836967
3.8051224
3.8090205
3.6718872
3.8163128
3.8081264
3.8637953
3.8698254
3.7105398
3.7100515
3.6021843
3.4223502
3.2505412
3.4334953
3.3100502
3.3242133
3.1430354
3.3562846
3.3085957
3.5072632
3.2544208
3.244172
3.5582347
3.5830145
3.3704476
3.4674044
3.3907118
3.4581525
3.519944
3.3715959
3.4813778
3.4673362
3.3103313
3.2595453
3.4729846
3.4102483
3.4826002
3.6416802
3.4309711
3.5275111
3.3120933
3.3778167
3.3421142
3.5030684
3.5208416
3.704974
3.591518
3.733169
3.5586574
3.5427556
3.5301852
3.5248294
3.5990653
3.725422
3.5113769
3.7315311
3.664609
2.819872
2.9017682
3.068351
2.9244232
3.461885
3.6360033
3.6735594
3.6218758
3.6298156
3.6482084
3.7033176
3.8345327
3.6141276
3.4642804
3.1555083
2.6939356
2.1221771
2.2204847
2.2833319
2.05004
1.5188036
2.7021072
4.085719
3.9528787
3.8244143
3.5063384
3.9282403
3.4768944
3.0314498
2.6184924
2.7411702
2.3247032
2.4653962
2.1743054
2.737098
2.3128347
2.1642926
2.0601883
3.5050554
3.3318372
2.9667773
2.5389647
2.9574544
3.3128657
4.03839
4.294525
3.9654377
3.4095647
3.8657618
4.4437747
4.3733644
3.974658
3.9133697
3.5907848
3.159486
3.671022
4.0545216
4.221685
4.0240507
3.2750752
3.3162189
3.5630436
3.6507545
3.1699424
2.771677
3.023232
3.2334833
3.820736
3.4876451
2.1797194
2.0102158
2.1412365
2.6164446
2.063786
2.6336405
2.705122
2.0763974
1.7831817
1.5334864
1.8383906
1.2904203
2.0407026
2.7519872
2.690879
3.3888683
3.0112221
4.053873
2.7318773
2.8898597
3.6642172
4.046607
2.361741
2.7792494
2.9006643
2.9885201
2.430345
3.0376818
2.1532152
1.679614
1.8882152
2.66256
2.2565422
3.27543
2.6869078
3.0032294
3.6621833
2.4296498
3.356007
2.838239
2.2299175
3.2079337
3.1294057
2.6354806
2.5607164
2.0902057
2.6394913
2.6048026
3.0480006
2.817179
3.0944672
2.7076855
3.2407079
3.4449632
2.0128038
1.2347288
1.4887366
1.339271
1.4304936
1.1369438
1.240513
1.486699
1.7548187
1.4218208
1.555506
2.0739944
2.204778
1.2013105
1.4781123
2.8767233
1.8668537
2.4747605
1.7627401
2.1201878
1.8624771
1.4784032
1.9067323
1.1385623
1.0208317
1.1268414
2.8318994
2.8994513
3.1541777
3.6977382
3.2548277
3.3049748
2.489021
2.754068
2.978805
3.3262603
2.6221087
1.5909109
2.0738173
2.2053113
2.4140854
3.0840063
2.623241
3.7433925
1.2445008
1.7568071
1.9851127
1.9836597
1.251526
1.1144893
1.2946861
1.5815369
1.6694536
1.7277594
1.3845067
1.2281351
1.4900413
1.627385
1.6667247
1.592894
1.7438773
1.6847221
1.3116758
1.4954399
2.1642656
1.7892804
1.8022515
1.6583259
1.7988867
1.8030609
1.719573
1.3071587
1.3625706
1.4269005
1.2803725
1.2896366
1.8292953
1.565455
1.546247
1.68956
1.4210321
1.3985784
1.5621365
1.5318944
1.324741
1.6845686
1.5283328
1.6806597
1.2378714
1.0704596
1.5540246
1.4590547
1.4860351
1.2335544
1.53076
1.7223197
1.6573504
1.8087752
1.4069904
1.4894454
1.4581851
1.589997
2.0157967
1.7454841
1.5955648
1.5992723
1.4460533
1.7893655
1.5650929
1.8688998
1.4920698
1.2009351
1.1204169
1.0243213
1.3544341
1.5174363
1.1879022
1.2037425
1.1842399
1.2865149
1.3737239
1.3454187
1.4981482
1.6433407
1.5686734
1.5455868
1.4572263
1.6638739
1.6059103
1.6383505
1.5628462
2.0777884
1.663505
1.4299679
1.898828
1.8331037
1.8543122
1.9471266
2.4547646
2.4689934
2.7720761
2.6021242
2.610002
2.952755
2.6158159
2.6128788
2.1547608
2.038831
2.0339472
2.1258574
2.3756692
1.6901201
1.3726605
1.5083318
2.0544968
2.1744998
2.137493
2.4843688
2.1318727
1.9432051
1.8995613
2.33934
1.4240463
1.0614108
1.2533084
1.4271679
1.4403687
1.8619254
2.0956993
1.8402779
2.4005437
1.871809
1.6938443
1.6540936
1.7832954
1.7087678
2.2142498
2.1874533
2.2122345
2.3992255
2.7322898
2.6097236
2.8179061
2.9484239
2.564999
1.8183331
2.0307171
1.9506963
1.9435391
2.1109507
2.1710637
2.222937
1.7836162
1.6530048
1.4786937
1.6875482
1.9949889
2.4606133
2.5573964
2.4304495
2.3078806
2.2661738
2.109143
2.267579
2.3320704
1.9442145
1.7617987
1.9331516
1.9251177
2.082064
2.250432
2.3378515
2.1935787
2.288519
1.9861099
2.640306
2.2647808
1.602226
1.4722476
1.490521
1.7633212
1.8808182
2.0086093
2.1173048
2.3747878
2.5641608
2.6316679
2.6768827
2.6323242
2.4370394
2.084399
1.9260229
1.8423606
1.8683101
1.9166023
1.9936198
1.9705656
2.007295
2.0649395
1.9423981
2.1665397
2.092763
1.5859941
1.6596318
1.8468711
1.5131968
1.3244933
1.587729
2.0147061
1.3608173
1.7824887
1.5509484
1.4517264
1.7727821
1.5526656
1.6068308
1.5264826
1.5081832
1.5238923
1.6039021
1.5096284
1.8200848
1.6067426
1.8005311
1.6096388
1.7438871
1.7084436
1.5719141
1.6031327
1.6744723
1.566674
1.9690381
2.137023
2.3760118
2.6684642
2.4279704
2.6862197
2.7426763
2.3839848
2.4832015
2.1906874
2.0809045
2.3843536
1.8852056
2.0021513
1.7294383
1.7380872
1.8359895
1.8378129
1.8513993
1.6705527
1.8815846
2.118802
2.2871766
2.604446
2.6712027
2.596895
2.2727702
2.5594602
2.4268198
2.5479975
2.7109504
2.6417184
2.590352
2.332002
2.2847302
2.7286396
3.282508
3.2830696
3.1114435
2.9528775
1.5174813
1.8981247
1.995047
1.9323885
1.8035718
1.9260592
1.4951999
1.6118809
1.9648086
2.7024603
2.3375218
2.9816666
2.2916183
2.7775197
2.4033844
2.3004358
2.6665902
2.5198061
2.4761999
2.4291153
2.6508408
2.8811681
2.3859942
2.712679
2.5853078
2.099609
1.7178653
1.8036577
1.7136747
2.3333704
2.7200663
2.3269317
2.2042756
2.3328803
2.5211062
2.4069114
2.3094947
1.9961582
1.5731014
1.6707963
2.4449153
2.6816607
2.0249088
2.663577
2.2925026
2.799377
2.6616478
2.9032516
2.7120118
2.534568
2.8268917
3.0569172
2.8354933
2.6196241
2.3160093
2.525341
2.6477692
3.329667
3.5444562
3.365946
3.2205722
2.9102817
3.1154242
2.5696588
2.3762708
2.5557044
3.1130133
2.7077034
2.6878452
2.4471297
2.4106052
2.2203033
2.5854216
2.4133704
3.112411
3.0363212
3.0709002
2.3083222
2.7400627
2.8044436
2.5219116
2.8004012
3.1605015
3.2146273
2.7542083
2.52361
2.1935155
2.0757818
2.1985536
2.2174242
2.971372
2.7910364
2.8581586
2.8118966
2.7121565
2.906757
2.6042414
1.9724367
2.402119
2.052746
2.6608896
2.0576413
2.0085733
1.8395567
2.7165236
2.506674
2.5854135
2.7030756
2.919991
2.3238652
2.4341192
2.690212
2.4897156
2.671974
2.5121868
2.809826
2.9060462
2.8419414
2.8535478
2.5177422
2.5819173
2.7202725
2.6313486
3.061374
3.043941
2.8605006
3.2662606
3.1975243
2.2204785
2.2276354
2.0982428
2.567971
2.1850758
2.8205082
2.904999
2.7041218
2.5911849
2.2873375
2.129406
2.4138625
2.2921755
2.371587
2.2037704
2.0542269
2.6344068
2.9206328
2.7896664
3.394035
2.986156
2.421682
2.2745245
1.9865843
2.1848745
2.1315007
2.622218
1.9377235
2.1806798
2.2384074
2.301533
2.3039153
2.285418
2.3469305
2.5121608
2.4757416
2.9719296
2.502592
3.3225913
3.0454988
2.3899794
2.4859354
2.5131826
2.5474064
2.8207405
2.5190082
3.2647629
3.0484538
3.460721
3.0816581
2.588689
1.8735291
1.9066314
2.4402752
3.1270907
2.1409366
2.8950624
2.5875955
2.640759
2.477943
2.971839
2.9485261
3.4938731
3.3969376
3.059887
3.6970217
2.7823198
2.3201127
2.195179
2.7343833
2.8980732
2.4732065
2.6992984
2.1338575
2.570577
2.709741
2.6861525
2.5245483
2.782477
2.5832179
2.1135747
2.5237455
2.8915484
2.7085044
2.6886892
2.7996612
3.8170853
3.3931503
3.9513497
4.502638
4.1341753
3.7224967
3.4878902
3.3126068
2.969861
3.229657
2.9816034
3.2300715
2.9647703
2.5827346
2.67731
3.032547
3.5469258
3.3228855
3.4304497
2.8694367
3.0224447
2.8015864
3.8658926
3.3892457
4.1048803
3.6713672
4.71792
4.022376
4.0335865
4.069033
3.871669
3.8829365
3.9278452
3.883121
2.9048328
2.833223
3.6682885
3.1520772
3.4091005
3.384003
3.5064323
3.0873048
3.1661608
3.1307883
3.4495118
3.29441
3.822144
3.4534042
3.973565
3.4710696
3.2618527
3.4646897
3.0520196
3.0149503
2.9986584
2.6833441
2.9126825
3.156777
2.7498884
3.1485276
3.1311316
3.1094105
2.747592
2.7992082
2.9519386
3.29166
3.085165
3.0326257
3.3623178
3.1438138
3.422828
3.1403081
3.2796857
3.0173533
3.334742
3.3113217
3.7964096
3.232372
3.422186
2.8970537
2.9179893
3.179361
2.3356218
3.276055
3.5710425
2.9829283
2.3709674
2.512275
2.8524892
2.73445
2.357318
2.7475338
2.8776762
2.8491435
2.6350012
3.4689667
3.2873142
3.0632708
2.9541194
2.939189
2.9175632
3.1258605
3.2070227
2.9878118
3.0859702
3.452581
3.2730408
3.0720942
3.396361
3.5883718
3.6588638
3.86406
3.8636699
3.6946206
3.6889331
3.9752672
3.8698711
3.6664488
4.1074567
3.700792
3.7228584
3.9758976
3.734234
3.4901626
3.6103313
3.6796703
3.5810978
3.7059321
3.2113404
3.643631
3.321173
3.5652013
3.2839952
3.5239944
3.4024346
3.4700747
3.1769903
3.4263425
3.1488712
3.261064
3.1916738
2.809294
2.1826715
2.3755126
2.5435233
2.6303062
2.9828832
3.2469542
2.9146624
3.6925094
2.9252026
3.329727
3.6531389
3.2591624
2.8586519
3.0500042
3.1456587
2.9176502
2.6756048
2.9526877
3.4070225
3.0263953
3.2245271
3.4061186
3.2316267
3.2860467
3.2952743
2.8756375
3.361346
3.9908783
3.8011312
3.7781694
3.82921
4.3296757
3.7607465
3.9963374
3.9092739
3.657037
3.7263854
3.9627047
3.737359
3.389283
3.5432863
3.861273
3.62357
3.460319
3.2038004
3.6727958
3.164548
3.2476246
3.5728981
3.3810806
3.2716026
3.3048496
3.1286416
3.678595
3.0944738
2.8170145
2.424007
2.0725284
1.5502049
1.6929263
1.9458797
1.8508945
2.1292307
2.859782
0.46587116
0.45384163
1.1022786
1.5734997
1.8298845
2.7024179
2.0967963
2.1001205
2.415461
2.9086359
3.4579496
3.0938666
3.1161575
2.9773762
3.0682645
2.6556025
2.9435155
2.5713816
2.9960923
3.1378279
2.947356
2.685413
2.454653
2.9853752
2.950728
3.0780103
3.0671651
2.8521311
2.830943
2.9090996
3.0945513
2.9687896
3.3421276
2.760041
3.3382342
2.977005
2.9268007
3.034009
2.6894603
3.1051247
2.7492807
2.7375395
3.025966
3.00244
2.8442523
2.1452847
2.318173
2.661036
3.2084045
3.108003
1.5099313
0.7242748
1.1621764
0.8297526
0.77783364
0.7153282
0.7401526
1.4980985
0.89449584
0.98637855
0.8775398
0.6813213
1.3903173
1.0639186
1.741779
2.5880895
2.6244302
2.7056093
2.673785
3.0323107
2.8926632
2.5457351
2.709263
2.8023334
2.7035341
2.7999997
2.5451608
2.790429
3.0935163
2.7573955
2.9895031
2.8474007
2.7457457
2.8368752
2.8364146
3.0336494
3.1737287
3.0290399
3.0983315
3.1285605
2.4799094
2.9844713
3.0630734
2.9473324
2.8063934
2.4657528
3.2867365
2.828992
3.2019598
2.8577633
2.1160107
2.9780324
3.0220664
2.9517207
3.1251493
2.1602128
2.1376472
2.278335
2.2680552
1.8726566
1.9920393
2.0172958
2.2582402
2.2432656
2.7085328
2.2219338
2.1478257
2.2502942
2.2835011
2.264702
2.3759775
2.171615
2.4322398
2.1059227
1.9982743
2.133099
2.2940736
2.2711163
2.0119336
2.3524694
2.1408875
2.3679707
2.4967954
2.3935804
2.4966578
2.394861
2.4364104
2.037328
2.271006
2.0845761
1.8996706
2.051094
2.0961537
2.1379259
2.0965247
2.143205
2.2142286
2.0576975
2.515655
2.140545
2.3208199
2.4502037
2.468936
1.9243217
2.3124633
2.5742438
2.6415498
2.2325125
2.534565
2.3488274
2.401461
2.696449
1.9926362
2.7788587
2.5395756
2.8557067
2.7263923
2.7558548
2.3805242
2.1791623
2.5569105
2.2659218
2.2888758
2.4677873
3.2749295
2.8974915
2.69361
2.5753412
2.7643816
2.2146087
2.1647356
2.133254
1.9622431
1.7824551
2.000799
1.6409683
1.8676349
1.9527574
1.7107615
1.9242761
1.8493465
1.9925759
1.9316349
1.8203726
1.8126768
1.7016305
1.9787369
1.9647737
1.7532942
1.7896318
1.7488364
2.0852795
1.6381621
2.0428443
2.0832355
2.0848174
1.8883169
1.7732157
2.226431
2.1749284
1.993798
1.8497851
2.015287
2.2459533
2.374519
2.0209293
1.9479254
2.257196
2.1878872
2.5766609
2.7088199
2.3246932
2.0908937
2.3847427
1.8774526
2.8122275
2.073099
1.6549104
2.092966
2.2072473
3.1320105
2.678742
1.5968993
1.6947027
2.039735
1.67899
1.8921092
2.887975
2.7079065
3.3556495
1.6793712
1.6518304
1.4847149
1.3661821
1.7433729
1.5938126
1.4456552
1.3962653
1.6110611
1.5526938
1.5471703
1.6832789
1.7271899
1.5246836
1.2624493
1.3416761
1.1476
1.0433469
0.97783756
1.1023396
0.7368165
0.74792314
0.49557725
0.5517768
0.37460867
0.61917794
0.45791018
0.50067276
0.58806866
0.55911094
0.52251345
0.70247906
1.4037642
1.880612
1.3481617
1.3083266
1.2409809
1.3935485
1.4821829
1.2886882
1.062075
0.70299226
1.0032471
1.5148184
1.3343374
1.5499604
1.3518385
1.330262
1.5567378
1.4049135
1.3831695
1.2556949
1.4057515
1.3857198
1.3717339
1.4155616
1.360033
1.3777854
1.3166554
1.370082
1.3205364
1.3986262
1.253273
1.1957932
1.0212097
1.2925131
1.3859992
1.7751851
1.9698603
2.0995755
1.9191183
2.0605993
1.9256116
1.9000919
2.0116901
1.8628482
1.9238933
1.9653368
1.9368708
1.8135126
1.640384
1.6462865
1.6421299
1.4599805
1.5618408
1.5755095
1.7119694
1.7731923
1.5847491
1.5443559
1.5362618
1.4953339
1.4398893
1.4591488
1.3047444
1.1882212
1.2659134
1.3355291
1.4708111
1.2369637
1.0274503
1.0455427
0.980733
1.0256065
1.0453649
1.009028
1.1122104
1.0566903
1.0829444
1.1317059
1.3068392
1.1730497
1.2424854
1.1475201
1.0433221
1.3018758
1.2030121
1.3122128
1.335958
1.4091458
1.537205
1.4846791
1.2888148
1.3901922
1.4770198
1.2714616
1.2204462
1.1316342
1.2443652
1.3634576
1.3303863
1.3010583
1.1998465
1.2612154
1.3234103
1.1594012
1.1409947
1.0798883
1.0817239
1.0583481
1.1002051
1.1143606
1.1046505
1.0671681
1.1501731
0.93193364
1.0119905
0.8945841
1.2122031
1.0822453
1.0223428
1.1249174
0.6520081
0.8224472
0.7897941
0.83859706
1.2437356
0.9732948
1.2808363
1.0517864
1.4290786
1.3846437
1.1707283
1.58848
1.3127999
2.6656158
2.086563
1.2049375
0.90985215
1.5271976
1.6617581
1.8872726
1.7629412
1.3314807
1.0211787
0.89611065
0.7908801
0.6481286
0.6699053
0.8898765
1.0652107
0.98593646
1.1658196
1.192205
0.91359186
0.69772017
0.5992946
0.54822046
0.46688002
1.062726
0.7627699
0.77992386
0.7027216
0.8780204
0.9988252
1.001054
1.1500673
0.6742343
0.82537687
0.8663279
1.0472183
1.3213649
1.3785154
1.3978587
1.4018385
1.3950338
0.8677045
0.97782695
1.1417632
1.1469866
1.4098275
1.3366122
1.1504902
0.95589715
0.9039547
0.87855184
1.1489512
1.0466844
1.1891062
1.2784716
0.9976021
1.0758313
0.9811656
0.94534695
0.9461047
0.89352643
1.0521485
1.2451468
0.88278115
0.96265686
0.90968215
1.017325
1.0807171
1.0349585
1.0024776
1.1362426
1.377379
1.1038234
1.321538
1.1865005
1.2454808
1.0443213
0.8719004
1.2126251
1.3810426
1.1583896
1.0731268
1.3460581
1.106515
1.0029311
1.0351666
1.0268087
1.2213087
1.3999865
1.4197483
1.1574866
1.3947502
1.6568606
1.1456652
1.3388274
0.89839864
1.0974283
1.1864104
1.217814
1.2678157
1.6162063
1.1664487
1.2419116
1.0271784
1.1344397
1.3067478
1.2157855
1.1339775
1.458447
1.3597572
1.2677977
1.0363616
1.1562464
1.0651304
1.0576667
1.0014002
0.97010726
0.9751091
1.0425954
1.0529014
0.98686796
0.99630684
0.7863274
1.1820242
0.8999048
0.94213605
0.98076594
1.3848561
1.3886213
1.3172414
0.95744646
0.9974321
1.0708464
1.1891882
1.2007343
0.8659481
0.9097024
1.0127991
1.0279105
0.9972098
1.3585651
1.1545926
1.480691
1.1218572
1.1048354
1.2856576
1.1266973
1.5894059
1.3570616
1.6340688
1.0805396
1.1527244
1.3870796
1.3426647
1.6380966
1.265461
0.9516378
0.93453825
1.0668273
0.89816934
1.2015997
0.94877005
1.1985207
1.2225846
1.2889618
1.3626167
1.4729455
1.3460432
1.4935323
1.4424917
2.106758
1.754525
2.0012214
1.9000988
1.4671801
1.1768991
1.6469973
1.6459739
2.1875856
1.533179
1.8909922
1.9005854
1.6272633
2.5556796
2.5796604
2.6110883
2.7358315
2.5295067
2.6468062
2.5790749
2.0694435
2.1612911
1.7824768
1.4481707
1.7073827
2.3226347
2.085615
2.242936
2.5841067
2.3149283
2.917001
2.4686682
2.4290655
2.4837732
2.7242568
2.3027537
2.4741526
2.2344325
2.7284017
3.1303766
3.032318
2.4064703
2.8261552
2.4918664
2.167167
2.197498
2.1941469
2.0198507
2.1878114
2.8166006
2.6795702
2.2020974
2.3064954
2.3819335
2.4242082
2.869287
2.6270196
2.848795
2.9670157
3.3596323
3.3579578
3.046846
2.9303784
2.4685602
2.7729883
3.0385356
2.9814124
2.8326435
3.0510337
3.0926647
3.3355453
2.5206134
2.360601
1.8237131
1.613326
1.7238694
1.5267127
1.9542239
1.8270912
2.002056
2.487739
2.3383596
2.3497713
2.0648737
2.1290407
2.30451
1.6856781
1.7379194
3.5278895
3.0410647
2.6604962
2.054956
2.9606023
2.3914108
2.7757418
2.7640557
2.8548903
2.5665362
2.6412091
2.5859714
2.5948677
2.2327936
2.0364811
1.4851308
2.3383064
2.1320212
1.8131346
1.7812685
1.8102382
1.7101014
1.646478
1.8536532
2.114168
2.0569758
2.0801616
1.963928
2.397963
2.0536115
2.2075808
2.3323321
2.3233006
2.2687669
2.057111
1.946268
2.5177963
2.1362588
2.119152
2.0485196
2.2819085
2.1208484
2.518753
2.198499
2.207728
2.2017317
2.0558014
2.3339636
2.3787258
2.6522465
2.4359083
2.2413695
2.5429473
2.613002
2.32221
2.477972
2.5911026
2.5855713
2.3323643
2.4260387
2.4696167
2.3788812
2.0186098
2.3256044
2.5771632
2.4109697
2.7925756
2.4860933
2.5376391
2.0194216
