10000
8.140531
8.108935
8.080433
8.041017
8.038591
8.01787
8.25965
8.223279
8.107417
8.12573
8.039438
7.907103
7.6199675
7.613832
7.688075
7.676771
7.701497
7.721338
7.7710953
7.6665
7.5606413
7.4820476
7.648417
7.5684624
7.5729427
7.5242267
7.419967
7.4954343
7.482092
7.315912
7.264916
7.4749594
7.638639
7.790869
8.016555
7.9589176
7.958704
7.930764
7.983961
8.022489
8.019034
8.031995
8.215648
8.190526
8.130574
7.894673
7.74044
7.594978
7.38518
7.397564
7.418827
7.478562
7.4697537
7.6285577
7.637011
7.4807754
7.483685
7.3878546
7.471883
7.323723
7.4012794
7.4226713
7.322817
7.2995486
7.4313774
7.289571
7.1845818
7.396967
7.536361
7.74172
7.840182
7.80762
7.7060723
7.765225
7.8507032
7.829525
7.8698597
7.8132005
7.8646393
7.769026
7.6884956
7.679144
7.553981
7.379465
7.324795
7.354754
7.4591575
7.411345
7.4859185
7.3548293
7.4402227
7.3426914
7.422613
7.28654
7.480105
7.6404853
7.505049
7.3939385
7.4052477
7.310043
7.1969023
7.183981
7.3112082
7.582982
7.5484114
7.786696
7.8285923
7.816889
7.8093905
7.8229227
7.8162084
7.871083
7.9254355
7.8616467
7.7793264
7.753259
7.740505
7.7007756
7.615607
7.4145107
7.5462847
7.6114
7.750371
7.750874
7.9966927
7.871523
8.030521
7.8996677
7.8945613
7.797625
7.7432017
7.7543306
7.7304287
7.5116343
7.407425
7.162079
7.114886
7.1878605
7.4132032
7.669018
7.8244505
7.966284
7.887602
7.7894173
7.846161
7.991841
7.897689
7.774825
7.9236083
7.9049025
7.7036614
7.7282834
7.654696
7.601251
7.3978686
7.3941135
7.4880567
7.63658
7.589073
7.6544986
7.7626653
7.7936506
7.8086643
7.811417
7.73519
7.6766076
7.817392
7.8271093
7.8097963
7.703622
7.7089267
7.4563947
7.2692533
7.333112
7.594193
7.6239247
7.816845
7.900579
7.871484
7.836934
7.77875
7.760869
7.8224287
7.739661
7.8301153
7.8646317
7.752821
7.68419
7.6247993
7.4680734
7.424754
7.5495625
7.6204047
7.769768
7.792784
7.8459253
7.8298564
7.833444
7.8917427
7.786931
7.8446817
7.7170568
7.876354
7.8564124
7.8025436
7.5902658
7.4112935
7.22475
7.135
7.363392
7.5591755
7.693531
7.8396974
7.854774
7.840205
7.903774
7.9420333
7.8984485
7.835563
7.899456
7.874261
7.800765
7.699293
7.570416
7.461351
7.363105
7.3593574
7.4909225
7.51601
7.5896316
7.708999
7.664169
7.7918344
7.786784
7.7555857
7.766772
7.8023667
7.730203
7.754897
7.781245
7.572352
7.569361
7.5384912
7.2747517
7.149832
7.34252
7.6448503
7.855213
7.967684
7.867201
7.721812
7.6872964
7.687809
7.7147884
7.6587777
7.7649393
7.868042
7.95594
7.833741
7.816814
7.697016
7.710589
7.4223623
7.5257783
7.5535307
7.6516557
7.5427055
7.6626444
7.499663
7.4820285
7.563962
7.4487305
7.6071634
7.4469
7.577414
7.3295236
7.3926806
7.406728
7.3292065
7.1664705
7.1312246
7.260169
7.601554
7.685341
7.6726556
7.684458
7.516547
7.4736
7.4809475
7.5663614
7.6346397
7.7662864
8.004204
7.830554
7.832134
7.704003
7.5638103
7.4713073
7.356031
7.4095984
7.478162
7.5035434
7.5035863
7.5197387
7.477344
7.4216824
7.7036777
7.506363
7.654279
7.7164373
7.544932
7.6301546
7.463634
7.4551077
7.3086004
7.2032194
7.158707
7.378977
7.624389
7.5809693
7.7035747
7.7034736
7.553308
7.538001
7.597454
7.6308455
7.834733
7.702092
7.9743156
7.7703023
7.693679
7.394564
7.405154
7.3344965
7.445176
7.5162134
7.607219
7.560405
7.6085234
7.60866
7.72755
7.72375
7.489951
7.691004
7.5755615
7.5549874
7.499066
7.291964
7.226761
7.25593
7.1286006
6.938113
7.074386
7.3744993
7.5558476
7.6001506
7.559399
7.4846387
7.4997087
7.4505196
7.477193
7.5224643
7.672902
7.5890055
7.713395
7.6602774
7.713757
7.5795326
7.419852
7.201199
7.2843175
7.3211837
7.362214
7.336958
7.1846704
7.3215995
7.3923254
7.5287576
7.359261
7.3777695
7.21808
7.4233193
7.5477242
7.3887467
7.3261833
7.2102327
7.208333
7.1715374
7.180547
7.5083194
7.508704
7.607221
7.651059
7.5365686
7.476238
7.4000483
7.475167
7.523157
7.5589123
7.521684
7.6537824
7.523937
7.5510273
7.305443
7.1942277
6.885168
6.9593186
7.1104755
7.19066
7.1603193
6.9242353
6.9912367
7.155474
7.3780217
7.469901
7.3988695
7.4383307
7.2062745
7.277684
7.1837864
7.248183
7.0597043
7.1921196
7.096597
7.0655036
7.0480957
7.2407746
7.2894278
7.39211
7.3482265
7.37073
7.2710223
7.326434
7.3171906
7.3524323
7.410854
7.43785
7.5512857
7.5181594
7.531315
7.451212
7.28025
7.1825085
7.3213215
7.410978
7.517227
7.3130007
7.281969
7.346537
7.594884
7.6971745
7.621918
7.61618
7.6294394
7.6874557
7.5552635
7.4720473
7.4471216
7.4321647
7.4361696
7.348414
7.3514185
7.5526853
7.6648884
7.721715
7.720675
7.731323
7.678892
7.6857395
7.651904
7.7756705
7.724693
7.860771
7.789263
7.7329745
7.6609325
7.5921416
7.458452
7.2321324
7.207599
7.201057
7.31792
7.413006
7.208421
7.4383163
7.1703835
7.4187384
7.3120995
7.527802
7.4306426
7.5150957
7.4876623
7.5980754
7.535932
7.4805746
7.323539
7.441731
7.398781
7.4672556
7.7388306
8.057324
8.070764
8.07667
8.103795
8.1912565
8.153293
8.200877
8.321786
8.279305
8.1475315
8.235873
8.120702
8.029402
7.816262
7.686631
7.6937075
7.6263843
7.920616
7.9076056
7.8713775
7.88712
7.833111
7.869607
7.9793186
7.995804
8.012259
8.084835
7.95448
7.9311504
7.9155846
7.8437
7.7693405
7.602105
7.5962744
7.77754
7.846776
7.9220595
7.993136
7.9901533
7.9806967
7.9662185
7.9367723
7.97596
7.9395933
7.915761
7.8796754
7.8154716
7.807417
7.8472815
7.79817
7.787823
7.7702875
7.610841
7.642217
7.735078
7.7794275
7.7646976
7.748229
7.6363664
7.7547283
7.782599
7.778241
7.7300825
7.7701216
7.5766544
7.6393366
7.603525
7.687519
7.7330847
7.768052
7.881697
7.9273515
8.018897
8.007065
7.9680758
8.070427
8.033089
8.0062895
7.9273777
7.8506093
7.831637
7.7694397
7.7447453
7.747884
7.8306756
7.7766814
7.7597823
7.738453
7.652544
7.598608
7.7619815
7.743262
7.747909
7.621174
7.554377
7.565923
7.743496
7.7260323
7.762315
7.726181
7.72322
7.642461
7.6213474
7.665284
7.7558594
7.788894
7.917365
7.9378757
7.970268
7.914928
7.992411
8.002692
7.8194532
7.848887
7.7287674
7.641326
7.571953
7.6477695
7.549658
7.5022726
7.5954657
7.5779314
7.5472107
7.6096177
7.578661
7.5549407
7.658292
7.709254
7.6413302
7.6999717
7.5288324
7.527003
7.546045
7.7165
7.7445784
7.724549
7.8048687
7.6476765
7.688476
7.751459
7.838209
7.881637
7.844995
7.88781
7.843923
7.7661324
7.766903
7.6696405
7.5794363
7.730624
7.634168
7.568969
7.599823
7.4823966
7.4703817
7.380326
7.4201956
7.551706
7.515166
7.575984
7.6234846
7.5142484
7.636094
7.737177
7.7746563
7.5746136
7.349249
7.320442
7.4199533
7.474244
7.5072956
7.5434017
7.536645
7.481947
7.308312
7.3610864
7.4977913
7.5983486
7.682411
7.7408624
7.6113653
7.5302515
7.6638017
7.6550117
7.41665
7.3971562
7.223972
7.24904
7.182736
7.1384864
7.1961584
7.2257257
7.262056
7.2512116
7.2207737
7.266571
7.3590593
7.550824
7.461233
7.6421337
7.6489067
7.7834506
7.5602016
7.28849
7.3868036
7.548831
7.4467344
7.540463
7.7076664
7.668148
7.6836476
7.4860945
7.333743
7.5149727
7.601229
7.6447306
7.758995
7.6236053
7.4691925
7.215086
7.251399
7.241091
7.150383
7.2185774
7.2202635
7.2705765
7.2202525
7.2086754
7.2997227
7.3089685
7.381492
7.204594
7.0977545
6.981748
7.2182884
7.327879
7.43375
7.4963446
7.5518756
7.4122496
7.50915
7.4636874
7.667415
7.609313
7.517084
7.5841312
7.576379
7.6075363
7.5862846
7.313159
7.242131
7.3580313
7.386277
7.264744
7.177534
7.1070547
7.0068502
7.092063
7.059334
6.871686
6.8205214
6.810881
6.8652706
6.9435205
6.798855
6.7841773
6.848608
6.8121066
6.814249
6.7558746
6.956356
7.0274124
7.0358105
7.113655
7.398868
7.5343056
7.2898912
7.387745
7.5788674
7.512443
7.500506
7.4266996
7.480092
7.3694725
7.398682
7.282303
7.215632
7.0219374
7.024021
6.9629965
6.8119025
6.70259
6.515655
6.5037775
6.6437154
6.7247586
6.451228
6.628496
6.426727
6.3467746
6.3949413
6.4659586
6.46333
6.538668
6.5742106
6.826627
6.8185596
6.8352575
7.036214
7.164608
7.031673
7.1065373
7.1842065
7.2576385
6.9541216
7.246285
7.295992
7.19844
7.1002088
7.271536
7.278174
7.3460536
7.0821543
6.897312
6.7243404
6.7006583
6.673977
6.6254807
6.476836
6.3745527
6.0484614
6.506772
6.3840327
6.391244
6.3891497
6.267974
6.286083
6.4273086
6.4588366
6.74354
6.486022
6.6760974
6.7034903
6.6243005
6.6030836
6.5810757
6.526499
6.647983
6.6882505
6.815523
6.574364
6.720978
6.9357204
6.968471
7.011261
7.0830297
7.034021
7.093588
7.063533
6.83373
6.778543
6.843663
6.675083
6.8975544
6.79221
6.7145743
6.575964
6.48685
6.755752
6.619801
6.5413914
6.420126
6.6024156
6.4883847
6.66057
6.6063504
6.781372
6.892578
6.8282013
6.633263
6.5172114
6.606421
6.854426
6.8199368
7.117233
7.177003
7.2293577
7.077098
7.0573244
7.2670546
7.2480154
7.2313504
7.2492414
7.2047067
7.198704
7.2096624
6.882017
7.034463
6.9817557
6.9740605
7.022526
6.999397
6.9693265
6.90342
6.869821
6.8714247
6.799189
6.7893353
6.714876
6.718611
6.809087
6.8826175
6.938714
6.9601417
6.932261
6.921388
6.8245044
6.8791003
6.7958074
7.109671
7.229867
7.410752
7.4230227
7.236797
6.9313345
6.7007675
6.808073
6.6366787
6.5843496
6.798646
6.939924
7.058955
7.040544
7.076675
6.809877
6.8880405
6.7580132
6.6215653
6.584293
6.6053853
6.6187572
6.665264
6.463597
6.4475164
6.343542
6.3487444
6.292039
6.4635763
6.642396
6.6437984
6.7483296
6.600902
6.5235167
6.4661083
6.6262426
6.457444
6.5307727
6.6551976
6.8146534
6.78023
6.56478
6.561514
6.665098
6.5704165
6.5445776
6.4639115
6.35494
6.434203
6.3910604
6.511437
6.445205
6.3715343
6.2743897
6.070484
5.903594
5.9828296
6.109123
6.2739177
6.1793985
6.0327125
5.925424
5.9545345
5.9480486
5.981831
5.9233904
5.8812313
5.858179
5.8061285
5.9086866
5.718702
5.8385553
5.8717957
5.9423146
6.0425076
5.9342537
6.0745144
6.0043116
5.942344
5.986073
6.036852
6.178109
6.158785
6.2156134
6.2781286
6.2952476
6.3174915
6.307484
6.3757033
6.337122
6.332646
6.2387094
6.2777495
6.394556
6.3598256
6.378847
6.489925
6.3233023
6.403364
6.515963
6.4208264
6.4157267
6.343765
6.3333826
6.472754
6.339301
6.5735893
6.4406652
6.5735736
6.5858636
6.5680237
6.5040693
6.573981
6.3122516
6.24986
6.1548448
6.17246
6.2049956
6.1335173
6.2860794
6.0728006
6.2016077
6.090987
6.2716293
6.2899666
6.429347
6.457472
6.5403323
6.4871626
6.5745096
6.5283337
6.561848
6.557812
6.43706
6.203886
6.3493695
6.296535
6.467891
6.213697
6.267509
6.226304
6.18197
6.1469407
6.2734947
6.209226
6.1736183
6.068017
6.1024723
6.063626
6.052521
5.8418355
5.7955995
5.8141055
5.750117
6.008353
6.058867
6.142045
6.241527
6.26096
6.242351
6.203866
6.329477
6.278774
6.448832
6.3456473
6.416979
6.406456
6.325214
6.4773407
6.1798778
6.214121
6.169325
6.083306
6.035772
6.0167923
6.164992
5.9923487
6.0573144
5.9230986
5.893334
5.9006033
5.8660994
5.8769984
5.6874413
5.640728
5.4817557
5.5156035
5.295225
5.189288
5.230714
5.0316415
5.15351
5.045361
5.117674
5.1995907
5.379101
5.1187744
5.4468093
5.437996
5.5342975
5.6028566
5.5645247
5.482291
5.454136
5.0484056
5.043784
4.8939486
4.7160954
4.961149
5.049262
5.0344024
5.285753
5.3483024
5.463587
5.193571
5.792281
5.425676
5.951271
5.5687156
6.0034966
5.9105844
5.734161
5.3666663
5.176167
5.05343
5.222761
5.4117093
5.40397
5.5419974
5.738646
5.9570746
6.0857553
6.172961
6.172009
6.0764394
6.094018
6.170303
6.0909195
6.235988
6.41095
6.3314247
6.153222
6.192898
6.1346292
6.297352
6.337679
6.4763002
6.5348253
6.501109
6.447292
6.400149
6.3454328
6.351098
6.3960447
6.3555303
6.3482246
6.365206
6.2785707
6.112418
6.099118
5.979705
6.088359
6.161291
6.3144436
6.436269
6.446799
6.5395994
6.5707264
6.585924
6.678136
6.577748
6.6751575
6.573613
6.617403
6.524911
6.532905
6.375599
6.2719603
6.147849
6.404989
6.4369555
6.6714544
6.628948
6.6628294
6.549653
6.479987
6.3667183
6.52701
6.543772
6.6442046
6.4733
6.471114
6.421397
6.297933
6.165527
5.848209
5.9539075
6.0242734
6.235528
6.257877
6.267301
6.370345
6.270832
6.3498497
6.211153
6.4034004
6.266919
6.353701
6.328815
6.3856163
6.2590666
6.1774764
6.114472
6.017115
6.203459
6.3135757
6.3945956
6.5019264
6.5992365
6.706797
6.9509916
6.8965726
6.8304605
6.626981
6.5239773
6.724742
6.6753225
6.6187935
6.5402803
6.3468714
6.2187557
6.22929
6.116289
6.0829306
6.0945287
6.357726
6.4562273
6.5447474
6.523447
6.5709686
6.5149703
6.6928587
6.596755
6.7151427
6.7943163
6.6557884
6.616449
6.549936
6.561842
6.604345
6.763466
6.7612514
6.797736
6.8828607
6.970142
6.9835873
6.9976892
6.9560437
6.901324
6.846958
6.7336917
6.645489
6.6722474
6.6284237
6.739844
6.654574
6.3572736
6.0734396
5.8954897
5.9417114
6.1074586
6.2601295
6.316947
6.517418
6.57037
6.7042074
6.642492
6.7023206
6.626115
6.4956045
6.179156
6.4036536
6.051894
6.0531282
6.1781654
6.2248526
6.246175
6.3175135
6.218741
6.391918
6.403424
6.3074713
6.437268
6.7833514
6.8056526
6.765547
6.8550243
6.785003
6.755657
6.829477
6.741863
6.800321
6.6158686
6.5782595
6.4523144
6.4625587
6.6034636
6.9158916
6.8857455
7.2421684
7.0188985
6.6891894
6.3505816
6.3111467
6.316494
6.0883327
6.2608404
6.380187
6.0762515
5.878073
6.1346016
6.267951
6.496169
6.6745977
6.71373
6.7810855
6.827827
6.8140993
6.854464
7.0736914
6.9039917
6.900614
6.863642
6.854225
6.5272284
6.022787
5.967034
5.9043665
5.7961645
5.907454
5.576249
5.5409718
5.800651
6.0383625
6.2614374
6.612521
6.7480865
6.5995154
6.3433657
6.6389112
6.712614
6.84678
6.9097457
7.018967
6.902276
6.8304286
6.8576827
6.7365017
6.881295
7.0917816
7.4440265
7.4300027
7.202879
7.329896
7.3236465
7.419839
7.444065
7.524458
7.5435677
7.5440683
7.341215
7.3357964
7.2321296
7.077032
7.1572466
7.255306
7.1077867
6.9958997
6.8704762
6.888755
6.915932
6.924086
6.8366575
6.766601
7.0093265
6.8778605
6.5798573
6.619568
6.516839
6.635346
6.339507
6.3628364
6.355362
6.2791324
6.1096773
6.180841
5.972633
5.742697
5.8506703
5.4858794
5.683071
5.762333
5.6633854
5.713474
5.8343673
6.0689974
6.009877
6.098668
6.320449
6.2983975
6.1174574
6.0768566
6.1179333
6.133092
5.8574495
5.776256
5.5055614
5.6229935
5.5666304
5.6909804
5.8374505
5.9025965
6.106949
6.2847395
6.3166766
6.41705
6.552989
6.4476857
6.4697948
6.47048
6.6255875
6.75101
6.938353
7.0397153
7.0741096
7.094202
7.126775
7.0652466
7.0356245
7.098752
7.199244
7.2102137
7.3347874
7.2113304
7.24943
7.2554274
7.184867
6.9543386
7.1222086
7.1185083
7.051053
7.219375
7.0183687
6.858637
6.948961
6.886073
7.157542
7.059902
7.0353923
6.736328
6.741923
6.9916296
7.02611
6.7739053
6.6895366
6.8325396
6.736297
7.0623126
7.111992
7.4778247
7.453419
7.2054434
6.8371587
6.804764
6.7800803
6.923243
7.084943
7.087681
6.9416466
6.9450197
7.034071
6.958088
6.9011636
6.943742
6.7404017
6.7011337
7.0006027
6.8882346
7.026254
7.2751594
7.2256107
7.1386967
7.2053046
7.1119657
7.000583
6.831333
6.809634
6.7935786
6.7834783
6.6818066
6.4004273
6.3873634
6.5609426
6.7525387
6.9174814
7.379483
7.3997893
7.1064897
6.656254
6.7868896
6.8663473
7.0552726
6.9686937
7.0303416
6.998229
6.7552032
6.607585
6.345317
6.612852
6.1551294
6.1205025
6.10838
6.19227
6.307961
6.092842
6.6977963
6.4766583
6.5211906
6.2882614
6.558112
6.357567
6.226979
6.1918693
6.3071737
6.3837223
6.177466
6.1575785
5.824717
6.1913133
6.423661
6.5103707
7.146458
6.906684
7.060663
6.6333184
6.675932
6.6082244
6.9647245
6.8374143
6.8931885
6.894967
6.9953685
6.6511116
6.538887
6.5491705
6.753592
6.4040923
6.5536675
6.730088
6.84508
6.7604923
6.9694796
6.6788645
6.630412
6.4495373
6.3014674
6.2017317
6.09015
6.3562393
6.419942
6.5055103
6.217567
5.7977185
5.872282
6.117444
6.200527
6.47913
6.571599
6.7799964
6.573114
6.280401
6.4329844
6.605368
6.687247
6.590029
6.721439
6.7100673
6.6186523
6.435146
6.2366834
6.2637186
6.0213532
6.2423563
6.0676513
6.195209
6.373039
6.292952
6.738299
6.4265585
6.407894
6.372402
6.0278916
6.2725477
6.2758
6.1861267
6.1225004
6.1690645
5.9362655
5.856852
5.7991867
5.9927483
6.240673
6.1057534
6.4619966
6.550294
6.1584535
6.366344
6.3629146
6.538645
6.463305
6.273654
6.521083
6.450729
6.652681
6.3435245
6.247732
6.086972
6.013321
6.0374303
5.9343147
6.097746
5.9042377
6.121464
6.1333027
6.4361567
6.598953
6.314996
6.518881
6.25075
6.123805
6.1906233
6.357
6.298541
6.208951
5.8623357
5.557834
5.5619226
5.4990563
5.7271495
5.5410995
6.1409135
6.2041435
6.239598
6.2079353
6.646693
6.552406
6.425788
6.5858536
6.385845
6.285917
6.4444895
6.2132797
6.093022
6.065636
6.1651034
6.189471
6.288065
6.396335
6.3989425
6.30588
6.4973555
6.2135324
6.11466
6.0595574
6.188368
6.3178024
6.195096
6.3695607
6.2071524
6.3756895
6.2708383
6.1639166
5.943283
5.9634237
5.8121834
6.099486
6.3548336
6.580816
6.3379517
6.186312
6.7156463
6.6581345
6.696166
6.710321
6.6665998
6.8270154
6.6459355
6.6033835
6.5258083
6.1719184
6.4848046
6.532346
6.3937693
6.703351
6.923302
6.6083817
7.009123
6.8131986
6.723788
6.364045
6.7007966
6.5526056
6.6211176
6.635074
6.5273495
6.5521894
6.238317
6.140658
5.9455633
5.775432
5.8459477
5.8480344
5.7514887
6.5469804
6.5309577
6.143362
5.9699697
6.453796
6.573048
6.7216563
6.586667
6.5921736
6.5915904
6.5705314
6.596951
6.404111
6.373048
6.487446
6.700393
6.7277904
6.759556
6.449426
6.9154344
6.732975
6.6703205
6.705636
6.678156
6.4995303
6.5416393
6.52145
6.691103
6.275753
6.49868
6.2616124
6.0454006
5.882747
5.8943095
5.979666
5.7760763
6.244351
6.4159293
6.354865
6.143575
