453.0,367.0,69.0,159.0
451.68002,370.9599,69.0,159.0
451.24002,372.27988,69.0,159.0
450.80002,373.59985,69.0,159.0
448.60007,373.15985,69.0,159.0
446.40012,375.3598,69.0,159.0
445.9601,374.03983,69.0,159.0
443.76016,372.71985,69.0,159.0
441.5602,371.39987,69.0,159.0
439.36026,371.83987,69.0,159.0
438.04028,369.63992,69.0,159.0
435.84033,370.07993,69.0,159.0
433.64038,371.3999,69.0,159.0
431.44043,372.71988,69.0,159.0
430.12045,372.27988,69.0,159.0
425.28055,377.11978,69.0,159.0
423.0806,378.43976,69.0,159.0
420.00067,379.75974,69.0,159.0
416.92075,381.0797,69.0,159.0
413.84082,383.27966,69.0,159.0
410.7609,386.3596,69.0,159.0
407.68097,387.67957,69.0,159.0
404.63522,385.46414,70.52663,162.51787
404.1855,388.6122,70.52663,162.51787
401.0374,387.26303,70.52663,162.51787
397.88934,386.8133,70.52663,162.51787
395.64072,386.36356,70.52663,162.51787
393.46072,383.16592,72.08703,166.11357
391.16235,381.7869,72.08703,166.11357
389.78333,380.40787,72.08703,166.11357
387.48495,377.19016,72.08703,166.11357
384.26724,376.73047,72.08703,166.11357
384.72693,380.86755,72.08703,166.11357
382.42856,381.32724,72.08703,166.11357
381.04953,381.78693,72.08703,166.11357
377.83182,383.16595,72.08703,166.11357
376.4528,383.62564,72.08703,166.11357
374.15442,385.924,72.08703,166.11357
372.7754,389.14172,72.08703,166.11357
372.3157,387.7627,72.08703,166.11357
370.01733,390.9804,72.08703,166.11357
368.6383,388.68204,72.08703,166.11357
368.17862,390.06107,72.08703,166.11357
366.7996,386.84335,72.08703,166.11357
366.3399,384.54498,72.08703,166.11357
364.04153,382.2466,72.08703,166.11357
364.50122,379.94824,72.08703,166.11357
364.04153,379.48856,72.08703,166.11357
363.58185,380.86758,72.08703,166.11357
364.04153,379.48856,72.08703,166.11357
361.74316,380.86758,72.08703,166.11357
363.1222,383.16595,72.08703,166.11357
360.82382,381.78693,72.08703,166.11357
361.2835,385.00464,72.08703,166.11357
358.98514,384.54495,72.08703,166.11357
356.68677,387.76266,72.08703,166.11357
358.0658,388.22235,72.08703,166.11357
354.84808,388.68204,72.08703,166.11357
356.2271,390.06107,72.08703,166.11357
352.09003,387.7627,72.08703,166.11357
351.63034,387.303,72.08703,166.11357
352.09003,385.00464,72.08703,166.11357
349.79166,383.6256,72.08703,166.11357
351.1707,383.16592,72.08703,166.11357
348.8723,380.86755,72.08703,166.11357
350.25134,376.73047,72.08703,166.11357
347.03363,373.51276,72.08703,166.11357
348.41266,375.81113,72.08703,166.11357
348.87234,376.2708,72.08703,166.11357
350.25137,375.81113,72.08703,166.11357
347.953,377.19016,72.08703,166.11357
349.33203,375.81113,72.08703,166.11357
347.953,378.1095,72.08703,166.11357
349.33203,379.48853,72.08703,166.11357
347.953,378.1095,72.08703,166.11357
348.4127,378.56918,72.08703,166.11357
347.953,377.19016,72.08703,166.11357
349.33203,375.81113,72.08703,166.11357
347.953,374.4321,72.08703,166.11357
350.25137,370.295,72.08703,166.11357
349.7917,367.0773,72.08703,166.11357
352.09006,363.8596,72.08703,166.11357
352.54974,365.23862,72.08703,166.11357
353.00943,362.94025,72.08703,166.11357
353.46912,363.39993,72.08703,166.11357
354.84814,362.0209,72.08703,166.11357
355.30783,362.4806,72.08703,166.11357
354.84814,362.94028,72.08703,166.11357
356.22717,363.39996,72.08703,166.11357
353.9288,362.94028,72.08703,166.11357
355.30783,365.23865,72.08703,166.11357
353.9288,362.94028,72.08703,166.11357
355.30783,366.158,72.08703,166.11357
353.9288,363.85962,72.08703,166.11357
354.3885,363.39993,72.08703,166.11357
353.9288,362.0209,72.08703,166.11357
354.3885,359.72253,72.08703,166.11357
352.09012,358.3435,72.08703,166.11357
353.46915,356.96448,72.08703,166.11357
353.00946,352.8274,72.08703,166.11357
350.7111,348.6903,72.08703,166.11357
351.17078,346.39194,72.08703,166.11357
349.79175,344.09357,72.08703,166.11357
352.09012,347.31128,72.08703,166.11357
350.7111,345.93225,72.08703,166.11357
351.17078,347.31128,72.08703,166.11357
349.79175,345.93225,72.08703,166.11357
350.25143,347.31128,72.08703,166.11357
349.79175,346.8516,72.08703,166.11357
350.25143,349.14996,72.08703,166.11357
348.8724,346.8516,72.08703,166.11357
351.17078,348.23062,72.08703,166.11357
349.79175,345.93225,72.08703,166.11357
352.09012,344.55322,72.08703,166.11357
351.63043,342.25485,72.08703,166.11357
353.00946,339.03714,72.08703,166.11357
354.3885,337.6581,72.08703,166.11357
355.76752,338.1178,72.08703,166.11357
356.2272,337.6581,72.08703,166.11357
356.6869,339.03714,72.08703,166.11357
358.06592,337.6581,72.08703,166.11357
356.6869,340.87582,72.08703,166.11357
358.98526,344.09354,72.08703,166.11357
356.6869,346.3919,72.08703,166.11357
358.98526,349.60962,72.08703,166.11357
356.6869,354.66605,72.08703,166.11357
358.06592,358.80313,72.08703,166.11357
357.60623,363.85956,72.08703,166.11357
358.06592,367.99664,72.08703,166.11357
357.60623,371.21436,72.08703,166.11357
358.06592,375.35144,72.08703,166.11357
356.6869,377.6498,72.08703,166.11357
358.06592,380.86752,72.08703,166.11357
356.6869,384.08524,72.08703,166.11357
357.14658,383.62555,72.08703,166.11357
355.76755,386.84326,72.08703,166.11357
355.30786,388.2223,72.08703,166.11357
353.0095,390.52066,72.08703,166.11357
353.46918,395.5771,72.08703,166.11357
353.92886,400.6335,72.08703,166.11357
354.38855,405.68994,72.08703,166.11357
353.00952,409.82703,72.08703,166.11357
353.4692,413.9641,72.08703,166.11357
354.84824,415.34314,72.08703,166.11357
357.1466,419.48022,72.08703,166.11357
360.36432,421.7786,72.08703,166.11357
365.42075,422.23828,72.08703,166.11357
369.55783,421.7786,72.08703,166.11357
373.69492,424.07697,72.08703,166.11357
376.91263,421.7786,72.08703,166.11357
382.8884,423.15762,72.08703,166.11357
387.02548,419.9399,72.08703,166.11357
389.32385,421.31894,72.08703,166.11357
392.54156,419.02057,72.08703,166.11357
394.83994,420.3996,72.08703,166.11357
398.97702,420.85928,72.08703,166.11357
402.19473,421.31897,72.08703,166.11357
405.41245,422.698,72.08703,166.11357
408.63016,425.9157,72.08703,166.11357
411.84787,427.29474,72.08703,166.11357
414.14624,429.5931,72.08703,166.11357
416.4446,432.81082,72.08703,166.11357
418.74298,434.18985,72.08703,166.11357
421.04135,436.48825,72.08703,166.11357
421.50104,436.9479,72.08703,166.11357
423.7994,439.2463,72.08703,166.11357
423.47885,435.97797,73.68195,169.78883
425.8281,436.4478,73.68195,169.78883
427.23764,435.97797,73.68195,169.78883
425.8281,433.62872,73.68195,169.78883
427.23764,429.4001,73.68195,169.78883
424.8884,425.17148,73.68195,169.78883
424.41855,421.88257,73.68195,169.78883
422.0693,420.47302,73.68195,169.78883
423.47885,422.82227,73.68195,169.78883
422.0693,426.11118,73.68195,169.78883
420.65976,426.58102,73.68195,169.78883
419.2502,429.86993,73.68195,169.78883
417.84067,432.21918,73.68195,169.78883
418.31052,433.62872,73.68195,169.78883
416.90097,438.797,73.68195,169.78883
417.37082,441.14624,73.68195,169.78883
415.02158,440.6764,73.68195,169.78883
416.43112,443.96533,73.68195,169.78883
415.02158,442.5558,73.68195,169.78883
415.49142,440.20654,73.68195,169.78883
415.02158,439.7367,73.68195,169.78883
416.43112,439.26685,73.68195,169.78883
415.96127,438.797,73.68195,169.78883
418.31052,440.20654,73.68195,169.78883
417.84067,438.797,73.68195,169.78883
418.31052,440.20654,73.68195,169.78883
416.90097,441.6161,73.68195,169.78883
417.37082,443.96533,73.68195,169.78883
415.02158,447.25427,73.68195,169.78883
415.49142,446.78442,73.68195,169.78883
413.14218,450.07336,73.68195,169.78883
413.61203,453.3623,73.68195,169.78883
411.2628,452.89246,73.68195,169.78883
410.79294,456.1814,73.68195,169.78883
408.4437,455.71155,73.68195,169.78883
407.03415,457.1211,73.68195,169.78883
404.75665,452.80548,75.312164,173.54541
403.31592,452.32526,75.312164,173.54541
402.83563,452.80548,75.312164,173.54541
401.3949,449.4438,75.312164,173.54541
398.0332,447.0426,75.312164,173.54541
396.59247,444.64142,75.312164,173.54541
395.15173,443.20068,75.312164,173.54541
391.79004,442.72046,75.312164,173.54541
392.27032,447.0426,75.312164,173.54541
389.86908,446.56238,75.312164,173.54541
388.42834,448.0031,75.312164,173.54541
386.9876,448.48334,75.312164,173.54541
385.54688,450.88452,75.312164,173.54541
384.10614,453.2857,75.312164,173.54541
382.6654,454.72644,75.312164,173.54541
383.1457,455.20667,75.312164,173.54541
381.70496,454.72644,75.312164,173.54541
381.22467,455.20667,75.312164,173.54541
378.8235,451.84497,75.312164,173.54541
379.3037,448.48328,75.312164,173.54541
377.86298,448.00305,75.312164,173.54541
378.34326,444.64136,75.312164,173.54541
378.8235,443.20062,75.312164,173.54541
379.30377,442.7204,75.312164,173.54541
378.8235,442.24017,75.312164,173.54541
377.38275,442.7204,75.312164,173.54541
375.94202,444.16113,75.312164,173.54541
374.50128,442.7204,75.312164,173.54541
374.98157,445.12158,75.312164,173.54541
372.58032,443.68085,75.312164,173.54541
373.0606,446.08203,75.312164,173.54541
370.65936,446.56226,75.312164,173.54541
371.13965,448.96344,75.312164,173.54541
367.77795,448.48322,75.312164,173.54541
368.25818,449.92395,75.312164,173.54541
364.89648,448.48322,75.312164,173.54541
363.45575,448.003,75.312164,173.54541
363.93604,446.56226,75.312164,173.54541
360.57434,445.12152,75.312164,173.54541
361.05457,442.72034,75.312164,173.54541
356.73242,440.31915,75.312164,173.54541
356.25214,435.997,75.312164,173.54541
352.89044,432.6353,75.312164,173.54541
350.48926,432.1551,75.312164,173.54541
350.96948,434.55627,75.312164,173.54541
347.6078,433.11554,75.312164,173.54541
348.08807,432.6353,75.312164,173.54541
344.72638,434.07605,75.312164,173.54541
343.28564,433.59583,75.312164,173.54541
341.8449,436.95752,75.312164,173.54541
339.44366,434.55634,75.312164,173.54541
339.92395,438.87848,75.312164,173.54541
337.5227,435.51678,75.312164,173.54541
338.003,436.95752,75.312164,173.54541
336.56226,433.59583,75.312164,173.54541
336.08197,430.23413,75.312164,173.54541
334.64124,426.87244,75.312164,173.54541
336.08197,423.51074,75.312164,173.54541
335.60175,422.07,75.312164,173.54541
336.08197,419.6688,75.312164,173.54541
335.60175,419.18854,75.312164,173.54541
335.12146,416.78732,75.312164,173.54541
332.72028,416.30707,75.312164,173.54541
333.2005,417.7478,75.312164,173.54541
329.8388,415.3466,75.312164,173.54541
331.27954,415.82684,75.312164,173.54541
327.91785,415.3466,75.312164,173.54541
326.4771,415.82684,75.312164,173.54541
325.03638,414.3861,75.312164,173.54541
322.6352,415.82684,75.312164,173.54541
324.07593,413.42563,75.312164,173.54541
318.79327,412.94537,75.312164,173.54541
321.19446,410.54416,75.312164,173.54541
316.8723,408.14294,75.312164,173.54541
318.31305,407.6627,75.312164,173.54541
315.9118,404.301,75.312164,173.54541
315.43158,399.97882,75.312164,173.54541
312.0699,393.7357,75.312164,173.54541
309.66864,387.49255,75.312164,173.54541
311.10938,388.9333,75.312164,173.54541
307.74768,388.45303,75.312164,173.54541
310.14893,387.97278,75.312164,173.54541
305.82672,385.57156,75.312164,173.54541
307.26746,387.0123,75.312164,173.54541
303.90576,384.61108,75.312164,173.54541
302.46503,385.09134,75.312164,173.54541
301.9848,382.69012,75.312164,173.54541
300.54407,385.09134,75.312164,173.54541
301.0243,379.8087,75.312164,173.54541
300.54407,379.32843,75.312164,173.54541
301.0243,376.92722,75.312164,173.54541
299.58356,373.56552,75.312164,173.54541
301.0243,370.20383,75.312164,173.54541
300.54407,365.88165,75.312164,173.54541
301.9848,363.48044,75.312164,173.54541
302.46503,363.00018,75.312164,173.54541
301.9848,359.6385,75.312164,173.54541
300.54407,359.15823,75.312164,173.54541
299.10333,356.75702,75.312164,173.54541
298.62305,356.27676,75.312164,173.54541
297.1823,354.83603,75.312164,173.54541
295.74158,354.35577,75.312164,173.54541
299.10327,357.71747,75.312164,173.54541
291.79288,352.30988,76.97845,177.3851
292.46915,347.80118,78.681595,181.30975
288.95706,349.30637,78.681595,181.30975
288.60718,343.65683,80.422424,185.32123
287.0687,341.09268,80.422424,185.32123
283.4789,337.5029,80.422424,185.32123
285.0174,334.93875,80.422424,185.32123
282.45325,332.3746,80.422424,185.32123
283.99173,328.78482,80.422424,185.32123
279.37628,324.16937,80.422424,185.32123
279.8891,318.52826,80.422424,185.32123
275.27365,313.9128,80.422424,185.32123
277.8378,316.47696,80.422424,185.32123
273.22235,313.9128,80.422424,185.32123
276.81213,315.4513,80.422424,185.32123
272.1967,311.8615,80.422424,185.32123
274.76083,314.42566,80.422424,185.32123
271.17105,309.8102,80.422424,185.32123
270.65823,312.37436,80.422424,185.32123
269.11975,308.78458,80.422424,185.32123
268.60693,312.37436,80.422424,185.32123
270.14542,307.7589,80.422424,185.32123
267.58127,306.22043,80.422424,185.32123
270.14542,304.68195,80.422424,185.32123
267.58127,301.09216,80.422424,185.32123
271.17105,298.528,80.422424,185.32123
269.63257,295.96387,80.422424,185.32123
271.17105,294.42538,80.422424,185.32123
268.6069,290.8356,80.422424,185.32123
269.11972,288.27145,80.422424,185.32123
265.52994,287.75864,80.422424,185.32123
267.06842,287.24582,80.422424,185.32123
262.45435,282.53543,82.20177,189.42146
264.02686,283.0596,82.20177,189.42146
262.45435,284.6321,82.20177,189.42146
259.9135,279.81747,84.02048,193.61241
261.5208,281.42477,84.02048,193.61241
255.6273,280.889,84.02048,193.61241
256.36542,277.0796,85.87943,197.89609
252.53206,275.4367,85.87943,197.89609
250.88918,271.60333,85.87943,197.89609
250.34154,269.96045,85.87943,197.89609
246.50816,268.31757,85.87943,197.89609
248.15105,266.67468,85.87943,197.89609
243.22243,263.93652,85.87943,197.89609
242.67479,259.00793,85.87943,197.89609
239.93666,255.17455,85.87943,197.89609
240.4843,253.53166,85.87943,197.89609
235.55568,256.26978,85.87943,197.89609
239.38905,255.72215,85.87943,197.89609
233.36519,254.07927,85.87943,197.89609
236.10332,253.53163,85.87943,197.89609
232.26994,252.984,85.87943,197.89609
231.7223,254.62688,85.87943,197.89609
228.98418,251.88875,85.87943,197.89609
228.43654,252.43639,85.87943,197.89609
225.69841,249.69826,85.87943,197.89609
229.53178,251.34114,85.87943,197.89609
225.69841,247.50777,85.87943,197.89609
228.43654,244.76964,85.87943,197.89609
224.60316,240.93626,85.87943,197.89609
227.3413,240.38863,85.87943,197.89609
224.60316,237.6505,85.87943,197.89609
226.24605,236.00761,85.87943,197.89609
224.60316,236.55525,85.87943,197.89609
221.86504,231.62663,85.87943,197.89609
223.50792,234.36476,85.87943,197.89609
218.5793,232.72188,85.87943,197.89609
220.22218,235.46,85.87943,197.89609
216.43135,230.43,87.77952,202.27454
218.11058,235.46765,87.77952,202.27454
213.07439,230.32632,89.72164,206.74986
212.67542,231.00705,91.70673,211.3242
208.58192,230.42227,91.70673,211.3242
210.33627,233.34619,91.70673,211.3242
203.90366,229.25272,91.70673,211.3242
202.28242,225.09482,93.73575,215.99976
198.14479,220.84491,95.809654,220.77875
197.53384,221.45587,95.809654,220.77875
195.701,220.84491,95.809654,220.77875
192.64627,216.56827,95.809654,220.77875
192.03532,214.73541,95.809654,220.77875
188.98059,210.45877,95.809654,220.77875
189.59154,212.29163,95.809654,220.77875
185.31491,211.68066,95.809654,220.77875
188.36964,215.9573,95.809654,220.77875
185.31491,215.34634,95.809654,220.77875
188.36964,218.4011,95.809654,220.77875
184.09302,217.79013,95.809654,220.77875
185.92586,218.4011,95.809654,220.77875
181.64923,220.23395,95.809654,220.77875
183.48207,222.0668,95.809654,220.77875
179.20544,221.45584,95.809654,220.77875
183.48207,225.73248,95.809654,220.77875
180.42734,221.45584,95.809654,220.77875
184.70396,223.2887,95.809654,220.77875
180.42734,219.01205,95.809654,220.77875
185.92586,217.1792,95.809654,220.77875
182.87112,216.56824,95.809654,220.77875
188.36964,214.73538,95.809654,220.77875
186.5368,211.68063,95.809654,220.77875
188.36964,211.06967,95.809654,220.77875
185.31491,209.23682,95.809654,220.77875
187.14775,212.29156,95.809654,220.77875
182.87112,210.45871,95.809654,220.77875
185.92586,214.73535,95.809654,220.77875
188.98059,217.7901,95.809654,220.77875
184.75142,213.44615,97.92944,225.66348
186.90749,212.89339,100.09613,230.65628
186.26921,214.80821,100.09613,230.65628
184.35437,214.16994,100.09613,230.65628
187.54578,217.36134,100.09613,230.65628
180.52469,214.16994,100.09613,230.65628
181.40402,208.30724,102.31076,235.75955
182.05643,207.65483,102.31076,235.75955
177.48961,205.69762,102.31076,235.75955
182.05643,205.04521,102.31076,235.75955
174.8328,196.34532,104.57439,240.97574
178.16699,197.01216,104.57439,240.97574
176.16647,192.34431,104.57439,240.97574
178.16699,191.67747,104.57439,240.97574
180.16748,196.34532,104.57439,240.97574
180.83432,197.01216,104.57439,240.97574
182.83484,197.679,104.57439,240.97574
182.168,199.67952,104.57439,240.97574
184.16849,199.01268,104.57439,240.97574
180.83432,199.67952,104.57439,240.97574
184.16849,201.68004,104.57439,240.97574
180.83432,202.34688,104.57439,240.97574
184.16849,201.68004,104.57439,240.97574
182.168,203.68056,104.57439,240.97574
185.50217,200.34639,104.57439,240.97574
180.88611,192.8377,106.88809,246.30733
185.65724,192.15613,106.88809,246.30733
182.2493,188.74817,106.88809,246.30733
188.3836,189.42975,106.88809,246.30733
186.33884,186.02179,106.88809,246.30733
189.74678,186.70337,106.88809,246.30733
183.61247,184.6586,106.88809,246.30733
187.02042,186.70337,106.88809,246.30733
182.24928,186.02179,106.88809,246.30733
185.65723,185.34021,106.88809,246.30733
182.35333,186.15115,109.25299,251.75688
185.83669,189.63449,109.25299,251.75688
182.45969,183.23546,111.67021,257.327
183.4407,184.08272,114.140915,263.02036
179.80151,181.89922,114.140915,263.02036
181.98505,185.5384,114.140915,263.02036
175.43642,175.83253,116.66628,268.8397
176.18036,173.6007,116.66628,268.8397
172.46065,169.88097,116.66628,268.8397
173.20459,167.64912,116.66628,268.8397
168.05476,160.81589,119.24752,274.78778
168.81517,158.53467,119.24752,274.78778
165.01315,153.21185,119.24752,274.78778
165.77356,149.40985,119.24752,274.78778
163.49236,147.12863,119.24752,274.78778
162.73195,149.40985,119.24752,274.78778
165.01315,151.69107,119.24752,274.78778
162.73195,153.97229,119.24752,274.78778
166.53397,154.7327,119.24752,274.78778
161.21115,153.97229,119.24752,274.78778
165.01317,154.7327,119.24752,274.78778
158.16954,157.01392,119.24752,274.78778
161.97156,156.25351,119.24752,274.78778
158.16954,155.4931,119.24752,274.78778
160.45074,157.77432,119.24752,274.78778
159.69034,153.97232,119.24752,274.78778
160.45074,153.21191,119.24752,274.78778
156.64873,147.8891,119.24752,274.78778
160.45074,145.60788,119.24752,274.78778
156.64873,141.80588,119.24752,274.78778
160.45074,139.52466,119.24752,274.78778
155.12793,137.24344,119.24752,274.78778
158.92995,138.00385,119.24752,274.78778
150.56552,132.68103,119.24752,274.78778
155.88834,134.96225,119.24752,274.78778
147.52391,131.16025,119.24752,274.78778
152.84673,133.44147,119.24752,274.78778
146.00514,128.03487,121.88587,280.86746
151.44572,136.58437,121.88587,280.86746
146.00514,132.69823,121.88587,280.86746
151.44572,138.13881,121.88587,280.86746
142.84,129.38712,124.582596,287.08167
146.8121,133.35922,124.582596,287.08167
139.66232,130.97595,124.582596,287.08167
143.63443,128.59268,124.582596,287.08167
136.48674,121.29578,127.33899,293.43335
138.92273,125.355774,127.33899,293.43335
131.61691,116.21251,130.15636,299.92557
134.10681,113.72261,130.15636,299.92557
129.95697,109.5728,130.15636,299.92557
134.10681,107.0829,130.15636,299.92557
138.25662,102.933075,130.15636,299.92557
142.40646,105.42297,130.15636,299.92557
151.53607,101.27315,130.15636,299.92557
160.66568,105.42297,130.15636,299.92557
169.79529,104.593,130.15636,299.92557
178.9249,107.0829,130.15636,299.92557
186.39456,106.25293,130.15636,299.92557
195.52417,107.0829,130.15636,299.92557
204.65378,109.5728,130.15636,299.92557
213.78339,107.0829,130.15636,299.92557
226.23285,106.25293,130.15636,299.92557
240.34225,102.1031,130.15636,299.92557
257.7715,96.29335,130.15636,299.92557
273.54083,93.80345,130.15636,299.92557
287.65024,89.653625,130.15636,299.92557
303.41956,90.4836,130.15636,299.92557
319.18887,92.973495,130.15636,299.92557
338.27805,95.463394,130.15636,299.92557
352.38745,94.63342,130.15636,299.92557
363.177,95.463394,130.15636,299.92557
373.96655,97.95329,130.15636,299.92557
383.09616,100.44319,130.15636,299.92557
393.8857,104.59302,130.15636,299.92557
403.01532,107.08293,130.15636,299.92557
412.14493,111.23274,130.15636,299.92557
421.27454,115.38255,130.15636,299.92557
430.40414,119.532364,130.15636,299.92557
441.1937,123.682175,130.15636,299.92557
448.6634,126.17207,130.15636,299.92557
456.13306,127.00203,130.15636,299.92557
460.2829,129.49193,130.15636,299.92557
467.27045,136.68974,127.38073,293.52957
474.5808,140.75108,127.38073,293.52957
475.39307,144.81242,127.38073,293.52957
479.4544,150.49828,127.38073,293.52957
481.89117,154.55962,127.38073,293.52957
482.4665,163.16977,124.6643,287.26996
486.44122,171.91415,124.6643,287.26996
484.0564,180.65854,124.6643,287.26996
483.26147,189.40292,124.6643,287.26996
484.0564,196.5574,124.6643,287.26996
483.26147,205.30179,124.6643,287.26996
485.6463,218.81583,124.6643,287.26996
484.85138,230.73999,124.6643,287.26996
482.46655,242.66415,124.6643,287.26996
484.85138,252.99841,124.6643,287.26996
484.05646,263.33267,124.6643,287.26996
484.85138,275.25684,124.6643,287.26996
484.05646,285.5911,124.6643,287.26996
484.85138,294.33548,124.6643,287.26996
487.2362,303.07986,124.6643,287.26996
488.03113,310.23434,124.6643,287.26996
490.41595,315.79895,124.6643,287.26996
491.21088,319.77368,124.6643,287.26996
490.41595,323.7484,124.6643,287.26996
492.80078,324.54337,124.6643,287.26996
490.41595,325.33832,124.6643,287.26996
492.80078,326.13327,124.6643,287.26996
488.82605,328.5181,124.6643,287.26996
491.21088,329.31305,124.6643,287.26996
488.82605,334.87766,124.6643,287.26996
489.62097,340.44226,124.6643,287.26996
488.82605,341.2372,124.6643,287.26996
486.44122,345.21194,124.6643,287.26996
488.82605,344.417,124.6643,287.26996
483.26147,342.03217,124.6643,287.26996
487.2362,342.82712,124.6643,287.26996
481.67163,338.8524,124.6643,287.26996
484.05646,334.87766,124.6643,287.26996
483.26154,332.49283,124.6643,287.26996
484.05646,330.108,124.6643,287.26996
483.26154,327.72318,124.6643,287.26996
484.05646,323.74844,124.6643,287.26996
481.67163,322.9535,124.6643,287.26996
480.8767,322.15854,124.6643,287.26996
478.49188,322.9535,124.6643,287.26996
477.69696,322.15854,124.6643,287.26996
473.72223,324.54337,124.6643,287.26996
472.9273,322.15854,124.6643,287.26996
470.54248,326.13327,124.6643,287.26996
471.3374,323.74844,124.6643,287.26996
467.36267,327.72318,124.6643,287.26996
464.97784,326.92822,124.6643,287.26996
462.59302,332.49283,124.6643,287.26996
461.7981,330.108,124.6643,287.26996
459.41327,334.08273,124.6643,287.26996
458.61835,331.6979,124.6643,287.26996
459.41327,330.90295,124.6643,287.26996
457.02844,336.46756,124.6643,287.26996
456.23352,334.08273,124.6643,287.26996
453.8487,339.64734,124.6643,287.26996
453.05377,337.2625,124.6643,287.26996
452.25885,339.64734,124.6643,287.26996
449.87402,337.2625,124.6643,287.26996
449.07907,338.05746,124.6643,287.26996
445.10434,337.2625,124.6643,287.26996
445.8993,342.82712,124.6643,287.26996
440.39642,340.47397,127.42249,293.6258
439.8298,343.12674,130.24171,300.12225
437.3383,347.2793,130.24171,300.12225
433.31253,343.09753,133.1233,306.76245
430.76587,350.7375,133.1233,306.76245
428.41248,342.94034,136.06866,313.54956
424.07416,347.27866,136.06866,313.54956
424.94183,342.94034,136.06866,313.54956
422.33884,347.27866,136.06866,313.54956
423.2065,341.205,136.06866,313.54956
420.60352,342.07266,136.06866,313.54956
423.2065,337.73434,136.06866,313.54956
418.8682,336.86667,136.06866,313.54956
423.2065,334.26367,136.06866,313.54956
418.8682,333.396,136.06866,313.54956
418.00052,337.7343,136.06866,313.54956
413.6622,335.13132,136.06866,313.54956
412.79453,339.46964,136.06866,313.54956
411.92685,336.86664,136.06866,313.54956
409.32385,342.9403,136.06866,313.54956
408.45618,345.5433,136.06866,313.54956
407.5885,342.9403,136.06866,313.54956
404.9855,349.01398,136.06866,313.54956
404.11783,346.41098,136.06866,313.54956
403.25015,349.01398,136.06866,313.54956
400.64716,353.3523,136.06866,313.54956
404.98547,345.5433,136.06866,313.54956
400.64716,353.3523,136.06866,313.54956
404.98547,347.27863,136.06866,313.54956
400.64716,353.3523,136.06866,313.54956
403.25015,352.48462,136.06866,313.54956
400.64716,356.82294,136.06866,313.54956
399.77948,354.21994,136.06866,313.54956
397.17648,353.35226,136.06866,313.54956
394.77103,350.7838,139.07918,320.48685
390.3367,348.12323,139.07918,320.48685
389.71823,351.01868,142.15631,327.5776
385.18582,348.29926,142.15631,327.5776
382.67273,351.25876,145.30151,334.82526
379.8931,350.33224,145.30151,334.82526
377.11346,349.40573,145.30151,334.82526
376.18692,348.47922,145.30151,334.82526
373.4073,345.69955,145.30151,334.82526
368.91605,339.11172,148.51631,342.23328
369.8631,341.95282,148.51631,342.23328
368.91605,335.32358,148.51631,342.23328
369.8631,330.58838,148.51631,342.23328
367.02197,325.85318,148.51631,342.23328
367.96902,323.01205,148.51631,342.23328
365.1279,320.17093,148.51631,342.23328
362.28677,319.22388,148.51631,342.23328
359.44565,320.17093,148.51631,342.23328
356.60452,317.3298,148.51631,342.23328
353.7634,322.065,148.51631,342.23328
352.81635,317.3298,148.51631,342.23328
348.08115,320.17093,148.51631,342.23328
347.1341,319.22388,148.51631,342.23328
344.29297,320.17093,148.51631,342.23328
341.45184,317.3298,148.51631,342.23328
338.61072,318.27686,148.51631,342.23328
337.66367,315.43573,148.51631,342.23328
336.7166,312.5946,148.51631,342.23328
334.0911,305.861,151.80223,349.80518
333.1231,304.893,151.80223,349.80518
330.21912,301.989,151.80223,349.80518
333.1231,299.08502,151.80223,349.80518
328.28314,296.18103,151.80223,349.80518
327.31516,295.21304,151.80223,349.80518
324.41116,292.30905,151.80223,349.80518
321.50717,293.27704,151.80223,349.80518
316.6672,290.37305,151.80223,349.80518
313.7632,295.213,151.80223,349.80518
312.79523,296.181,151.80223,349.80518
309.89124,302.95694,151.80223,349.80518
305.19904,298.08292,155.16086,357.54462
302.23083,301.05115,155.16086,357.54462
299.26257,300.06174,155.16086,357.54462
296.29437,299.07233,155.16086,357.54462
295.30493,296.1041,155.16086,357.54462
292.33673,293.13586,155.16086,357.54462
287.5407,286.101,158.5938,365.4553
288.552,285.08972,158.5938,365.4553
283.49548,280.0332,158.5938,365.4553
286.5294,276.99927,158.5938,365.4553
281.47287,271.94275,158.5938,365.4553
282.48416,270.93146,158.5938,365.4553
279.45026,269.92017,158.5938,365.4553
274.54816,260.63123,162.10268,373.541
269.3798,267.86694,162.10268,373.541
266.27878,260.63123,162.10268,373.541
261.2682,261.86108,165.6892,381.80557
258.09854,260.80457,165.6892,381.80557
252.9771,257.677,169.35507,390.25302
249.73732,258.7569,169.35507,390.25302
246.49754,259.83685,169.35507,390.25302
241.09795,260.91675,169.35507,390.25302
237.85817,259.83685,169.35507,390.25302
232.45857,258.7569,169.35507,390.25302
231.37865,257.677,169.35507,390.25302
228.13887,254.43721,169.35507,390.25302
227.05894,255.51714,169.35507,390.25302
224.06503,245.59789,173.10205,398.88736
220.7536,248.90932,173.10205,398.88736
217.44217,243.39024,173.10205,398.88736
214.13074,242.28642,173.10205,398.88736
206.40402,236.76735,173.10205,398.88736
203.34387,233.49986,176.93193,407.71274
197.7027,232.37163,176.93193,407.71274
192.06152,240.2693,176.93193,407.71274
184.2515,234.58846,180.84654,416.73337
176.26868,238.35347,184.84778,425.95358
172.73254,244.24702,184.84778,425.95358
162.12724,235.86618,188.93753,435.3778
160.92247,241.89014,188.93753,435.3778
154.8985,235.86618,188.93753,435.3778
148.87453,239.48056,188.93753,435.3778
142.85056,235.86618,188.93753,435.3778
139.23618,232.2518,188.93753,435.3778
130.8962,231.18535,193.11777,445.01053
129.66475,225.02809,193.11777,445.01053
121.0446,228.72243,193.11777,445.01053
117.35025,222.56517,193.11777,445.01053
113.6559,218.87083,193.11777,445.01053
112.42445,222.56517,193.11777,445.01053
106.26721,221.33372,193.11777,445.01053
97.647064,229.95387,193.11777,445.01053
89.12256,218.64279,197.3905,454.85638
85.34648,229.97104,197.3905,454.85638
79.245155,221.0215,201.75777,464.92007
78.348,222.55228,206.22166,475.20642
74.40298,221.23727,206.22166,475.20642
73.087975,227.81232,206.22166,475.20642
69.14295,223.86728,206.22166,475.20642
67.82795,233.07233,206.22166,475.20642
71.77297,229.12729,206.22166,475.20642
73.087975,227.81229,206.22166,475.20642
79.66302,223.86725,206.22166,475.20642
88.86808,222.55225,206.22166,475.20642
100.70315,215.9772,206.22166,475.20642
107.97207,209.35591,210.78432,485.72037
120.979836,197.0101,215.44792,496.46692
127.84904,201.13162,215.44792,496.46692
137.46591,191.51474,215.44792,496.46692
147.0828,201.13162,215.44792,496.46692
156.69968,199.75778,215.44792,496.46692
169.06424,206.62698,215.44792,496.46692
178.68112,210.7485,215.44792,496.46692
193.79337,206.62698,215.44792,496.46692
208.90561,213.49619,215.44792,496.46692
224.01785,209.37466,215.44792,496.46692
241.87778,216.24387,215.44792,496.46692
254.24234,212.12234,215.44792,496.46692
269.35458,213.49619,215.44792,496.46692
281.71915,206.62698,215.44792,496.46692
294.0837,205.25314,215.44792,496.46692
311.94363,195.63626,215.44792,496.46692
321.56052,197.0101,215.44792,496.46692
333.92508,190.1409,215.44792,496.46692
346.28964,197.0101,215.44792,496.46692
361.4019,190.1409,215.44792,496.46692
379.2618,188.76706,215.44792,496.46692
394.37405,187.39322,215.44792,496.46692
406.73862,188.76706,215.44792,496.46692
410.86014,187.39322,215.44792,496.46692
423.2247,186.01938,215.44792,496.46692
430.0939,190.1409,215.44792,496.46692
439.7108,186.01938,215.44792,496.46692
446.58,192.88858,215.44792,496.46692
456.19687,186.01938,215.44792,496.46692
463.06607,187.39322,215.44792,496.46692
472.68295,191.51474,215.44792,496.46692
482.29984,181.89786,215.44792,496.46692
494.6644,186.01938,215.44792,496.46692
507.02896,176.4025,215.44792,496.46692
516.6459,177.77634,215.44792,496.46692
531.7581,168.15945,215.44792,496.46692
538.6273,164.03793,215.44792,496.46692
548.2442,162.6641,215.44792,496.46692
552.3657,158.54257,215.44792,496.46692
553.73956,154.42105,215.44792,496.46692
563.35645,155.79489,215.44792,496.46692
556.48724,151.67337,215.44792,496.46692
560.60876,158.54257,215.44792,496.46692
556.48724,157.16873,215.44792,496.46692
560.60876,161.29025,215.44792,496.46692
559.2349,159.91641,215.44792,496.46692
557.8611,164.03793,215.44792,496.46692
559.2349,159.91641,215.44792,496.46692
557.8611,164.03793,215.44792,496.46692
559.2349,159.91641,215.44792,496.46692
560.60876,155.79489,215.44792,496.46692
564.7303,148.92569,215.44792,496.46692
560.60876,147.55185,215.44792,496.46692
570.22565,143.43033,215.44792,496.46692
563.35645,139.3088,215.44792,496.46692
578.4687,135.18729,215.44792,496.46692
568.8518,136.56113,215.44792,496.46692
583.96405,135.18729,215.44792,496.46692
579.8425,131.06577,215.44792,496.46692
588.7607,137.68361,210.85342,485.8796
582.03796,136.33907,210.85342,485.8796
588.7607,134.99452,210.85342,485.8796
579.3489,139.02815,210.85342,485.8796
583.3825,140.3727,210.85342,485.8796
582.03796,139.02815,210.85342,485.8796
575.31525,145.75087,210.85342,485.8796
582.03796,141.71724,210.85342,485.8796
578.00433,140.3727,210.85342,485.8796
582.03796,139.02815,210.85342,485.8796
580.6934,140.3727,210.85342,485.8796
587.41614,136.33907,210.85342,485.8796
594.13885,132.30544,210.85342,485.8796
590.1052,128.2718,210.85342,485.8796
599.517,129.61635,210.85342,485.8796
598.1725,125.58272,210.85342,485.8796
604.8952,126.92726,210.85342,485.8796
603.55066,125.58272,210.85342,485.8796
607.5843,121.54909,210.85342,485.8796
603.55066,122.89363,210.85342,485.8796
607.5843,126.92726,210.85342,485.8796
600.8616,130.96089,210.85342,485.8796
602.2061,137.68361,210.85342,485.8796
600.8616,144.40633,210.85342,485.8796
596.82794,148.43996,210.85342,485.8796
595.4834,149.7845,210.85342,485.8796
594.13885,153.81813,210.85342,485.8796
595.4834,152.47359,210.85342,485.8796
594.13885,148.43996,210.85342,485.8796
592.7943,152.47359,210.85342,485.8796
591.44977,151.12904,210.85342,485.8796
598.1725,147.09541,210.85342,485.8796
591.44977,148.43996,210.85342,485.8796
600.8616,141.71724,210.85342,485.8796
594.13885,151.12904,210.85342,485.8796
595.4834,147.09541,210.85342,485.8796
602.2061,156.50722,210.85342,485.8796
592.7943,157.85176,210.85342,485.8796
588.7607,161.88539,210.85342,485.8796
587.41614,157.85176,210.85342,485.8796
580.6934,169.95265,210.85342,485.8796
576.6598,176.67537,210.85342,485.8796
572.62616,183.39809,210.85342,485.8796
568.5925,184.74263,210.85342,485.8796
561.8698,194.15443,210.85342,485.8796
563.21436,184.74263,210.85342,485.8796
551.11346,196.84352,210.85342,485.8796
555.1471,190.1208,210.85342,485.8796
545.7353,191.46535,210.85342,485.8796
549.7689,187.43172,210.85342,485.8796
543.0462,194.15443,210.85342,485.8796
544.39075,184.74263,210.85342,485.8796
540.3571,188.77626,210.85342,485.8796
539.0126,184.74263,210.85342,485.8796
537.668,183.39809,210.85342,485.8796
530.9453,182.05354,210.85342,485.8796
524.2226,186.08717,210.85342,485.8796
517.4999,187.43172,210.85342,485.8796
513.46625,196.84352,210.85342,485.8796
509.43262,200.87715,210.85342,485.8796
505.399,204.91078,210.85342,485.8796
498.67627,206.25533,210.85342,485.8796
497.33173,207.59987,210.85342,485.8796
498.67627,208.94441,210.85342,485.8796
494.64264,207.59987,210.85342,485.8796
498.67627,203.56624,210.85342,485.8796
500.0208,199.53261,210.85342,485.8796
493.2981,203.56624,210.85342,485.8796
502.7099,196.84352,210.85342,485.8796
495.98718,200.87715,210.85342,485.8796
502.7099,196.84352,210.85342,485.8796
498.67627,198.18806,210.85342,485.8796
508.08807,196.84352,210.85342,485.8796
495.98718,203.56624,210.85342,485.8796
497.33173,199.53261,210.85342,485.8796
490.609,206.25533,210.85342,485.8796
483.8863,202.2217,210.85342,485.8796
479.85266,208.94441,210.85342,485.8796
481.70496,199.38446,215.51855,496.6297
477.5821,209.00449,215.51855,496.6297
476.20782,204.88162,215.51855,496.6297
469.33636,209.00449,215.51855,496.6297
470.71063,210.37878,215.51855,496.6297
472.0849,203.50732,215.51855,496.6297
465.21344,202.13303,215.51855,496.6297
466.5877,209.00449,215.51855,496.6297
473.45917,202.13303,215.51855,496.6297
474.83344,206.25589,215.51855,496.6297
471.02344,185.0778,220.2869,507.61765
475.23755,192.1013,220.2869,507.61765
471.02344,185.0778,220.2869,507.61765
475.23755,183.67311,220.2869,507.61765
471.02344,187.88719,220.2869,507.61765
478.04694,189.29189,220.2869,507.61765
468.21405,196.31538,220.2869,507.61765
475.23755,200.52946,220.2869,507.61765
468.21405,210.36235,220.2869,507.61765
466.80933,211.76704,220.2869,507.61765
465.4046,213.17174,220.2869,507.61765
463.99988,217.38582,220.2869,507.61765
459.78577,218.79051,220.2869,507.61765
466.80927,211.76701,220.2869,507.61765
459.78577,210.36232,220.2869,507.61765
464.63568,197.45993,225.16074,518.8487
457.4568,201.76727,225.16074,518.8487
470.37878,194.58838,225.16074,518.8487
457.4568,196.02417,225.16074,518.8487
476.1219,197.45996,225.16074,518.8487
466.07147,193.15262,225.16074,518.8487
476.1219,197.45996,225.16074,518.8487
466.07147,198.89575,225.16074,518.8487
473.25037,206.07465,225.16074,518.8487
463.19995,210.38199,225.16074,518.8487
461.76416,208.9462,225.16074,518.8487
466.07147,216.12509,225.16074,518.8487
461.76416,217.56088,225.16074,518.8487
457.45685,224.73978,225.16074,518.8487
456.02106,220.43243,225.16074,518.8487
457.45685,224.73978,225.16074,518.8487
453.14954,229.04712,225.16074,518.8487
457.45685,221.86823,225.16074,518.8487
456.02106,226.17557,225.16074,518.8487
460.32837,218.99667,225.16074,518.8487
458.89258,226.17557,225.16074,518.8487
466.07147,213.25357,225.16074,518.8487
459.1118,203.04495,230.14241,530.32825
463.51443,207.44757,230.14241,530.32825
462.0469,197.17477,230.14241,530.32825
460.57938,198.6423,230.14241,530.32825
464.98203,197.17477,230.14241,530.32825
460.57938,201.5774,230.14241,530.32825
464.98203,203.04492,230.14241,530.32825
460.57938,216.2528,230.14241,530.32825
464.98203,211.85019,230.14241,530.32825
457.64432,216.2528,230.14241,530.32825
456.62094,211.90863,235.23431,542.06177
455.12094,219.40869,235.23431,542.06177
453.62094,220.90869,235.23431,542.06177
452.12094,216.40866,235.23431,542.06177
450.62094,211.90863,235.23431,542.06177
455.121,204.40857,235.23431,542.06177
450.62094,193.90848,235.23431,542.06177
452.12094,195.40848,235.23431,542.06177
450.62094,196.90848,235.23431,542.06177
449.12094,198.40848,235.23431,542.06177
453.621,193.90845,235.23431,542.06177
452.121,198.40848,235.23431,542.06177
447.62094,199.90848,235.23431,542.06177
446.12094,204.40851,235.23431,542.06177
441.9624,193.74316,240.43887,554.0549
440.4292,198.34277,240.43887,554.0549
432.76318,209.07516,240.43887,554.0549
434.2964,213.67477,240.43887,554.0549
429.69678,209.07516,240.43887,554.0549
428.16357,216.74118,240.43887,554.0549
426.63037,209.07516,240.43887,554.0549
422.03076,216.74118,240.43887,554.0549
423.56396,206.00879,240.43887,554.0549
422.03076,213.6748,240.43887,554.0549
426.63037,209.0752,240.43887,554.0549
418.96436,210.6084,240.43887,554.0549
420.49756,202.94238,240.43887,554.0549
418.96436,204.47559,240.43887,554.0549
423.56396,193.7432,240.43887,554.0549
415.89795,195.2764,240.43887,554.0549
423.56396,199.876,240.43887,554.0549
409.87204,222.0393,235.31145,542.2395
414.37357,208.53476,235.31145,542.2395
400.9737,230.22543,230.29337,530.6761
402.4422,234.63095,230.29337,530.6761
395.09967,236.09946,230.29337,530.6761
390.69415,246.379,230.29337,530.6761
389.22565,236.09946,230.29337,530.6761
384.604,251.66586,225.3823,519.35925
380.61963,232.50067,230.36888,530.8501
375.99652,248.07217,225.45619,519.52954
374.55887,232.2579,225.45619,519.52954
367.37057,236.57089,225.45619,519.52954
363.0576,235.13324,225.45619,519.52954
352.99396,236.57089,225.45619,519.52954
351.5563,238.00854,225.45619,519.52954
341.48898,244.93382,220.64827,508.4504
334.45398,235.08482,220.64827,508.4504
333.04697,244.93382,220.64827,508.4504
323.19797,251.96883,220.64827,508.4504
318.97696,259.00378,220.64827,508.4504
309.12796,251.96883,220.64827,508.4504
299.27896,261.8178,220.64827,508.4504
295.05795,260.41083,220.64827,508.4504
285.20895,259.00378,220.64827,508.4504
272.54593,257.5968,220.64827,508.4504
259.8829,264.63184,220.64827,508.4504
255.6619,268.85284,220.64827,508.4504
257.0689,270.25983,220.64827,508.4504
247.21991,254.78282,220.64827,508.4504
251.44092,264.63184,220.64827,508.4504
235.9639,249.15483,220.64827,508.4504
226.1149,259.00378,220.64827,508.4504
235.9639,243.52681,220.64827,508.4504
220.48688,253.37581,220.64827,508.4504
232.33258,265.578,215.94289,497.60754
214.43161,266.95502,215.94289,497.60754
221.31659,268.33203,215.94289,497.60754
209.01962,280.27396,211.33784,486.9959
213.06253,284.31686,211.33784,486.9959
200.93384,285.66452,211.33784,486.9959
196.89093,292.40268,211.33784,486.9959
190.15277,285.66452,211.33784,486.9959
188.80515,295.09793,211.33784,486.9959
176.67645,285.66452,211.33784,486.9959
183.41461,295.09793,211.33784,486.9959
168.59067,291.05502,211.33784,486.9959
169.9383,295.09793,211.33784,486.9959
160.50485,288.35977,211.33784,486.9959
166.65503,300.04706,206.83101,476.61057
154.78497,290.81482,206.83101,476.61057
148.19049,289.4959,206.83101,476.61057
146.58218,295.8491,202.42027,466.44672
137.54681,286.8137,202.42027,466.44672
133.48459,300.49603,198.10359,456.4996
129.69489,301.75928,198.10359,456.4996
123.37867,295.44305,198.10359,456.4996
124.641914,304.28577,198.10359,456.4996
115.79922,305.549,198.10359,456.4996
112.0095,309.33875,198.10359,456.4996
105.69329,305.549,198.10359,456.4996
99.37708,309.33875,198.10359,456.4996
93.060875,305.549,198.10359,456.4996
96.39076,318.93958,193.87897,446.76462
87.73665,312.75806,193.87897,446.76462
93.91817,321.41217,193.87897,446.76462
82.79144,317.70325,193.87897,446.76462
88.97296,321.41217,193.87897,446.76462
80.31885,317.70325,193.87897,446.76462
84.027756,313.99432,193.87897,446.76462
77.84624,315.23065,193.87897,446.76462
79.082535,306.57654,193.87897,446.76462
72.90102,312.75806,193.87897,446.76462
76.609924,306.57654,193.87897,446.76462
70.428406,307.81287,193.87897,446.76462
69.19211,311.5218,193.87897,446.76462
63.01059,310.28546,193.87897,446.76462
69.19211,311.5218,193.87897,446.76462
60.537994,315.2307,193.87897,446.76462
66.71951,316.46704,193.87897,446.76462
58.0654,320.17596,193.87897,446.76462
59.301697,313.99445,193.87897,446.76462
55.59279,322.64856,193.87897,446.76462
59.301697,316.46704,193.87897,446.76462
50.647583,320.17596,193.87897,446.76462
56.8291,311.52185,193.87897,446.76462
48.174988,310.28552,193.87897,446.76462
49.411285,301.6314,193.87897,446.76462
43.229767,302.86774,193.87897,446.76462
41.99347,299.1588,193.87897,446.76462
38.28456,302.86774,193.87897,446.76462
32.103058,301.6314,193.87897,446.76462
28.394142,300.39508,193.87897,446.76462
29.630447,304.104,193.87897,446.76462
30.866753,307.81293,193.87897,446.76462
19.740028,304.104,193.87897,446.76462
20.976334,312.75812,193.87897,446.76462
12.322212,304.104,193.87897,446.76462
6.1407013,312.75812,193.87897,446.76462
4.904396,306.5766,193.87897,446.76462
1.195488,310.28552,193.87897,446.76462
-0.04081726,311.52185,193.87897,446.76462
-1.2771225,312.75818,193.87897,446.76462
-4.9860306,313.9945,193.87897,446.76462
-3.7497253,315.23083,193.87897,446.76462
-7.4586334,304.10413,193.87897,446.76462
-6.222328,310.28564,193.87897,446.76462
-9.931236,296.68634,193.87897,446.76462
-8.694931,302.86786,193.87897,446.76462
-4.986023,299.15894,193.87897,446.76462
-3.7497177,300.39526,193.87897,446.76462
-0.04080963,301.6316,193.87897,446.76462
3.6680984,297.92267,193.87897,446.76462
7.3770065,304.1042,193.87897,446.76462
9.080215,290.18323,198.16853,456.6493
17.925804,299.0288,198.16853,456.6493
26.771393,300.29248,198.16853,456.6493
33.08967,304.08344,198.16853,456.6493
36.88064,300.29248,198.16853,456.6493
40.671608,301.55615,198.16853,456.6493
44.462578,295.23785,198.16853,456.6493
48.253548,301.55615,198.16853,456.6493
44.462578,287.65594,198.16853,456.6493
48.253548,293.97424,198.16853,456.6493
39.40795,290.1833,198.16853,456.6493
45.726234,291.44696,198.16853,456.6493
34.353325,285.12872,198.16853,456.6493
40.671608,293.9743,198.16853,456.6493
29.298706,290.18335,198.16853,456.6493
35.61698,299.02893,198.16853,456.6493
26.771393,295.23798,198.16853,456.6493
25.507736,304.08356,198.16853,456.6493
19.189453,307.8745,198.16853,456.6493
12.87117,304.08356,198.16853,456.6493
11.607513,307.8745,198.16853,456.6493
5.2892303,296.5016,198.16853,456.6493
1.3123245,309.89655,193.94254,446.9111
-2.3977966,306.1864,193.94254,446.9111
-1.161087,312.36993,193.94254,446.9111
-7.3446274,306.1864,193.94254,446.9111
-8.852715,321.67975,189.80666,437.38058
-12.483719,310.78674,189.80666,437.38058
-11.273384,314.41772,189.80666,437.38058
-17.325058,305.94537,189.80666,437.38058
-11.273384,307.1557,189.80666,437.38058
-19.745728,305.94537,189.80666,437.38058
-11.273384,304.73505,189.80666,437.38058
-10.063049,313.2074,189.80666,437.38058
-11.273384,311.99707,189.80666,437.38058
-2.8010406,318.04877,189.80666,437.38058
-13.694054,324.10046,189.80666,437.38058
-5.22171,325.3108,189.80666,437.38058
-13.694054,333.78314,189.80666,437.38058
-8.170448,348.94604,185.75897,428.0533
-18.83117,335.91626,185.75897,428.0533
-5.801399,351.31506,185.75897,428.0533
-21.200218,338.28528,185.75897,428.0533
-12.908546,351.31506,185.75897,428.0533
-25.770096,343.32043,181.7976,418.92496
-29.247887,349.11676,181.7976,418.92496
-32.725677,338.6834,181.7976,418.92496
-38.521996,346.79828,181.7976,418.92496
-39.93564,347.91302,177.92072,409.99124
-45.69327,355.5652,174.1265,401.24805
-51.328125,365.19464,170.4132,392.6913
-37.989758,368.3344,166.77908,384.31705
-43.386845,383.7079,163.22247,376.12137
-48.66883,394.74072,159.7417,368.10046
-34.20212,401.61108,156.33516,360.2506
-39.261234,406.4132,153.00127,352.56815
-49.993263,399.58374,153.00127,352.56815
-38.01774,408.04492,149.73846,345.04953
-48.385303,407.12244,146.54524,337.69125
-35.113705,417.028,143.42012,330.4899
-41.517857,421.43335,140.36165,323.4421
-32.257023,427.47018,137.3684,316.54462
-38.388695,416.0828,137.3684,316.54462
-32.257023,418.71066,137.3684,316.54462
-38.388695,416.0828,137.3684,316.54462
-30.505116,418.71066,137.3684,316.54462
-36.636787,421.33853,137.3684,316.54462
-28.753208,416.95877,137.3684,316.54462
-22.621532,417.83475,137.3684,316.54462
-16.489857,418.71072,137.3684,316.54462
-13.861996,417.83475,137.3684,316.54462
-14.472832,409.78897,140.40767,323.54816
-15.097183,403.42297,143.51419,330.70667
-14.182041,397.01697,143.51419,330.70667
-11.022358,396.2069,146.68944,338.02356
-8.216187,399.01306,146.68944,338.02356
-12.893139,396.2069,146.68944,338.02356
-2.6038437,402.75464,146.68944,338.02356
-3.539238,396.2069,146.68944,338.02356
1.1377182,399.01306,146.68944,338.02356
2.4263687,388.4804,149.93494,345.50232
-0.4418869,389.43652,149.93494,345.50232
4.3385468,388.4804,149.93494,345.50232
9.11898,387.5243,149.93494,345.50232
13.899414,392.30475,149.93494,345.50232
15.216576,385.5068,153.25224,353.14655
20.102776,390.39297,153.25224,353.14655
26.94345,395.27914,153.25224,353.14655
35.73861,400.1653,153.25224,353.14655
38.670326,397.2336,153.25224,353.14655
45.511,400.1653,153.25224,353.14655
44.53376,397.2336,153.25224,353.14655
51.374435,396.25638,153.25224,353.14655
58.21511,401.14255,153.25224,353.14655
61.146828,394.30185,153.25224,353.14655
69.94198,401.14255,153.25224,353.14655
76.78266,396.25638,153.25224,353.14655
83.623344,395.27914,153.25224,353.14655
86.55506,390.39297,153.25224,353.14655
91.44126,387.46127,153.25224,353.14655
96.32746,386.48404,153.25224,353.14655
101.21366,387.46127,153.25224,353.14655
106.09986,388.4385,153.25224,353.14655
101.21366,385.5068,153.25224,353.14655
108.054344,388.4385,153.25224,353.14655
99.25919,385.5068,153.25224,353.14655
106.09988,394.30197,153.25224,353.14655
99.25919,393.32474,153.25224,353.14655
94.37299,388.43857,153.25224,353.14655
95.35023,385.50687,153.25224,353.14655
88.509544,386.4841,153.25224,353.14655
89.48678,389.4158,153.25224,353.14655
84.60058,386.4841,153.25224,353.14655
87.532295,389.4158,153.25224,353.14655
80.69161,384.52963,153.25224,353.14655
83.62333,383.5524,153.25224,353.14655
76.782646,384.52963,153.25224,353.14655
79.71436,379.64346,153.25224,353.14655
70.91921,384.52963,153.25224,353.14655
73.85093,379.64346,153.25224,353.14655
65.05578,384.52963,153.25224,353.14655
62.12406,383.5524,153.25224,353.14655
57.23786,388.43857,153.25224,353.14655
54.306145,389.4158,153.25224,353.14655
55.28338,396.2565,153.25224,353.14655
48.5186,385.2526,156.64294,360.9599
49.517464,394.24234,156.64294,360.9599
42.525436,385.2526,156.64294,360.9599
39.528854,388.24918,156.64294,360.9599
38.52999,385.2526,156.64294,360.9599
33.535683,386.25143,156.64294,360.9599
38.52999,393.24344,156.64294,360.9599
35.53341,386.25143,156.64294,360.9599
38.52999,391.24576,156.64294,360.9599
33.535683,382.256,156.64294,360.9599
34.534546,383.25485,156.64294,360.9599
31.537964,380.25827,156.64294,360.9599
28.541382,383.25485,156.64294,360.9599
25.5448,384.2537,156.64294,360.9599
26.543663,387.25027,156.64294,360.9599
19.551636,386.25143,156.64294,360.9599
22.548218,389.24802,156.64294,360.9599
17.55391,392.2446,156.64294,360.9599
16.555046,397.23892,156.64294,360.9599
3.4226837,381.8463,160.10867,368.94614
2.4017258,384.90918,160.10867,368.94614
-6.7869186,379.80438,160.10867,368.94614
-5.7659607,376.74152,160.10867,368.94614
-10.870766,383.88824,160.10867,368.94614
-3.7240372,376.74152,160.10867,368.94614
-12.912682,383.88824,160.10867,368.94614
-7.8078766,376.74152,160.10867,368.94614
-12.912682,381.8463,160.10867,368.94614
-7.8078766,376.74152,160.10867,368.94614
-14.954605,377.76245,160.10867,368.94614
-9.8498,376.74152,160.10867,368.94614
-14.954605,375.72058,160.10867,368.94614
-13.933647,374.69965,160.10867,368.94614
-14.954605,375.72058,160.10867,368.94614
-13.933647,380.82538,160.10867,368.94614
-12.912689,385.93018,160.10867,368.94614
-9.849808,378.78345,160.10867,368.94614
-6.7869263,379.80438,160.10867,368.94614
-7.807884,382.86725,160.10867,368.94614
-2.7030792,379.80438,160.10867,368.94614
-1.6821213,384.90918,160.10867,368.94614
3.4226837,379.80438,160.10867,368.94614
14.653252,386.9511,160.10867,368.94614
25.88382,381.8463,160.10867,368.94614
37.114388,386.9511,160.10867,368.94614
42.219193,379.80438,160.10867,368.94614
42.942314,388.65863,156.6943,361.07825
45.93988,379.66595,156.6943,361.07825
46.93907,382.6635,156.6943,361.07825
47.938263,379.66595,156.6943,361.07825
54.932587,382.6635,156.6943,361.07825
59.928528,385.66107,156.6943,361.07825
64.92447,378.66675,156.6943,361.07825
69.92041,387.65942,156.6943,361.07825
72.91797,390.65698,156.6943,361.07825
79.91229,395.65295,156.6943,361.07825
70.92226,380.25525,160.16116,369.0671
80.11392,385.36176,160.16116,369.0671
70.92226,374.1275,160.16116,369.0671
80.11392,381.27655,160.16116,369.0671
81.13522,374.1275,160.16116,369.0671
86.2417,381.27655,160.16116,369.0671
91.348175,374.1275,160.16116,369.0671
88.28429,379.234,160.16116,369.0671
93.39076,370.04236,160.16116,369.0671
96.45465,375.14886,160.16116,369.0671
95.43335,367.99982,160.16116,369.0671
100.539825,369.02112,160.16116,369.0671
103.603714,361.87207,160.16116,369.0671
106.6676,366.97858,160.16116,369.0671
109.73149,370.04248,160.16116,369.0671
114.83797,369.02118,160.16116,369.0671
126.07222,374.1277,160.16116,369.0671
131.1787,369.02118,160.16116,369.0671
140.37036,372.08508,160.16116,369.0671
145.47684,369.02118,160.16116,369.0671
150.58331,370.04248,160.16116,369.0671
159.77498,371.06378,160.16116,369.0671
171.00923,374.1277,160.16116,369.0671
182.24348,369.02118,160.16116,369.0671
193.47774,376.17023,160.16116,369.0671
204.71199,375.14893,160.16116,369.0671
215.94624,370.04242,160.16116,369.0671
223.09532,369.02112,160.16116,369.0671
232.28697,363.9146,160.16116,369.0671
239.43605,371.06366,160.16116,369.0671
246.58513,363.9146,160.16116,369.0671
257.8194,371.06366,160.16116,369.0671
269.05365,372.08496,160.16116,369.0671
278.2453,379.234,160.16116,369.0671
286.00986,371.97244,163.70473,377.23273
293.94623,375.38055,167.32669,385.579
290.98816,358.93805,171.0288,394.10995
302.9847,364.39105,171.0288,394.10995
301.8941,356.7569,171.0288,394.10995
313.89066,360.0287,171.0288,394.10995
319.34363,352.39453,171.0288,394.10995
331.34018,360.0287,171.0288,394.10995
341.15555,356.7569,171.0288,394.10995
350.97092,360.0287,171.0288,394.10995
360.7863,356.7569,171.0288,394.10995
368.42044,346.94153,171.0288,394.10995
381.807,358.502,167.38155,385.70544
389.27838,348.896,167.38155,385.70544
398.26443,360.20993,163.81209,377.48016
407.66562,361.2545,163.81209,377.48016
419.15594,364.3882,163.81209,377.48016
434.82462,365.43277,163.81209,377.48016
448.40408,358.12076,163.81209,377.48016
459.21216,375.23438,160.31874,369.4303
464.32367,366.0337,160.31874,369.4303
474.90125,380.81165,156.8999,361.5521
485.90674,371.80713,156.8999,361.5521
498.18744,380.4839,153.55397,353.8419
506.99994,375.58807,153.55397,353.8419
515.81244,382.4422,153.55397,353.8419
522.66656,383.4214,153.55397,353.8419
529.5207,378.52557,153.55397,353.8419
532.4582,381.46307,153.55397,353.8419
533.4374,378.52557,153.55397,353.8419
536.3749,377.5464,153.55397,353.8419
535.692,368.5526,156.95135,361.67065
532.9174,357.28314,160.4239,369.6726
535.9863,364.4439,160.4239,369.6726
537.0093,361.375,160.4239,369.6726
538.0322,370.58173,160.4239,369.6726
541.5642,363.3082,163.97328,377.85162
538.6654,366.72192,167.6012,386.21158
533.48486,361.34064,171.30937,394.7565
538.9468,368.9873,171.30937,394.7565
531.3001,365.71014,171.30937,394.7565
530.2077,360.24823,171.30937,394.7565
535.193,369.7219,167.65614,386.3382
542.67664,362.23825,167.65614,386.3382
550.1603,367.5837,167.65614,386.3382
559.7821,368.6528,167.65614,386.3382
572.90466,377.9244,164.08083,378.09943
595.8321,378.93054,160.58176,370.03635
608.40094,391.75882,157.1573,362.1452
621.4288,378.731,157.1573,362.1452
624.07043,383.55835,153.80588,354.42233
634.8589,376.69293,153.80588,354.42233
637.8012,383.55835,153.80588,354.42233
640.7435,378.65448,153.80588,354.42233
643.68585,385.5199,153.80588,354.42233
648.5897,388.46222,153.80588,354.42233
653.4936,389.443,153.80588,354.42233
650.5513,388.46222,153.80588,354.42233
655.45514,385.5199,153.80588,354.42233
652.5128,392.3853,153.80588,354.42233
653.2075,389.54718,150.52592,346.86417
652.2477,396.26617,150.52592,346.86417
651.28784,397.226,150.52592,346.86417
646.4886,400.1056,150.52592,346.86417
643.609,399.14575,150.52592,346.86417
640.72943,400.1056,150.52592,346.86417
635.9302,397.226,150.52592,346.86417
625.37177,402.02527,150.52592,346.86417
612.8937,393.3866,150.52592,346.86417
598.49585,402.02527,150.52592,346.86417
584.098,393.3866,150.52592,346.86417
594.65643,402.02527,150.52592,346.86417
586.01776,393.3866,150.52592,346.86417
581.365,398.51202,153.85631,354.53854
580.3839,407.34186,153.85631,354.53854
571.5541,396.54987,153.85631,354.53854
560.6911,391.60992,157.26038,362.38272
551.6659,386.59595,157.26038,362.38272
556.6799,393.61554,157.26038,362.38272
557.6827,384.59033,157.26038,362.38272
550.74097,377.46024,160.73976,370.40045
551.7659,376.43527,160.73976,370.40045
550.74097,377.46024,160.73976,370.40045
551.7659,378.4852,160.73976,370.40045
546.641,375.41025,160.73976,370.40045
549.71594,376.4352,160.73976,370.40045
542.5411,373.36026,160.73976,370.40045
541.5161,372.3353,160.73976,370.40045
538.44116,375.41025,160.73976,370.40045
543.5661,380.5352,160.73976,370.40045
538.44116,371.31033,160.73976,370.40045
537.4162,378.4852,160.73976,370.40045
532.29126,375.41025,160.73976,370.40045
527.1663,376.4352,160.73976,370.40045
528.1913,369.26035,160.73976,370.40045
521.0164,372.3353,160.73976,370.40045
515.81476,379.24854,157.31194,362.50156
504.7803,376.23914,157.31194,362.50156
497.7584,383.26105,157.31194,362.50156
496.75528,386.27045,157.31194,362.50156
495.75217,389.27985,157.31194,362.50156
496.75528,386.27045,157.31194,362.50156
491.73965,393.29236,157.31194,362.50156
488.73026,384.26422,157.31194,362.50156
487.72714,385.26733,157.31194,362.50156
482.71152,378.24542,157.31194,362.50156
477.6959,373.2298,157.31194,362.50156
474.6865,370.2204,157.31194,362.50156
471.6771,377.2423,157.31194,362.50156
470.67398,372.22668,157.31194,362.50156
465.81146,363.0128,160.79247,370.5219
465.0965,359.97766,164.35,378.7197
464.36563,352.52618,167.98625,387.09888
467.5792,357.88214,167.98625,387.09888
468.65036,354.66858,167.98625,387.09888
463.45792,347.0522,171.70294,395.66345
458.1506,341.53925,175.50188,404.4175
452.55502,342.6584,175.50188,404.4175
454.0968,337.02344,179.38486,413.36523
443.80188,340.45508,179.38486,413.36523
447.23352,334.73566,179.38486,413.36523
436.9386,340.45508,179.38486,413.36523
442.65802,330.16016,179.38486,413.36523
434.65088,326.72852,179.38486,413.36523
442.65802,321.0091,179.38486,413.36523
436.9386,331.30402,179.38486,413.36523
428.93146,327.87238,179.38486,413.36523
440.00153,317.36563,183.35374,422.51093
443.5091,316.19644,183.35374,422.51093
454.0318,310.3505,183.35374,422.51093
436.49402,313.85806,183.35374,422.51093
425.9713,308.01212,183.35374,422.51093
410.77188,313.85806,183.35374,422.51093
397.91083,315.02725,183.35374,422.51093
397.09552,304.28802,187.41045,431.85898
381.5598,310.2633,187.41045,431.85898
375.58453,309.06824,187.41045,431.85898
360.04883,312.65338,187.41045,431.85898
351.68344,306.6781,187.41045,431.85898
345.70816,303.09296,187.41045,431.85898
344.5131,309.06824,187.41045,431.85898
333.7576,307.87317,187.41045,431.85898
327.78232,309.06824,187.41045,431.85898
328.9774,305.4831,187.41045,431.85898
320.60895,318.15094,183.41386,422.64944
324.11765,312.3031,183.41386,422.64944
315.93066,315.81183,183.41386,422.64944
315.1151,305.06912,187.4719,432.00055
301.87872,304.01093,191.6197,441.55856
303.56207,295.32306,195.8593,451.32803
292.3217,299.06982,195.8593,451.32803
298.56635,300.31873,195.8593,451.32803
287.32596,301.56763,195.8593,451.32803
291.07275,292.82513,195.8593,451.32803
284.8281,299.06976,195.8593,451.32803
291.07275,297.82086,195.8593,451.32803
284.8281,299.06976,195.8593,451.32803
293.57062,292.82513,195.8593,451.32803
294.81955,289.07837,195.8593,451.32803
298.56635,287.8294,195.8593,451.32803
309.08124,296.2531,191.68254,441.70334
317.0157,302.14096,187.59485,432.28387
313.69934,286.18903,191.74539,441.84814
319.8128,289.85712,191.74539,441.84814
323.4809,286.18903,191.74539,441.84814
329.59442,284.96634,191.74539,441.84814
333.2625,286.18903,191.74539,441.84814
341.8214,284.96634,191.74539,441.84814
347.93488,291.07983,191.74539,441.84814
349.1576,284.96634,191.74539,441.84814
355.27106,291.07983,191.74539,441.84814
361.38458,284.96634,191.74539,441.84814
369.94348,295.97064,191.74539,441.84814
371.16614,287.41174,191.74539,441.84814
377.27966,293.5252,191.74539,441.84814
378.50232,289.85712,191.74539,441.84814
382.1704,291.0798,191.74539,441.84814
388.28394,284.9663,191.74539,441.84814
394.3974,291.0798,191.74539,441.84814
393.17474,282.5209,191.74539,441.84814
404.17902,288.6344,191.74539,441.84814
407.8471,292.3025,191.74539,441.84814
414.6057,275.99762,195.98776,451.62402
418.35498,282.24637,195.98776,451.62402
417.10522,278.49713,195.98776,451.62402
424.01343,277.39087,200.32399,461.6162
423.12265,270.95892,204.75616,471.82947
435.75842,267.09393,209.28639,482.2687
434.82776,263.1434,213.91685,492.9389
444.37628,261.77933,213.91685,492.9389
443.0122,265.87155,213.91685,492.9389
452.56073,261.77933,213.91685,492.9389
459.3811,263.1434,213.91685,492.9389
458.01703,259.05118,213.91685,492.9389
467.56555,260.41525,213.91685,492.9389
460.74518,256.32303,213.91685,492.9389
475.75006,257.6871,213.91685,492.9389
488.02673,250.8667,213.91685,492.9389
483.9345,252.23077,213.91685,492.9389
498.9394,248.13855,213.91685,492.9389
503.03162,238.59,213.91685,492.9389
509.852,242.68222,213.91685,492.9389
516.67236,244.0463,213.91685,492.9389
520.7646,242.68222,213.91685,492.9389
526.98987,254.51215,209.35501,482.42682
533.08234,268.66324,204.89046,472.13892
534.88226,253.95161,209.42366,482.585
541.5594,263.29962,209.42366,482.585
540.6282,251.0335,214.05716,493.26218
544.7231,252.39845,214.05716,493.26218
548.818,251.0335,214.05716,493.26218
545.0338,238.496,218.79317,504.1756
552.74585,225.68109,223.63397,515.3305
548.4678,232.81131,223.63397,515.3305
564.1542,225.68109,223.63397,515.3305
571.2844,221.40295,223.63397,515.3305
567.0062,222.82901,223.63397,515.3305
579.8406,221.40295,223.63397,515.3305
578.41455,225.68109,223.63397,515.3305
585.5448,221.40295,223.63397,515.3305
584.1188,228.53317,223.63397,515.3305
582.69275,232.81131,223.63397,515.3305
578.41455,234.23737,223.63397,515.3305
576.9885,238.5155,223.63397,515.3305
578.41455,245.64572,223.63397,515.3305
582.69275,249.92386,223.63397,515.3305
581.2667,251.34991,223.63397,515.3305
574.1365,252.77597,223.63397,515.3305
572.71045,248.49783,223.63397,515.3305
574.1365,247.07178,223.63397,515.3305
581.2667,242.79364,223.63397,515.3305
576.9885,244.2197,223.63397,515.3305
575.5625,248.49783,223.63397,515.3305
565.5802,244.2197,223.63397,515.3305
578.41455,242.79364,223.63397,515.3305
582.69275,238.5155,223.63397,515.3305
578.41455,234.23737,223.63397,515.3305
585.5448,227.10715,223.63397,515.3305
581.2666,234.23737,223.63397,515.3305
593.27264,241.10667,218.86491,504.3409
583.50323,236.91978,218.86491,504.3409
593.27264,249.48045,218.86491,504.3409
603.04205,245.29356,218.86491,504.3409
596.0639,252.27171,218.86491,504.3409
608.6246,248.08482,218.86491,504.3409
601.6464,255.06297,218.86491,504.3409
597.45953,248.08482,218.86491,504.3409
607.22894,252.27171,218.86491,504.3409
600.2508,250.87608,218.86491,504.3409
610.0202,255.06297,218.86491,504.3409
603.04205,248.08482,218.86491,504.3409
601.6464,252.27171,218.86491,504.3409
614.2071,248.08482,218.86491,504.3409
604.4377,246.6892,218.86491,504.3409
619.7896,245.29356,218.86491,504.3409
610.0202,249.48045,218.86491,504.3409
621.7702,256.20325,214.19756,493.5857
609.4774,263.0326,214.19756,493.5857
621.7702,267.1302,214.19756,493.5857
606.74567,276.69128,214.19756,493.5857
626.14404,280.6377,209.62973,483.05984
616.78687,289.99487,209.62973,483.05984
615.45013,294.00507,209.62973,483.05984
614.1134,284.6479,209.62973,483.05984
618.1236,291.3316,209.62973,483.05984
622.1338,281.97443,209.62973,483.05984
615.4501,277.96423,209.62973,483.05984
629.2811,286.98022,205.15932,472.75845
617.507,272.58966,205.15932,472.75845
629.2811,271.28143,205.15932,472.75845
614.89056,269.9732,205.15932,472.75845
631.8976,271.28143,205.15932,472.75845
625.3564,259.50732,205.15932,472.75845
642.3634,266.04846,205.15932,472.75845
633.20575,269.9732,205.15932,472.75845
647.5963,271.28143,205.15932,472.75845
641.0551,264.74023,205.15932,472.75845
642.36334,276.51434,205.15932,472.75845
646.288,275.20612,205.15932,472.75845
642.36334,276.51434,205.15932,472.75845
643.6716,277.82263,205.15932,472.75845
639.7469,276.5144,205.15932,472.75845
641.0551,275.20618,205.15932,472.75845
634.5139,276.5144,205.15932,472.75845
641.0551,277.82263,205.15932,472.75845
631.9991,268.52087,209.69847,483.21823
636.0106,264.50934,209.69847,483.21823
626.6504,260.4978,209.69847,483.21823
630.6619,256.48627,209.69847,483.21823
640.02216,260.4978,209.69847,483.21823
633.33624,256.48627,209.69847,483.21823
645.37085,263.17212,209.69847,483.21823
638.5849,269.61337,205.2266,472.91345
645.12823,273.53937,205.2266,472.91345
633.3503,274.84802,205.2266,472.91345
645.12823,278.774,205.2266,472.91345
635.9676,285.31732,205.2266,472.91345
642.5109,289.2433,205.2266,472.91345
633.3503,290.55194,205.2266,472.91345
639.8936,286.62598,205.2266,472.91345
635.96765,280.08264,205.2266,472.91345
632.0417,289.2433,205.2266,472.91345
646.43695,282.69995,205.2266,472.91345
632.0417,278.774,205.2266,472.91345
646.43695,280.08264,205.2266,472.91345
631.94696,268.06235,209.76723,483.37665
646.66077,272.07523,209.76723,483.37665
634.6222,260.03668,209.76723,483.37665
649.336,247.99814,209.76723,483.37665
642.6479,262.7119,209.76723,483.37665
657.3617,258.69907,209.76723,483.37665
650.6736,262.7119,209.76723,483.37665
649.33594,258.69907,209.76723,483.37665
647.9983,268.06238,209.76723,483.37665
649.33594,269.4,209.76723,483.37665
642.6478,273.41287,209.76723,483.37665
649.33594,269.40002,209.76723,483.37665
642.6478,276.0881,209.76723,483.37665
638.63495,272.07523,209.76723,483.37665
634.92664,262.56454,214.40833,494.07135
636.2938,263.93176,214.40833,494.07135
623.99255,257.0476,219.15211,505.0027
630.97986,252.85522,219.15211,505.0027
618.5001,262.28076,214.47862,494.23334
633.5444,249.97183,214.47862,494.23334
626.70605,254.0748,214.47862,494.23334
633.5444,255.44244,214.47862,494.23334
623.97076,254.0748,214.47862,494.23334
630.8091,255.44244,214.47862,494.23334
621.2355,251.33948,214.47862,494.23334
625.33844,260.9131,214.47862,494.23334
615.76483,265.01605,214.47862,494.23334
617.1325,277.32498,214.47862,494.23334
615.76483,281.42795,214.47862,494.23334
611.66187,274.58963,214.47862,494.23334
607.5589,281.42795,214.47862,494.23334
603.45593,280.06027,214.47862,494.23334
599.35297,270.48666,214.47862,494.23334
597.9853,274.58963,214.47862,494.23334
591.147,265.01602,214.47862,494.23334
603.45593,258.17773,214.47862,494.23334
585.67633,265.01602,214.47862,494.23334
600.7206,255.44241,214.47862,494.23334
588.4116,245.8688,214.47862,494.23334
595.24994,244.50116,214.47862,494.23334
599.3529,237.66287,214.47862,494.23334
589.7793,247.23648,214.47862,494.23334
593.38446,259.09744,209.9048,483.69366
589.36896,252.40497,209.9048,483.69366
585.35345,267.12842,209.9048,483.69366
573.31055,257.61148,214.54895,494.3954
566.47003,258.97958,214.54895,494.3954
568.3548,246.41325,219.29585,505.3339
558.56616,250.60838,219.29585,505.3339
559.96454,252.00676,219.29585,505.3339
550.1759,256.2019,219.29585,505.3339
554.37103,246.41325,219.29585,505.3339
544.5824,247.81163,219.29585,505.3339
543.184,249.21,219.29585,505.3339
547.37915,247.81163,219.29585,505.3339
531.997,246.41325,219.29585,505.3339
550.1759,242.21812,219.29585,505.3339
534.79376,238.023,219.29585,505.3339
547.37915,239.42137,219.29585,505.3339
537.5905,232.42949,219.29585,505.3339
542.4187,219.58514,224.14777,516.5144
532.41345,232.449,224.14777,516.5144
530.98413,231.01968,224.14777,516.5144
524.0558,229.75452,229.10704,527.94226
528.4386,237.05923,229.10704,527.94226
524.0558,244.36395,229.10704,527.94226
516.7511,242.90302,229.10704,527.94226
512.1533,249.94043,224.22127,516.6837
505.00443,251.37021,224.22127,516.6837
497.8555,244.22128,224.22127,516.6837
490.70657,248.51065,224.22127,516.6837
489.27676,241.36172,224.22127,516.6837
476.40872,237.07236,224.22127,516.6837
466.40024,238.50214,224.22127,516.6837
464.97043,231.35321,224.22127,516.6837
452.1024,224.20428,224.22127,516.6837
464.97043,225.63406,224.22127,516.6837
477.83847,221.3447,224.22127,516.6837
487.11975,244.76929,219.43968,505.66528
477.3247,243.37,219.43968,505.66528
483.71066,258.20276,214.76007,494.8818
468.64664,259.5722,214.76007,494.8818
470.01608,252.72496,214.76007,494.8818
465.90775,259.5722,214.76007,494.8818
461.7994,252.72496,214.76007,494.8818
454.95212,256.8333,214.76007,494.8818
442.62704,255.46388,214.76007,494.8818
441.2576,251.35551,214.76007,494.8818
434.4103,252.72496,214.76007,494.8818
443.9965,245.8777,214.76007,494.8818
426.19357,249.98607,214.76007,494.8818
433.04086,245.8777,214.76007,494.8818
431.67142,244.50826,214.76007,494.8818
438.5187,243.13881,214.76007,494.8818
445.366,241.76936,214.76007,494.8818
438.41623,253.6459,210.18025,484.3283
437.07596,254.98615,210.18025,484.3283
427.79825,242.67572,214.83049,495.04407
420.9487,249.52524,214.83049,495.04407
427.79825,248.15533,214.83049,495.04407
429.16818,252.26505,214.83049,495.04407
422.31863,256.37476,214.83049,495.04407
412.72928,257.74466,214.83049,495.04407
411.35934,256.37476,214.83049,495.04407
399.0302,257.74466,214.83049,495.04407
389.54727,242.31932,219.58362,505.99692
382.75998,229.45813,224.44191,517.1921
375.604,230.88931,224.44191,517.1921
368.44803,235.18289,224.44191,517.1921
375.604,230.88931,224.44191,517.1921
365.58566,226.59573,224.44191,517.1921
373.49683,213.44998,229.40768,528.63495
369.10822,203.20999,229.40768,528.63495
379.3482,195.89569,229.40768,528.63495
372.03394,203.20999,229.40768,528.63495
375.88998,215.89658,224.5155,517.36163
374.4583,214.4649,224.5155,517.36163
364.43668,224.48654,224.5155,517.36163
365.86835,220.19156,224.5155,517.36163
358.71005,227.34985,224.5155,517.36163
365.86835,223.05487,224.5155,517.36163
361.57336,224.48654,224.5155,517.36163
351.55173,223.05487,224.5155,517.36163
355.8467,218.75989,224.5155,517.36163
342.96176,223.05487,224.5155,517.36163
350.12006,215.89658,224.5155,517.36163
340.09842,220.19156,224.5155,517.36163
327.2173,210.01218,229.48291,528.8083
340.38733,217.32886,229.48291,528.8083
333.07065,204.15881,229.48291,528.8083
349.16736,208.54883,229.48291,528.8083
335.9973,207.08548,229.48291,528.8083
352.09402,199.7688,229.48291,528.8083
338.92398,207.08548,229.48291,528.8083
343.314,205.62213,229.48291,528.8083
333.07065,210.01215,229.48291,528.8083
348.21155,222.70285,224.58911,517.5313
341.0509,224.13498,224.58911,517.5313
339.61877,228.43137,224.58911,517.5313
338.18665,232.72775,224.58911,517.5313
336.75452,228.43137,224.58911,517.5313
332.45813,229.8635,224.58911,517.5313
336.75452,219.8386,224.58911,517.5313
332.45813,224.13498,224.58911,517.5313
334.43112,210.98062,229.55815,528.9817
324.18442,224.15497,229.55815,528.9817
334.43112,210.98062,229.55815,528.9817
344.67783,200.73392,229.55815,528.9817
334.5448,190.32593,234.63713,540.6854
345.91992,173.47842,239.82848,552.6481
335.21478,162.77328,239.82848,552.6481
342.86133,164.30258,239.82848,552.6481
335.21478,168.8905,239.82848,552.6481
333.6855,176.53705,239.82848,552.6481
335.21478,178.06635,239.82848,552.6481
327.56824,185.71289,239.82848,552.6481
335.21478,184.1836,239.82848,552.6481
327.56824,182.6543,239.82848,552.6481
332.15616,178.06638,239.82848,552.6481
321.56976,164.01941,245.13467,564.8754
316.88037,171.83511,245.13467,564.8754
315.3172,176.52454,245.13467,564.8754
310.6278,168.70883,245.13467,564.8754
302.81207,176.52454,245.13467,564.8754
316.88037,171.83511,245.13467,564.8754
302.81207,170.27197,245.13467,564.8754
316.88037,162.45627,245.13467,564.8754
305.93835,167.14569,245.13467,564.8754
311.33536,152.78796,250.55827,577.3733
300.15128,160.77661,250.55827,577.3733
304.94446,155.98343,250.55827,577.3733
293.76038,163.97208,250.55827,577.3733
298.55356,168.76526,250.55827,577.3733
293.76038,176.7539,250.55827,577.3733
304.94446,184.74255,250.55827,577.3733
296.9558,176.7539,250.55827,577.3733
292.16263,184.74255,250.55827,577.3733
284.17398,176.7539,250.55827,577.3733
282.57626,178.35162,250.55827,577.3733
280.97855,170.36298,250.55827,577.3733
282.57626,171.9607,250.55827,577.3733
271.39218,179.94934,250.55827,577.3733
285.77173,162.37433,250.55827,577.3733
277.78308,154.38568,250.55827,577.3733
288.96716,143.2016,250.55827,577.3733
293.76035,138.40842,250.55827,577.3733
288.96716,127.224335,250.55827,577.3733
287.01886,144.16052,245.21504,565.0606
285.4552,142.59686,245.21504,565.0606
277.63693,144.16052,245.21504,565.0606
