10000
8.673186
8.520365
8.483444
8.587857
8.5177145
8.541437
8.608681
8.540181
8.565334
8.623675
8.622707
8.639723
8.599837
8.726902
8.62807
8.673755
8.620038
8.605518
8.686222
8.729245
8.692421
8.7076025
8.673704
8.75048
8.661444
8.790031
8.681706
8.760966
8.731802
8.727742
8.774385
8.726503
8.632942
8.627196
8.602907
8.600974
8.570159
8.671746
8.570484
8.614911
8.48891
8.429536
8.441039
8.401622
8.319712
8.163045
7.985461
7.687174
7.6284776
7.6901402
7.4421525
7.5292683
7.521068
7.604951
7.504021
7.418622
7.344343
7.47308
7.5444202
7.707349
7.827724
8.06633
7.9308486
8.026829
7.9032555
7.744185
7.260264
6.8010473
6.8199706
6.4489927
6.1448164
6.000475
5.943232
5.8893557
6.0805445
6.093428
5.982228
5.7205687
5.6940084
5.2960606
4.914786
4.7324195
4.815485
4.860599
4.823202
4.795799
4.8099866
4.793385
4.7795243
4.7182627
4.751297
4.8858533
4.822421
4.871681
4.7961335
4.888011
4.926871
2.403962
2.4503896
2.4089186
2.4548407
2.338552
2.2962966
2.3052747
2.3814714
2.2254407
2.1396983
2.2999985
2.3562112
2.807616
2.942445
3.023338
3.0766451
3.0119758
3.2804625
3.2660182
3.5874093
3.704029
3.7082312
3.7456708
3.7916725
4.10713
4.015646
4.1093473
4.1040606
4.161117
4.192176
4.580636
4.613474
4.6802564
4.757352
4.952279
5.0579634
5.003882
5.011188
4.8180017
4.530859
4.2849193
4.1011047
4.2495804
4.5397797
4.5755873
4.5211596
4.44014
4.5459976
4.496071
4.535523
4.348461
4.3882256
4.4417696
4.619659
4.683906
4.508765
4.543141
4.605448
4.792491
4.728683
4.885652
4.8103304
4.68489
4.7387805
4.790226
4.971084
4.952953
4.8943667
4.8107166
4.899252
4.892664
4.979783
4.7347713
4.856847
4.7954674
4.7443237
4.7206874
4.6474433
4.785694
4.7826624
4.6932583
4.7938194
4.656876
4.73841
4.5851803
4.3857727
4.517628
4.3346286
4.2075057
4.0588207
4.1998625
4.138851
4.198434
4.166659
4.3174815
4.4480467
4.4749036
4.5362587
4.7190523
4.8910155
5.04031
4.9732995
4.969327
5.0969086
5.1090016
5.1487436
5.098577
5.148915
5.187992
5.156629
5.090908
4.9800315
5.0594025
4.7872877
4.557286
4.5628633
4.6474223
4.8490977
5.082322
4.4348907
4.5845394
4.72329
4.752196
4.6017346
4.5904846
4.5392103
4.5693717
4.435149
4.469987
4.470017
4.348896
4.278405
4.362457
4.2945557
4.3065352
4.3177614
4.2517023
4.347542
4.3390446
4.1420445
4.164447
4.190271
4.26858
4.09173
4.153012
4.265117
4.1797824
4.230718
4.3247476
4.3243937
4.2578974
4.2733994
4.824573
6.1178255
6.1259184
6.1775846
6.3363843
6.0650334
6.1856184
6.293309
6.282133
6.3145533
6.2574
6.305282
6.4088364
6.425839
6.372173
6.3742614
6.3850546
6.3576317
6.407168
6.3971615
6.364845
6.3351793
6.563978
6.614213
6.6644874
6.644604
6.666859
6.6547537
6.590137
6.6326036
6.61441
6.6945624
6.7598734
6.7995615
6.7505636
2.1046128
4.1474767
4.250775
4.2171736
4.198847
4.237698
3.9853196
3.9766486
4.368708
4.252501
4.2925167
4.524069
5.282671
4.344079
4.4011316
4.06031
4.0631785
4.2013617
4.1720495
4.1923485
4.3782053
4.362254
4.479457
4.468265
4.444026
4.564569
4.486571
4.604439
4.53502
4.4803953
4.642318
4.4963036
4.44108
4.34814
4.2490287
4.4783773
4.416614
4.459515
4.5430055
4.4344077
4.6523395
4.649394
4.5310144
4.423061
4.482633
4.4222984
4.373852
4.1512527
4.0913987
4.0298996
4.2569146
4.268728
4.101609
4.287223
4.2151194
4.2517867
4.3469505
4.1911626
4.248117
4.28316
4.372923
4.644121
4.4916916
4.62565
4.6799145
4.70744
4.7617474
4.750453
4.6665277
4.8096237
4.7582946
4.835621
4.866599
5.0293164
4.977802
5.006181
4.7971945
4.879987
4.785436
4.712493
4.710524
4.7944903
4.841441
4.7155643
4.6375055
4.5908957
4.464753
4.4824314
4.5394225
4.577877
4.4458847
4.320612
4.4649096
4.43878
4.4777493
4.4413986
4.5495577
4.503158
4.467641
4.6379476
4.502574
4.355826
4.4358764
3.4130754
3.4256232
3.7415571
3.753516
3.7964585
3.711441
3.6505837
3.571919
3.6202455
3.5144782
3.6154964
3.7623386
3.802743
3.798288
3.9653733
3.9923992
3.9322023
4.025691
3.9443507
3.7311277
3.8421142
3.6957407
3.6179395
3.493637
3.5101938
3.6975837
3.60992
3.7681975
3.503814
3.98309
3.8572757
3.8815696
3.439606
2.1766315
3.8980799
3.914276
3.538173
3.6823738
4.4747186
5.075027
4.9129972
5.026935
4.908457
4.8695717
4.904186
4.9371214
4.763772
4.869856
4.6270804
4.708893
4.673998
4.7137046
4.5747404
4.6847134
4.566898
4.618862
4.4450207
4.5027547
4.506136
4.500426
4.5150037
4.476348
4.50193
4.375149
4.4873405
4.366503
4.366811
4.4640017
4.6093254
4.700493
4.492017
4.533039
4.6451545
4.7652035
4.6184363
4.4359922
4.5202823
4.6353173
4.4983897
4.7580967
4.801115
4.9142528
4.751306
4.741014
4.7078304
4.861266
4.9941525
4.7733083
4.8584995
5.1096425
5.1216946
4.988855
5.0348873
4.9043226
4.670131
4.545979
4.450869
4.6541553
4.66046
4.5823646
4.553316
4.4168725
4.5275784
4.3410487
4.2120543
4.3101854
4.3895264
4.343668
4.4289045
4.442355
4.2635016
4.2420564
4.2082744
4.3749804
4.1599393
4.1484833
4.071712
4.0449295
3.7279859
3.8723664
3.8014598
3.8037348
4.1920505
4.5316405
4.506668
4.573823
4.383553
4.5195093
4.5301366
4.443925
4.378929
4.2241745
4.1840353
4.087614
4.238906
4.260562
4.1949463
4.2843833
4.090719
4.1440797
4.146684
4.2358623
3.588199
6.7892346
7.048439
7.1474266
7.0624695
7.1708374
7.0373383
7.245718
7.194816
7.1902585
7.2585917
7.1142225
7.170379
7.071587
7.1410217
7.151258
7.0718775
7.058429
7.156462
7.1241775
7.0669
7.19248
7.032263
7.0539875
7.0558157
7.1085434
6.9608874
7.0862694
7.000108
7.1110697
7.1515675
7.1889877
7.109196
6.9456453
7.003948
6.6448855
6.5364203
6.485299
6.292564
6.337765
6.3186426
5.9756107
5.7821426
5.784978
5.854313
5.8114147
5.834526
5.771924
5.637924
5.6090355
5.6877813
5.241769
5.0764804
4.831364
4.835464
4.690063
4.5525537
4.754629
4.9332933
4.8670197
4.8241925
4.8181286
4.8234625
4.6566715
4.707744
4.683362
4.606403
4.620654
4.43455
4.487838
4.3673096
4.18486
3.9035473
3.742209
3.8064501
3.7511735
3.8224015
3.8134232
3.6643248
3.690682
3.717644
3.610661
3.75328
3.855136
3.801624
3.8564177
4.0268655
4.3186746
4.481145
4.5040784
4.612932
4.6305556
4.369642
4.342268
4.4622607
4.360005
4.262134
4.2774487
4.2175775
4.10747
4.126183
4.1558566
4.048383
3.89248
3.8871458
3.797355
3.5250728
3.533972
3.71529
3.5883644
3.604124
3.7258766
3.534079
3.5587285
3.5683086
3.516017
3.4946234
3.2360976
3.3339787
3.3414032
3.3992696
3.4902742
3.5524852
3.6420856
3.7689216
4.00759
4.0194354
4.069083
4.208452
4.1281414
4.1278677
3.992445
4.099234
4.128386
3.959976
3.9798067
4.0881877
4.305072
4.2793717
4.4011908
4.389034
4.617831
4.8495097
4.816896
5.0966024
5.240648
5.329567
5.3675323
5.26774
5.3301334
5.132673
4.878023
4.7850246
4.6912823
4.735257
4.561488
4.5948505
4.5408053
4.4878416
4.544547
4.3364863
4.2968297
4.4446497
4.54832
4.620049
4.7882433
4.934016
4.9504714
4.921713
4.9914265
4.845519
4.9578524
4.687557
4.8075056
4.744466
4.7838
4.6802254
4.476446
4.4685435
4.240776
3.9773102
3.7625237
3.9065938
3.9630308
4.2052555
4.179521
4.1473827
4.091251
3.9888663
3.871513
3.619966
3.3364682
3.2458193
3.2721777
3.357065
3.3055933
3.4750993
3.5773227
3.6972992
3.8652434
3.9268775
4.180416
4.3691454
4.232871
4.3591456
4.482466
4.5249996
4.618585
4.6384397
4.6059666
4.7671766
4.834317
4.8782787
4.811407
5.0769157
5.0992646
5.1638756
5.2881413
5.247466
5.3654723
5.45761
5.4206123
5.4397807
5.372008
5.448611
5.4378285
5.2375145
5.2692094
5.3306246
5.518391
5.328187
5.0740695
5.1259384
4.9831038
4.8463106
4.486765
3.488946
3.4642563
3.092627
3.065378
3.0798483
3.1183693
3.096217
3.174805
3.0729508
3.0517719
3.1809757
3.1679025
3.2489073
3.2095835
3.2896214
3.155347
3.2541778
3.3351798
3.2366838
3.2076173
3.244258
3.3518994
3.3664484
3.325089
3.3349109
3.408772
3.328168
3.4258142
3.3608804
3.422903
3.3854363
3.523859
3.4748602
3.4768403
3.3790538
3.337678
3.3343878
3.2940903
3.3878818
3.335458
3.3285701
3.2940438
3.3517976
3.3101354
3.240152
3.2498565
3.2694829
3.1471357
3.158267
3.1089516
3.0643487
3.0999734
2.970715
3.023207
3.054585
3.0312386
3.0684316
3.0352697
3.062891
3.0701635
2.961461
2.9994605
3.0083125
3.036334
3.0621529
3.6337116
3.5772753
3.4935641
3.7679539
4.046616
4.086515
4.14248
3.8635247
4.2735777
4.436214
4.622692
4.5902343
4.7123084
4.584073
4.44236
4.148249
4.0550375
3.942899
3.8695734
3.7703404
3.992489
3.9534829
4.016053
4.019827
3.9797423
4.0219817
3.9157033
3.9180074
3.8250787
3.9350243
3.9519148
3.9113755
3.942472
4.094451
3.9750369
3.8583457
3.8116515
3.7597377
3.9654977
4.3266253
4.097091
3.6327572
3.6300082
4.0774236
4.0900793
3.8965142
3.9529579
3.927538
3.7592082
3.7440524
3.5042312
3.4730954
3.5275319
3.253125
3.433419
3.438516
3.5156
3.537694
3.4823015
3.5705369
3.4802816
3.2694404
3.3839152
3.3540556
3.2205513
2.9651856
2.9667675
3.0631025
2.8665395
3.3619308
3.6188612
3.6294057
3.3854656
3.288024
3.3322444
3.3680081
3.5337732
3.4717321
3.4100194
3.5480444
3.7107012
3.4401238
3.4307337
3.506346
3.684695
3.5806115
3.6607745
3.63852
3.6334643
3.7192311
3.9215457
3.761571
3.863114
3.725895
3.653923
3.5926561
3.3714175
3.6295161
3.6278303
3.5958455
3.488541
3.5537333
3.6720443
3.5385838
3.7922544
4.0163302
4.091262
4.184937
4.2917657
4.5344076
4.458383
4.275658
4.279753
3.9367177
3.6036277
3.5775635
3.6231446
3.7275128
3.5554361
3.4866414
3.491014
3.935349
4.03344
4.1763177
4.0375795
4.1268325
4.083607
4.137663
4.1039467
4.2010655
4.0738153
4.2990894
4.112744
4.106521
4.124708
4.0148134
4.066416
4.2017264
4.2994356
4.0992737
4.024609
4.1075153
4.019539
4.064917
4.116497
4.1082544
4.231551
4.128229
4.100084
4.2414503
4.086894
4.073192
4.1099887
4.1065736
4.230344
4.082052
4.1637816
4.0839963
4.20292
4.2699833
4.1704783
4.157492
4.175174
4.1536145
4.1298404
4.0057654
3.7202778
3.5649858
3.6029546
3.5498812
3.8244631
3.6976151
3.768096
3.729939
3.784952
4.03154
4.1019406
4.2714663
3.7642853
3.9540997
4.5285597
4.5701823
4.685524
4.6034646
4.6835465
4.6169815
4.602456
4.569442
4.6147437
4.57776
4.499425
4.558543
4.4529095
4.652719
4.6172233
4.663035
4.5794234
4.5987186
4.562677
4.6401634
4.645002
4.532815
4.473024
4.5861216
4.5930653
4.719645
4.4911556
4.496829
5.928328
6.47462
6.5612717
6.5088987
6.288403
6.238991
6.378143
6.321147
6.389885
6.416662
6.3108606
6.371593
6.3561068
6.2733717
6.3076315
6.186987
6.137232
5.976986
5.7589583
5.627997
5.349968
4.960354
4.515552
4.1323133
4.1324024
4.1413717
4.108343
3.8895295
3.833536
3.7661345
3.9022603
3.8787432
3.9559267
4.52514
4.4707494
4.673316
4.9390697
4.940105
5.075559
5.0280905
5.563845
5.56714
5.8225927
5.991207
5.9219885
6.0970325
6.285566
6.348186
6.278053
6.300668
6.4300976
6.5145903
6.4731264
6.291742
6.2533855
6.2695074
6.2506084
6.1407013
5.9207487
6.014533
5.990286
5.997801
5.9087405
5.829764
5.871401
5.8484797
5.8047137
5.816004
5.8577614
5.865933
5.864525
5.85041
5.8882375
5.883282
5.7559576
5.8686614
5.896076
5.9258847
5.8481917
5.854986
5.7718287
5.66402
5.5618815
5.5404315
5.562756
5.5397015
5.317114
5.19259
5.1185083
5.1583915
5.026641
5.0403614
5.1255436
5.0367155
5.0308557
5.027556
5.0411563
5.024148
5.0329747
4.989018
4.9581256
4.953312
5.0200167
5.0588574
5.1007643
5.1507597
5.3524866
5.2832627
5.4058347
5.476753
5.447361
5.496258
5.593403
5.718393
5.7673554
5.9014797
6.0561647
6.0663276
6.0831184
6.0356646
6.1008167
6.0948176
6.101847
6.1681466
6.1067123
6.1735497
6.066332
5.957967
6.064693
5.9804335
5.978131
6.048917
6.049296
6.0949497
5.9300394
6.1705523
6.0992618
5.9790516
5.9299183
5.9625416
5.905573
5.8120055
5.8725324
5.9185452
5.92909
5.8065257
5.8820148
5.784232
5.819647
5.8584967
5.802588
5.821836
5.7315183
5.9534817
5.931879
5.9511695
5.993901
5.936578
6.139874
6.0902195
6.091119
6.1599545
6.164027
6.114195
6.124279
6.2056956
6.1559687
6.202993
6.0418954
6.11567
5.8832164
5.9557657
5.9402266
5.9917517
5.8692164
5.841742
6.0125775
5.9607697
5.955736
5.8332977
5.9150085
5.956574
6.048475
6.0886765
5.9812293
6.1773853
6.113961
6.0149546
6.037031
6.0978284
6.114812
6.2576675
6.108064
6.2544093
6.1276455
6.259971
6.099007
6.122872
6.112627
6.1605287
6.0802627
6.122148
6.0643225
6.0477777
6.0294805
5.994744
6.0557604
5.956672
5.9308367
6.019932
5.966063
6.0021396
5.9746447
5.9536357
5.925721
5.8240743
5.894814
5.8088207
5.7236834
5.733947
5.650494
5.7447395
5.8013005
5.817052
5.819824
5.8137145
5.926313
5.846795
5.9456735
5.8607035
5.9286723
5.753141
5.9240274
5.8495846
5.905784
5.8900146
5.8615804
5.913807
5.900652
5.8686132
5.8453946
5.993046
6.128124
5.9986944
6.041632
6.025381
6.0613933
6.1274753
5.969185
5.957755
5.9915037
6.0554395
6.2500772
6.15245
6.1764727
6.1505995
6.0637636
6.2081547
6.2453055
6.253677
6.26903
6.106567
6.0650263
6.0047197
6.0835376
5.915642
6.0818844
5.9021783
5.8465433
5.995212
5.884606
6.085461
5.74
5.8958507
5.824375
5.8654213
5.7419357
5.956815
5.965679
6.195977
6.0229335
5.975735
6.1855016
6.062053
6.0534143
6.024945
5.9533467
6.0480714
6.0820894
5.9868484
6.1943393
6.0259914
6.00518
6.1270666
6.006242
6.074604
5.951413
5.9264846
6.009491
5.990684
6.0735364
5.9380007
5.978876
6.1316915
6.0415144
6.1057396
6.1331825
6.0702953
6.160116
6.1570883
6.173954
6.0842113
6.121056
6.1486964
6.2404428
6.097129
6.0617027
6.073315
6.0707674
6.1644998
6.0924215
6.181855
6.143941
6.1720934
6.1773705
6.1695557
6.0120053
6.065135
5.9094
5.8773894
6.0561743
5.927742
5.834885
5.9207506
5.910269
5.987196
5.981769
5.96702
5.8230762
5.7874026
5.6728325
5.6185374
5.5517755
5.6298304
5.610447
5.4264092
5.48804
5.587173
5.7349176
5.749896
5.8125443
5.9597583
5.819127
5.6952257
5.7392554
5.7739706
5.8663445
6.019292
6.183298
6.2241707
6.1930876
6.133171
6.109191
6.025118
6.0413485
5.9051423
5.909076
5.8969736
6.1655126
6.057303
6.21654
6.19164
6.159641
6.0833755
6.065999
6.042673
5.995361
6.0497017
6.1728926
5.9905863
5.9182234
5.5699587
5.6384535
5.5241194
5.4699636
5.463441
5.467136
5.4863844
5.4756136
5.5033183
5.5754194
5.59356
5.926187
6.188449
6.3299646
6.1290417
6.136424
6.0941777
6.2530417
6.0163593
5.9748535
6.0421333
6.0749574
6.4149103
6.4683332
6.386285
6.429178
6.437373
6.4105134
6.386161
6.426141
6.2121406
6.1900268
6.18674
6.2065487
6.1806016
6.326252
5.7963767
5.7373214
5.6658463
5.6469083
5.651073
5.683127
5.8389845
5.92467
6.1699095
5.9117384
5.9073424
5.7611127
5.843337
6.0744004
5.8902206
5.7679067
5.8654146
5.924275
6.2024784
6.450486
6.197031
6.182659
6.0724645
5.8981934
5.5707417
5.315322
5.193589
5.205083
5.2000484
5.191468
5.296596
5.492361
5.5173244
5.7124696
5.8862777
5.5522556
5.1490855
5.178829
5.328517
5.4618244
5.2640986
5.2408643
5.3511906
5.2412724
5.4862432
5.6096296
5.6366973
5.6900125
5.8192143
5.768464
5.6173873
5.647531
5.561665
5.473674
5.5558653
5.5361423
5.4840207
5.5985947
5.5712695
5.6959743
5.728153
5.8229327
5.896676
5.8299856
5.9458475
5.8952465
5.6388755
5.5378437
5.2547903
5.263322
5.21809
5.2283125
5.1695666
5.313339
5.255252
5.3631334
5.320903
5.274514
5.31164
5.413852
5.35147
5.1348825
5.201498
5.1036553
5.0610347
3.8507679
3.8771465
3.959427
3.7937806
3.8794622
4.037191
3.926377
3.8551614
3.8679736
3.8905518
3.9326444
3.9023247
3.9549258
3.8497708
3.7190588
3.4857152
3.5853677
3.5353081
3.4247298
3.3916426
3.4224396
3.5489552
3.5478635
3.6663747
3.9063756
4.005238
4.3821907
4.4358006
4.1518135
4.070699
3.2772322
3.4187064
3.3439312
3.4569683
3.6297214
3.5578785
3.6545556
3.6644757
3.4776618
3.655732
3.7809482
4.0225773
4.095728
4.099407
4.0918274
3.973947
3.8397732
3.8410254
3.991888
4.0310583
4.0736666
4.078575
4.127271
4.314908
4.0724897
4.03923
4.102907
4.0822377
4.2562523
4.173198
4.235875
4.187944
4.248693
4.226926
4.2780466
4.255852
4.245307
4.24629
4.1603427
4.2581973
4.1659613
4.3117294
4.172272
4.274273
4.157029
4.268203
4.1547794
4.26067
4.160372
4.2672486
4.1887846
4.308518
4.1703157
4.2690587
4.1756773
4.307984
4.1849017
4.3230057
4.2738667
4.326304
4.2025857
4.265962
4.2538595
4.2759933
4.2653966
4.267744
4.261263
4.235645
4.2488604
4.253487
4.3085423
4.2398853
4.278516
4.23959
4.274204
4.217165
4.2810593
4.2059784
4.2462554
4.2227554
4.273712
4.192365
4.2671714
4.158891
4.249844
4.21383
4.2843013
4.2258644
4.1685147
4.2363067
4.241711
4.2396264
4.292891
4.2571735
4.307286
4.3086386
4.311926
4.3169756
4.3391213
4.3393545
4.2379904
4.284195
4.235921
4.2906675
4.257165
4.2986994
4.257586
4.299857
4.248538
4.271199
4.256177
4.301323
4.23893
4.317996
4.2587724
4.3467126
4.2358975
4.337786
4.3667274
4.3122234
4.3470864
4.3283668
4.3632793
4.337339
3.843349
4.1746826
5.0610523
4.8595085
4.7600446
4.717729
4.842071
4.821356
4.89445
4.938697
5.2173967
5.1856265
5.3933744
5.3460727
5.454108
5.408681
5.5368257
5.4043293
5.551486
5.3267956
5.5748234
5.3838773
5.519001
5.2739854
5.3436065
5.581348
5.3815055
5.40853
5.406836
5.39173
5.2556233
5.444081
5.4733067
5.507883
5.589208
5.6552033
5.684727
5.701545
5.896402
5.893439
5.9065895
5.8904467
5.902304
5.8705626
5.9205832
5.819933
5.9067826
5.8684597
5.8377
5.8244624
5.861252
5.8621435
5.8960176
5.8089533
6.031328
5.8974357
6.055925
6.00549
5.9644256
5.976131
5.9856086
6.0463057
5.9966736
6.007763
6.012463
5.9975314
6.067031
5.9209437
6.1110306
6.0739574
6.090208
6.283503
6.1741767
6.1991816
6.190687
6.2548504
6.27597
6.2914295
6.3635607
6.25445
6.291332
6.33916
6.2320337
6.2575054
6.273369
6.2624693
6.2270107
6.2696834
6.172403
6.2793884
6.298212
6.187688
6.1891365
6.1313567
6.1128063
6.1817064
6.1222067
6.0746365
6.1078253
5.986519
6.065706
6.0525546
6.0924892
6.0567217
6.2077885
6.1630726
6.142567
6.0870123
6.0588927
5.874078
5.8602037
5.79638
5.8275614
5.885723
5.704836
5.868701
5.8518715
5.752461
5.97245
5.5935245
5.470191
5.212271
5.385341
5.231015
5.4761114
5.5193057
5.570231
5.54724
5.6093245
5.4279156
5.273999
5.6758657
5.5789146
5.586868
5.432565
5.6725993
5.780697
5.70765
5.9324074
6.1403913
6.2085466
6.2628217
6.2360983
6.1861234
6.1380787
6.1077447
6.134619
6.0735674
3.9846597
4.0798182
3.931796
4.037911
4.0311227
3.8971722
4.156653
4.042149
4.172075
4.2318797
4.246436
4.0481353
4.363067
4.4053264
4.4810286
4.4828777
4.495411
4.5271497
4.5481606
4.480648
4.6591682
4.756569
4.772416
4.8153596
4.7472973
4.872629
4.9501
5.0260963
5.1765018
5.0270944
5.091067
5.2033844
5.1759276
5.258383
5.2520723
5.3847656
5.4051538
5.3909416
5.3615522
5.3991003
5.305332
5.378769
5.53106
5.411602
5.4704533
5.469534
5.5260024
5.386273
5.3778887
5.292824
5.3777404
5.4066253
5.411873
5.447757
5.428296
5.484652
5.4730606
5.4740915
5.4878383
5.359051
5.362171
5.4071417
5.400396
5.4374585
5.4189525
5.450722
5.3450727
5.3370624
5.2966013
5.2731085
5.22699
5.2807345
5.3429503
5.3283935
5.3621755
5.2746754
5.253806
5.3281245
5.3909163
5.3437104
5.27227
5.1621614
5.158071
5.1301847
5.1790576
5.200018
5.0096703
5.0766892
5.0180545
4.9589047
5.02909
5.0501122
4.9618316
4.8977933
4.941579
4.907282
4.9503374
4.898264
4.9919257
4.9788427
5.029376
5.0429196
5.093996
5.2252483
5.134686
5.0858183
5.0083966
5.1553116
5.0494614
4.933124
5.105629
5.2955766
5.406733
5.3021
5.315673
5.203901
5.2830405
5.3165164
5.4569974
5.4249372
5.4880295
5.4094067
5.588869
5.5319796
5.5856056
5.749311
5.7768993
5.712952
5.7489676
5.703105
5.8449454
5.5564003
5.492397
5.605633
5.531659
5.816198
5.7849493
5.7171063
5.6972427
5.6647844
5.743054
5.6512737
5.7533174
5.68989
5.671812
5.5814543
5.6699963
5.621585
5.768441
5.70049
5.652031
5.688259
5.733041
5.5989847
5.631064
5.537337
5.617017
5.7123327
5.5560093
5.608161
5.6095304
5.6531487
5.616357
5.6745644
5.6123805
5.559803
5.660539
5.731116
5.683844
5.707329
5.6219482
2.323404
2.489386
2.4624429
2.698662
2.349161
2.354249
2.5044105
2.569703
2.5163157
2.4983609
2.6589665
2.4559171
2.3857143
2.4277306
2.4182765
2.3467236
2.403277
2.4220698
2.3365963
2.337958
2.354676
2.357986
2.4055514
2.3065367
2.3371048
2.27948
2.2537484
2.147163
2.3460386
2.37204
2.2600555
2.2896183
2.3064492
2.3921525
2.4304447
2.415918
2.3875966
2.3744023
2.3289242
2.3650284
2.298348
2.5089004
2.4524598
2.4927027
2.3966632
2.6070087
2.507012
2.629582
2.5978107
2.6031349
2.9004846
3.0575674
2.926029
2.9975803
3.229792
3.5804713
3.8052125
4.0373397
3.8010824
4.500467
4.9465337
4.9406137
4.998795
5.036378
5.088262
5.335905
5.3763013
5.528151
5.5255303
5.612603
5.76466
5.5522785
5.527386
5.6017256
5.719923
4.673846
4.7873206
4.7123537
4.8036647
4.9321613
4.896969
4.9627466
5.004091
4.987964
5.1327634
5.15655
5.3607407
5.435709
5.5443244
5.457301
5.503003
5.543483
5.6839256
5.5472503
5.6438847
5.5858326
5.772388
5.948888
6.0289116
6.209531
6.3582826
6.2778807
6.1777935
6.1956105
6.096304
5.9922047
5.9533615
5.8678255
5.8707056
5.8684683
5.8632035
5.7596493
5.7602167
5.8355055
5.843817
5.825045
5.8279514
5.9410043
5.817073
5.7902884
5.832706
5.75882
5.751809
5.72357
5.6294765
5.6485596
5.491656
5.433798
5.278938
5.2209234
5.1003137
5.042609
5.040447
5.210699
5.020793
5.068671
5.1611404
5.168389
5.087625
5.161913
5.0563984
5.0797095
4.977722
4.8828716
5.0287313
4.981391
5.046733
5.0655475
5.054388
5.0091953
5.05126
5.083747
5.0569835
5.0542865
5.073968
4.9989038
5.1693735
5.1308274
5.1343355
5.1059566
5.2182546
5.2538724
5.2566433
5.283245
5.2683525
5.3387117
5.241931
5.174494
5.1564326
5.1510916
5.250604
5.279401
5.288147
5.217726
5.227824
5.2593603
5.222595
5.3236203
5.296021
5.371941
5.259824
5.3091664
5.278268
5.2708607
5.248431
5.239631
5.30964
5.304941
5.355849
5.3034954
5.3368783
5.414115
5.4624677
5.3734326
5.4453855
5.494324
5.476403
5.4499607
5.418163
5.4734025
5.496629
5.392485
5.4344516
5.4318805
5.5143166
5.4545164
5.515066
5.4965115
5.5020466
5.4962864
5.5511093
5.521207
5.577456
5.5654182
5.614557
5.608171
5.59088
5.6158996
5.6135488
5.672242
5.711929
5.784575
5.690361
5.7750845
5.633773
5.6154428
5.625079
5.6755624
5.646428
5.6768317
5.7176228
5.6609716
5.678638
5.667045
5.6229496
5.746376
5.772464
5.793643
5.7509775
5.8116693
5.775955
5.7940316
5.6542873
5.566593
5.5841994
5.3534784
5.371571
5.435433
5.337373
5.435702
5.2215223
5.224558
5.229964
5.319734
5.324757
5.222542
5.166937
5.239048
5.209503
5.2512174
5.26966
5.143095
5.2426205
5.2553473
5.236392
5.137473
5.177973
5.023456
5.1339116
5.0616245
5.157674
5.188203
5.2012606
5.3414216
5.1813574
5.355935
5.3667316
5.3841496
5.390724
5.4027176
5.4226065
5.360702
5.441133
5.3853955
5.417697
5.383557
5.3933325
5.3775253
5.500803
5.4212766
5.4615645
5.359733
5.3705297
5.265152
5.350522
5.2796154
5.1896424
5.2360487
5.0856366
5.2158184
5.2015257
5.2247276
5.0789537
5.1604023
5.2423716
5.1944675
5.060796
5.1590514
5.1201477
5.1272025
5.0860887
5.1772566
5.2976394
5.229829
5.1494155
5.062575
5.171422
5.170456
5.120416
5.1774645
5.329776
5.342558
5.343666
5.471162
5.5179386
5.6947217
5.6825814
5.7620006
5.900857
5.961621
5.9708776
5.9856486
5.9508486
5.956973
5.945337
6.0070086
6.021649
5.9900007
5.996465
6.018963
6.0132794
6.1301427
6.1945534
6.2763824
6.29121
6.223467
6.2199297
6.2103553
6.2668676
6.270773
6.3682723
6.3003697
6.223866
6.308487
6.151145
6.2360854
6.1601806
6.1791143
6.205697
6.1716747
6.1461973
6.1861854
6.1793957
6.204486
6.259339
6.188722
6.2194934
6.1967998
6.157018
6.202829
6.251399
6.2052736
6.2229257
6.1727295
6.161853
6.2409945
6.126737
6.176147
6.1516604
6.186778
6.1687145
6.124081
6.1102796
6.127647
6.119305
6.1141686
6.0254226
6.0919085
6.0917845
6.0910254
6.0868278
6.0695105
6.057276
6.0329146
6.0098267
5.9654946
5.896803
5.89311
5.937917
5.907981
5.9817967
5.98813
6.0527573
6.032297
6.1118994
6.13827
6.1437507
5.9167085
5.8611646
5.758537
5.7293916
5.565438
5.4439607
5.4145384
5.0812654
5.0585704
5.0402746
4.9657664
4.971044
4.9872003
4.80049
4.901965
4.8800154
4.8415594
4.945856
4.886669
4.708784
4.6980314
4.7923546
4.7506256
4.7335124
4.7424417
4.8166356
4.746212
4.879618
4.798862
4.922941
4.9102426
4.958534
4.873096
4.8497915
4.852818
4.887405
4.8458605
4.940199
4.9595175
4.9590178
5.006136
4.945746
5.0257134
4.9777904
4.976818
4.958303
4.925387
4.969878
4.925083
4.971065
4.9459105
4.9692893
4.9837127
4.9675198
5.006195
5.016245
5.0100465
5.043248
4.998309
4.995858
4.9975777
5.0442276
5.0116143
5.006832
4.9975367
4.9991817
5.021089
5.012203
4.9742007
5.0204263
5.0431485
5.021793
5.0230117
5.0119
5.0013475
4.999369
5.0009513
4.989738
4.978911
4.941162
4.94374
4.962272
4.972226
4.9332294
4.8915143
4.904826
4.962358
4.9281616
4.963774
4.9166813
4.9336824
4.903333
4.8693547
4.9131255
4.8978014
4.86569
4.9237804
4.8918076
5.000723
5.114856
5.2584553
5.213568
5.272491
5.3332906
5.2807527
5.204722
5.197724
5.1295366
5.0842085
5.125777
5.199295
5.12758
5.24403
5.165825
5.236036
5.201444
5.1654615
5.147924
5.236514
6.3929715
6.385186
6.458988
6.3488765
6.2496767
6.207388
6.1919985
6.1692553
6.20941
6.048725
6.091504
5.9976277
6.065795
5.991163
5.968354
5.977675
5.9182167
5.929505
5.940835
5.9367495
5.8617983
5.8900867
5.8706913
5.8527775
5.889529
5.9642916
5.9631257
5.8728204
5.9679675
5.9154696
5.9101815
5.8460913
5.8904705
5.885496
5.86945
5.91263
5.89834
5.907004
5.920766
5.905522
5.8907356
5.878619
5.8738847
5.898063
5.9101615
5.9382
4.960444
5.017053
4.9182057
4.9696603
5.044533
5.013228
5.0809445
5.152129
5.013522
5.2209945
5.063468
5.193973
5.086421
5.2643404
5.0445647
5.282476
5.0971656
5.2566905
5.055206
5.2661853
5.0913754
5.2500553
5.116641
5.3320785
5.1713924
5.3151956
5.125715
5.3424883
5.151554
5.3278055
5.0545754
5.2808614
5.176009
5.2705293
5.137201
5.255566
5.137414
5.276765
5.12795
5.332007
5.1359215
5.3296666
5.126853
5.313809
5.138604
5.263133
5.1453285
5.26963
5.0742407
5.291427
5.1365695
5.327442
5.1101785
5.306287
5.10589
5.2894
5.099985
5.3091955
5.101859
5.3341265
5.150861
5.358204
5.1964555
5.3478494
5.1742473
5.380104
5.1900034
5.345589
5.2240376
5.347185
5.20527
5.356171
5.2757835
5.266666
5.2816486
5.352732
5.3120933
5.3640795
5.295458
5.205883
5.251701
5.1819983
5.1632032
5.202965
5.135269
5.217332
5.1393156
5.2142053
5.1254406
5.2881136
5.124703
5.247843
5.105653
5.322796
5.1399465
5.316528
5.19861
5.262434
5.198023
5.30497
5.194413
5.3210945
5.233383
5.334007
5.2330503
5.2619505
5.2079887
5.3068104
5.1851907
5.3174815
5.230768
5.317642
5.2440658
5.228327
5.2285295
5.3039894
5.180008
5.2012434
5.2224298
5.2042136
5.1888227
5.2814317
5.1882987
5.256731
5.155256
5.2409043
5.1711345
5.2401857
5.1930876
5.2249146
5.193552
5.230573
5.1189256
5.220314
5.1242595
5.1032853
5.1110106
5.176938
5.1537986
5.159464
5.1344256
5.159022
5.1146145
5.1333995
5.112179
5.1575484
5.0811577
5.136313
5.1127014
5.168531
5.073163
5.159914
5.1691
5.216028
5.1815443
5.2317123
5.149551
5.1850543
5.142766
5.2467933
5.1741757
5.2071457
5.205268
5.2182817
5.1956563
5.1581087
5.231485
5.186117
5.219882
5.166655
5.1838756
5.1443815
5.2039957
5.145528
5.1708694
5.1629624
5.1609344
5.106246
5.1327944
5.157442
5.0857024
5.1663294
5.1269736
5.1874256
5.0688725
5.232141
5.077938
5.1955614
5.0711036
5.1795387
5.0938272
5.1312823
5.112817
5.1224384
5.091874
5.133907
5.0876403
5.1970987
5.09308
5.1772146
5.1712832
5.1966434
5.169626
5.169631
5.2003393
5.161351
5.1572466
5.1769876
5.1030717
5.185195
5.19561
5.2309356
5.2027493
5.245745
5.2272916
5.266682
5.21688
5.8911505
6.0475435
6.0562663
5.8577485
5.9856763
5.875187
5.9813056
5.939527
6.0088162
5.895094
6.0492187
5.939298
6.0565767
5.945502
6.055869
5.920471
6.049869
5.9427805
6.0670724
5.9389277
6.01868
5.925149
6.023951
5.8713655
6.0042663
4.8214
4.579468
4.6256313
4.6193156
4.6335816
4.588167
4.6023493
4.718996
4.650965
4.685411
4.625225
4.6400237
4.6325355
4.6119156
4.6066737
4.597839
4.601156
4.7111797
4.5935125
4.5973988
4.5950418
4.5527678
4.5993843
4.6113696
4.6739645
4.5996757
4.607372
4.5757318
4.5948195
4.578982
4.61955
4.621741
4.5761795
4.6400495
4.5633097
4.567642
4.5708127
4.5591164
4.5817523
4.5290403
4.5911465
4.5195203
4.510507
4.529844
4.5046253
4.508607
4.4193683
4.449732
4.406251
4.4930444
4.311721
4.4640193
4.345123
4.473778
4.3306804
4.375122
4.3119373
4.296546
4.3567953
4.245744
4.374923
4.106235
4.239573
4.2165
4.1240497
4.0257893
4.1752653
4.1625776
4.227889
4.1787834
4.2076664
4.3149524
4.316992
4.359101
4.4291954
4.527917
4.6346755
4.69163
4.6421013
4.695903
4.6231437
4.6882186
4.591495
4.6496906
4.7392883
4.792861
4.985552
5.0018373
4.970304
5.0735154
5.2073784
5.133972
5.2187
5.150287
5.2136717
5.188577
5.40971
5.3617306
5.4596987
5.509224
5.5598536
5.5896087
5.6080265
5.5978065
5.567592
5.732075
5.6169853
5.6514726
5.6701975
5.661249
5.6460457
5.7078648
5.704777
5.7333713
5.7317133
5.7437944
5.8395348
5.746867
5.826766
5.812639
5.8928933
5.8296213
5.8486156
5.8106666
5.8478093
5.837614
5.860313
5.87588
5.9064517
5.8838387
5.911846
5.9431105
5.975016
5.907507
5.9798584
5.9289503
6.0861187
5.9644856
6.090068
6.037236
6.17198
6.0444555
6.157344
6.104404
6.1236806
6.1507645
6.2143035
6.0909257
6.140204
6.1870985
6.2018228
6.185161
6.129658
6.132095
6.079921
6.0821424
6.0344987
6.067744
5.936509
5.883918
5.7427983
5.735167
5.6570005
5.6266036
5.5426416
5.4966955
5.4179363
5.524605
5.535383
5.5113373
5.6133385
5.581142
5.6475897
5.595443
5.56958
5.558028
5.696057
5.5872703
5.6982245
5.6054816
5.735761
5.5929966
5.611814
5.590313
5.6362586
5.5555234
5.635995
5.5893645
5.666211
5.572497
5.6356344
5.557329
5.641428
5.652237
5.601643
5.617101
5.509614
5.610173
5.5397205
5.531176
5.51891
5.4990115
5.565307
5.473465
5.4066277
5.5169005
5.453866
5.4454417
5.377078
5.419996
5.408138
5.3691316
5.402795
5.354151
5.410279
5.3992634
5.397976
5.3766823
5.3793964
5.3913803
5.4101076
5.4175897
5.397285
5.3142295
5.3245964
5.2987432
5.272593
5.245493
5.2368894
5.227527
5.2459493
5.205128
5.103603
4.985124
5.1129675
5.0890026
4.96366
4.9264646
5.100241
4.8829145
4.9409733
4.936233
4.861228
5.0433927
4.9039426
5.0151777
4.8774204
5.013099
4.8363976
4.9244576
4.8695936
4.9433293
4.820487
4.9365687
4.8308043
4.9397717
4.808375
4.917683
4.776967
4.9120197
4.769268
4.904791
4.7626095
4.862864
4.722453
4.8069706
4.752061
4.826926
4.756796
4.850225
4.722333
4.766163
4.721377
4.7610865
4.737545
4.75596
4.68384
4.711568
4.7123003
4.764244
4.674413
4.7408075
4.6785536
4.7209697
4.6946745
4.7799053
4.6614046
4.689378
4.6525717
4.748232
4.709
4.818972
4.7696233
4.7535095
4.8116326
4.7771773
4.8304415
4.735373
4.820742
4.7598352
4.866483
4.737332
4.8689375
4.757524
4.8532047
4.8792186
4.9156733
4.8377686
4.8991904
4.838019
4.93103
4.8840203
4.9148273
4.8514447
4.8994274
4.7526703
4.872982
4.80306
4.7771115
4.800494
4.8975863
4.7853656
4.964103
4.814241
4.8550253
4.804347
4.8495536
4.8098893
4.8874745
4.7367764
4.880002
4.7794256
4.8234377
4.729662
4.870366
4.7037296
4.844019
4.689808
4.844987
4.675925
4.8088303
4.6707277
4.785149
4.6705823
4.8344193
4.6815004
4.8123074
4.726447
4.8027644
4.700613
4.808051
4.700997
4.7892604
4.7201376
4.7902017
4.750205
4.8078184
4.7280474
4.8196406
5.7671294
5.8821864
5.847576
5.7955036
5.8468823
5.793218
5.8538656
5.761238
5.8600245
5.7919073
5.853587
5.753378
5.8904357
5.830592
5.8506613
5.8141966
5.8966823
5.865538
5.971841
5.8500533
5.9358363
5.884773
5.960707
5.928769
5.9650817
5.9056253
5.945874
5.8491206
5.939449
5.8771615
5.8988905
5.8614426
5.928227
5.914566
5.915617
5.9489594
5.9305277
5.894823
5.996829
5.9611506
5.978378
5.913224
5.9814167
5.972153
5.9463673
5.9575186
5.964443
4.2286143
4.191839
4.2225223
4.2228637
4.1781096
4.140887
4.209152
4.1313972
4.1741724
4.211327
4.250567
4.241067
4.2416553
4.229097
4.0752497
4.2432094
4.0525365
4.256146
4.3356586
4.6111064
4.538124
4.473802
4.5982504
4.44397
4.5547466
4.528468
4.554323
4.5176735
4.563354
4.5751457
4.557933
4.432267
4.598749
4.458391
4.598535
4.5192966
4.6349506
4.605805
4.4763584
4.5471096
4.530638
4.627055
4.535265
4.5201945
4.6692457
4.7149205
4.7378173
4.728915
4.7160864
4.6775
4.6321
4.701768
4.6670113
4.664915
4.6915255
4.7582464
4.7420735
4.84949
4.833108
4.741823
4.675213
4.664351
4.684508
4.5621123
4.654026
4.6056066
4.622694
4.5663404
4.661135
4.5692472
4.627311
4.5116534
4.628764
4.5788083
4.6006365
4.5213003
4.633119
4.600183
6.202715
6.265023
6.16976
6.182721
6.245367
6.1736064
6.213917
6.2151093
6.320019
6.246863
6.2733574
6.206864
6.2724915
6.2450075
6.2414412
6.2156386
6.300276
6.259382
6.3403006
6.3576546
6.377318
6.42585
6.4339743
6.403577
6.368223
6.4145927
6.334334
6.3070154
6.2528176
6.279853
6.1748686
6.255888
6.354
6.5895348
6.642921
6.6391935
6.5265875
6.3892117
6.2910576
6.265004
6.2886558
6.1256566
6.0801735
6.0060434
6.0216
5.981245
6.0013914
5.9865475
5.968058
5.9385285
5.907553
5.858934
5.89378
5.886537
5.781096
5.8698626
5.7600584
5.833479
5.8189306
5.8750095
5.9625525
5.9328117
6.033875
6.065883
6.076142
6.109314
6.215018
6.118465
6.1932583
6.1476192
6.1717024
6.267442
4.6117992
4.749165
4.848027
4.9964485
5.043643
5.1539817
5.1598086
5.2025495
5.226086
5.301215
5.235155
5.2885256
5.1683617
5.289366
5.196601
5.332819
5.207265
5.313312
5.363136
5.2961555
5.3547525
5.318857
5.4087
5.27286
5.410612
5.360624
5.3124247
5.4191103
5.2782373
5.455187
5.2739277
5.438913
5.320277
5.448937
5.3495336
5.3942637
5.4035215
5.342712
5.306765
5.4222198
5.4686294
5.376095
5.492261
5.389921
5.582543
5.4221187
5.5510283
5.43607
5.5399256
5.4636335
5.5336413
5.4667554
5.572086
5.5029054
5.6144047
5.566039
5.601297
5.591775
5.593603
5.7349687
5.6350975
5.716817
5.608867
5.754647
5.6519117
5.8011875
5.801647
5.849623
5.7895994
5.789279
5.7089033
5.7440343
5.7324243
5.782315
5.707762
5.750402
5.6716957
5.7985525
5.6834626
5.7327337
5.694166
5.764939
5.639631
5.744354
5.697934
5.7077136
5.681564
5.697316
5.68289
5.6181693
5.5992694
5.658657
5.6436205
5.61241
5.5885115
5.5872254
5.573941
5.56728
5.5755696
5.601804
5.618993
5.662072
5.7001915
5.674381
5.6797004
5.782427
5.6870875
5.819976
5.7211437
5.820073
5.6168895
5.753267
5.6674833
5.7848215
5.697801
5.826531
5.7342134
5.840239
5.753899
5.8223424
5.748314
5.7650876
5.7297754
5.847153
5.710984
5.7107096
5.7066264
5.682796
5.719087
5.593534
5.7074327
5.62769
5.711729
5.5971847
5.68848
5.6606326
5.648551
5.5499144
5.6440344
5.634841
5.651967
5.6405187
5.612396
5.6515613
5.549429
5.6362686
5.607051
5.600895
5.674823
5.6307364
5.6639132
5.578242
5.6675234
5.565643
5.5931196
5.644959
5.586954
5.600731
5.5510325
5.5426493
5.5125875
5.5078835
5.579229
5.538461
5.5505657
5.52879
5.559227
5.574478
5.561844
5.5041437
5.4728193
5.5510626
5.4814367
5.534385
5.4570775
5.6074824
5.517241
5.567219
5.5782976
5.566439
5.5514174
5.5433197
5.5218873
5.566737
5.515731
5.5562725
5.5066147
5.5486674
5.4557986
5.493794
5.499481
5.438289
5.477358
5.4320993
5.4723024
5.429017
5.4101014
5.474439
5.4768386
5.426401
5.353114
5.439702
5.386432
5.4310884
5.3371835
5.3226595
5.3865094
5.4239454
5.3510337
5.4133058
5.321878
5.370979
5.459243
5.3388505
5.3231688
5.3690224
5.4073267
5.375286
5.4064455
5.381782
5.367277
5.3700514
5.4429708
5.379584
5.381193
5.3813353
5.4271564
5.37466
5.418659
5.3685884
5.384554
5.3648615
5.3451643
5.357163
5.340645
5.3449345
5.3684244
5.3501787
5.363575
5.308726
5.3688626
5.3425894
5.3831606
5.3384333
5.3532815
5.4027414
5.425628
5.4320755
5.416276
5.44816
5.4520807
5.4739294
5.4313564
5.44083
5.486244
5.437139
5.4768744
5.446704
5.4234796
5.4029813
5.364193
5.388201
5.4070697
5.377398
5.444559
5.451891
5.5021634
5.450699
5.469188
5.507058
5.49655
5.524725
5.59181
5.5597134
5.6213164
5.604839
5.6500483
5.56517
5.625396
5.5788364
5.6185246
5.6378536
5.718296
5.694748
5.761907
5.719835
5.770811
5.7393684
5.7367806
5.7632265
5.6910725
5.7104
5.7101
5.679558
5.699163
5.6779385
5.693917
5.718328
5.7745123
5.7348466
5.7689114
5.73469
5.8253207
5.6903687
5.848188
5.7633333
5.8461018
5.814046
5.769899
5.720832
5.6775994
5.7271113
5.633578
5.6738887
5.626394
5.5968213
5.600433
5.5958853
5.606903
5.626074
5.6164594
5.6229115
5.650702
5.5944805
5.6225433
5.482618
5.6285496
5.4406943
5.573494
5.4566193
5.434307
5.5018764
5.425662
5.383142
5.426761
5.50519
5.379036
5.4524612
5.405362
5.452149
5.5099916
5.458907
5.595147
5.5115128
5.527478
5.5825796
5.567823
5.6762066
5.704672
5.703622
5.672835
5.6406183
5.7173095
5.6957765
5.8484974
5.7904854
5.6892734
5.7915535
5.7914367
5.7534523
5.769208
5.7012453
5.779418
5.8144917
5.8200994
5.8142133
5.7618055
5.7757773
5.8506317
5.7800465
5.7744417
5.777765
5.800272
5.8172584
5.9030294
5.87976
5.975972
5.9453626
6.0379663
5.8844504
6.0237417
5.9023705
6.051788
5.8803263
5.9345374
5.9278116
5.910031
5.9628353
5.9748974
5.9583387
5.8617043
5.805114
5.892456
5.8489604
5.8508434
5.8494654
5.9406953
5.883412
5.906623
5.8538237
5.9318414
5.8899817
5.844806
5.8914948
5.8624926
5.84266
5.8449373
5.887833
5.812782
5.834628
5.8229446
5.837795
5.8206463
5.7319736
5.7477007
5.7718916
5.9008317
5.8280697
5.8765526
5.833913
5.8465295
5.7727184
5.8222456
5.871418
5.795574
5.932563
5.8392134
5.9016604
5.8123693
5.9029245
5.803497
5.983674
5.846732
5.9806814
5.766951
5.822802
5.7731724
5.843486
5.744939
5.833118
5.690942
5.7544675
5.6974063
5.7419868
5.7190104
5.783191
5.75339
5.8213987
5.833137
5.8477407
5.8575335
5.901714
5.8265796
5.851659
5.7701206
5.7989397
5.7216887
5.68619
5.647455
5.683073
5.6526704
5.643726
5.5270653
5.5562987
5.4848886
5.4762783
5.5348315
5.4995427
5.48615
5.4826927
5.4499655
5.5540524
5.417127
5.491094
5.499825
5.5238066
5.503013
5.458498
6.089484
6.19238
6.14505
6.199309
6.173674
6.371632
6.4522943
6.464444
6.4815598
6.497955
6.5787945
6.6037216
6.547855
6.589639
6.6958323
6.713231
6.6909943
6.9192038
6.7963524
6.8349237
6.7541804
6.6182847
6.545784
6.541974
6.4112945
6.3872194
6.27465
6.2387037
6.1943965
6.339815
6.2084227
6.287927
6.363281
6.363285
6.3139343
6.4845147
