10000
7.751184
7.7336307
7.4747252
7.291233
7.1894507
6.89927
6.579639
6.540385
6.675044
6.9069066
6.9860926
7.12603
7.1691475
7.1728873
7.251566
7.3148246
7.1587825
7.038636
7.195619
7.1991615
7.6444263
7.709879
7.595896
6.9268947
6.2345147
7.209034
7.574156
7.577408
7.4143515
5.9951367
4.151939
4.1454515
4.70093
4.7016354
5.081366
5.32949
5.3361235
5.284319
5.2438936
5.1322336
5.06327
5.1216145
5.4638677
5.106741
3.5576267
3.6270692
3.8833127
4.203738
4.643877
5.096526
5.484366
5.984504
6.1756086
5.7907243
5.147089
4.868145
4.804794
4.8774
4.7985477
4.8028646
4.804022
4.9721766
5.252009
5.3099422
5.753147
5.9252872
6.1167264
6.049181
5.9340134
6.2179775
6.3951426
6.4206104
6.526168
6.802785
6.8785954
6.929845
7.203465
7.4040833
7.306463
6.8566847
6.1475716
5.080098
4.9509573
5.3582816
4.738332
4.40127
4.1803074
4.245432
4.1063843
3.5673468
3.9483502
4.3866124
4.415679
4.1055627
3.1949358
4.0921283
4.5376554
5.0633926
5.25551
5.2081513
4.9071336
4.1692195
5.241628
5.735814
6.509384
7.264428
7.9768476
8.164782
8.302409
8.204767
7.4798794
7.460379
7.870704
7.4888673
7.0973825
7.0762725
7.2476273
7.744916
7.7875466
7.4744196
7.3205185
7.2146378
7.5564394
8.000567
7.87803
7.7603283
7.6668634
7.4925637
7.5487266
7.4270587
6.9826365
6.0733595
4.4086137
3.619961
3.508551
3.1098044
2.5608792
2.5569859
2.5761225
2.793656
2.7932003
2.610928
2.6096213
2.8222544
2.5241046
2.7495847
2.7870438
2.6308408
2.9316921
0.6076506
0.64220315
0.5964815
0.5979492
0.5863715
0.5749481
0.60974365
0.53650355
0.4907693
0.48554066
0.43568295
0.45709804
0.4460948
0.43116486
0.43863872
0.4646937
0.558314
0.5221739
0.51514655
2.5347617
3.1538236
3.6892989
3.6908274
3.3072796
3.604114
3.4249766
3.4897847
3.5486631
4.024188
5.217643
6.6832705
7.5220942
7.210433
6.9980965
7.389902
7.043866
6.6408997
6.249525
6.5163927
6.6635876
6.778122
6.573184
6.2622657
6.0049996
6.101136
6.0574036
5.899679
5.698527
5.8255777
5.713074
5.6507998
4.0038376
2.8908277
2.4935427
0.2646372
0.2934805
0.30088288
0.29780367
0.3860291
0.39677152
0.39152434
0.37510642
0.3186698
0.35122362
0.32006803
0.34189683
0.3812272
0.37604797
0.4068125
0.387657
0.39250985
0.40804338
0.412773
0.38893628
0.40596202
0.46150392
0.47390777
0.5266455
0.5065067
0.51609904
0.55446124
0.5619386
0.5555764
0.5387407
0.5409256
0.57425267
0.58599675
0.53030074
0.55360276
0.51544887
0.51909345
0.44363996
0.54311186
0.5615634
0.3896285
0.39629707
0.38569242
0.36878496
0.3507967
0.38618386
0.37951693
0.3904267
0.38549486
0.4034369
0.3589084
0.3499728
0.30523175
0.31815737
0.37502268
0.33404088
0.33087322
0.29528102
0.31138906
0.37351134
0.37867895
0.3097167
0.31631213
0.32406563
0.3412117
0.3345964
0.3164295
0.3357232
0.33365822
0.26160192
0.274181
0.27783254
0.2455183
0.25496164
0.27767712
0.28854638
0.33424073
0.30476826
0.2827581
0.2749095
0.29426408
0.2651714
0.289439
0.28914645
0.27871808
0.3048938
0.28233388
0.3026936
0.28664523
0.3075314
0.28855437
0.35156256
0.35993975
0.40596217
0.37496087
0.37662125
0.3292597
0.3418677
0.32854852
0.32042694
0.31433854
0.34512764
0.35171497
2.249784
4.1835737
4.455885
3.5784593
3.6511052
3.7078593
3.2195425
3.9085162
4.1036186
4.1771474
4.16607
4.2484164
3.4407907
3.139906
3.1865194
3.3186598
3.285688
3.1435459
3.0107844
3.4753513
4.208013
4.3759966
4.811106
2.7315004
3.0922918
3.1952877
2.5989401
3.6257682
3.94519
3.3368788
3.2645938
3.4542239
3.5156658
3.104854
3.0380082
3.321431
3.4448147
3.2886746
2.985546
1.9220687
1.3225234
1.3469964
1.2615608
1.4991719
3.0287654
2.762143
3.4345076
3.0475183
3.6198833
3.71304
3.399767
4.139542
2.9353979
2.6463053
2.8870695
3.0114264
2.8274508
2.9901662
3.3193433
3.4799562
4.3293104
4.6369762
3.709458
3.9458227
4.3298025
3.2079759
3.7473884
3.9023912
4.60475
5.1904335
2.4325647
3.65726
4.1493745
4.31773
1.3976902
0.48099425
0.91490996
0.47350436
0.5851786
0.3713683
0.56306833
0.30187905
1.1945903
3.20539
4.099967
4.4884953
3.8126786
3.7849684
3.1619587
2.92833
2.6710207
2.6471553
2.6357098
2.343792
2.389292
2.932838
3.2447243
3.15017
3.1355586
3.4339542
3.5572991
3.7427857
3.4068732
3.4313524
3.762669
3.4671361
3.1765451
3.5184243
4.922636
4.979098
0.82223773
0.7413292
0.8422494
0.800744
0.7368731
0.9449115
0.7037293
0.8863937
0.7866289
0.7330564
0.72731256
1.7287996
2.87229
3.6286907
4.289783
4.832034
3.7560441
3.340685
3.544417
3.663445
3.0552173
3.187558
3.2832408
3.6332922
3.4301734
2.6550713
4.690429
4.9346175
4.955222
2.975474
2.6288688
4.02971
3.1220193
2.7649906
3.7900968
3.676538
4.0513716
3.247147
2.8640707
2.447767
2.8602767
2.9432347
2.5053718
3.4355526
3.7311847
3.5498505
4.4897137
3.0824423
3.4884522
4.209187
3.894987
3.952081
3.6876874
3.4238725
3.5304441
2.8446283
3.271798
2.6257863
3.037384
1.1165558
0.6625715
0.7554872
0.92354363
0.9591472
0.9877748
0.82135683
0.9966793
1.0284436
1.0066096
0.79067343
0.87059325
0.9141854
0.7853482
0.6837738
2.8120017
3.3005803
3.9713275
2.6785522
2.7924364
2.2798135
2.0866706
2.279549
0.7904899
2.1344616
3.1168447
3.3487926
3.3942928
3.4882085
1.9047194
3.418683
1.8727069
2.1375372
2.0576708
2.1129992
2.312716
2.4869874
2.383318
2.4271226
2.3893483
2.4656737
2.6262572
2.5038886
2.4573116
2.2337978
2.0181012
2.0583522
2.388371
2.705417
2.5859518
2.8464222
2.7740242
2.728374
2.70292
2.6783466
2.7576296
2.8698292
2.7447002
2.7088697
2.473306
2.7791739
1.830982
3.1790688
2.72282
3.1467328
4.0489645
3.1335316
4.2620463
3.7405598
3.7114143
3.403386
3.1542115
3.6928253
4.1486144
3.7368026
2.3978257
3.0075066
3.609335
3.6619217
3.5193868
3.5739875
3.5884845
3.1093762
1.7196943
3.5800958
3.038522
2.8631709
2.5803053
3.0586562
3.22885
2.440255
1.8369675
2.2494457
3.307777
3.5786977
2.868175
3.2995
3.063584
2.8905008
2.98402
3.2915375
3.3425193
3.498289
3.5131142
3.5285988
3.6956825
3.661906
3.820896
4.0031376
3.9443798
3.4849463
3.1786652
2.9979064
3.0313807
2.481217
2.6851332
2.7432723
2.5689757
2.5662246
2.4138505
2.7742567
2.9821668
3.2343688
3.067412
2.7971258
2.7780452
2.7888415
2.743538
2.943607
3.6710665
4.6355023
4.9602013
4.8773456
4.9670773
4.941908
4.4418354
2.710425
1.9253541
1.3734577
1.5383873
2.2592106
2.1822908
0.93874407
1.7190408
1.766711
1.5965147
1.854922
2.069483
2.1407976
2.3933687
2.5131726
2.4700584
2.231196
0.51326
0.55316937
0.61589
0.58642703
0.7102671
0.674675
0.66245794
0.65456754
0.7285161
0.61778647
0.6214144
0.61954135
0.60475874
0.60005915
0.6207642
0.7937684
1.8562015
1.9205061
2.2429893
2.8405447
3.1210663
2.8182
2.7495642
2.8000605
2.5704029
2.3784623
2.5032754
2.9496593
3.3913245
3.390527
3.574762
3.0220382
3.5072298
3.59308
3.0677898
2.951178
3.0692163
3.6873612
2.8365674
3.8294382
3.3580608
3.1965334
3.3730462
3.794194
3.5406291
3.384775
3.2916346
2.941908
2.4821873
2.8516147
2.363828
2.7868674
2.5654619
2.332611
2.3483849
3.0564675
2.8701742
3.3408003
3.6936336
2.6532402
2.1220856
2.2577362
2.2427282
2.9632702
2.4808679
3.857099
3.6487114
2.2746089
2.6628106
1.9288815
1.7053505
1.8056095
1.9640696
2.234107
2.520065
2.821015
2.3676956
2.7638483
2.7723591
2.2709236
2.2275524
2.4852858
2.9453173
3.0867624
3.1656165
2.6034093
2.1961968
1.9261684
2.4717085
3.324636
2.9489777
3.2966118
3.7898893
3.7960534
3.668155
3.231731
3.0918152
2.7056856
3.553253
3.2348685
3.4119139
2.6044147
2.931805
2.953911
2.0322802
2.3538868
3.091586
3.3436158
3.0986047
3.3359182
3.755515
4.1282554
4.400579
3.9554527
3.2862782
3.4543645
4.0030127
3.6502824
3.4326015
3.5624547
2.9824796
3.1775305
3.4748
3.8844554
3.3232334
3.6151252
4.2166543
3.7606297
2.329419
2.7441854
2.0732195
2.444408
2.8559358
2.6791751
2.6106598
2.9965546
2.878731
3.0526264
2.8321843
3.517025
3.567811
3.2301857
2.861376
2.4283524
2.173616
2.5514169
2.8027759
2.8873527
3.1255374
2.7328658
2.5780113
3.133987
3.476168
2.7316544
3.464494
3.0186265
2.5964127
2.5355153
3.163121
3.05129
3.990995
4.1364446
4.3262935
2.3161428
3.5536385
2.4942563
2.9487023
4.286997
2.5704012
2.9994376
3.1466925
3.4390032
3.5801497
4.190904
3.045704
2.976352
1.1536239
1.1793649
1.421052
1.4132144
1.4750112
1.2954304
2.3476596
3.3811932
2.9100602
3.8906963
1.1904992
1.2511349
1.2222296
1.2697663
1.1948109
1.2275469
1.2337836
1.3869439
1.2850001
1.4062425
1.3785672
1.4341911
1.461694
1.4061986
1.373449
1.3960013
1.4188825
1.2731785
1.3904445
1.366011
1.3129272
1.312373
1.292156
1.2001156
1.0728914
1.1177595
1.0975863
1.236898
1.0389621
0.81258637
0.75278085
0.8185164
0.73662007
0.7135694
0.7231424
0.6695384
0.06586889
0.77541256
0.65009373
0.6292478
0.57957566
0.55092674
0.5631291
0.66175306
0.6627266
0.732078
0.8441713
0.83695847
0.8473253
0.7880658
0.84655
0.85808706
2.9657562
0.724587
1.0669277
0.77218807
0.7069428
0.7230628
0.79964334
0.82327425
0.9024802
0.619993
0.656953
0.6998697
0.66800666
2.7820282
3.3247461
2.8527544
2.1218905
2.1069193
1.5030451
0.54673105
0.45900756
0.40617916
0.5188385
0.32118967
2.346708
2.5052786
3.8533611
2.6349652
3.5458844
3.0916104
2.9935403
3.37147
3.1560707
2.969004
3.4571035
2.9207325
2.7436125
3.5510664
3.4537387
3.3736265
3.8838453
3.1596446
3.1750615
2.1177936
2.6747108
2.8116508
2.3275843
2.3883219
2.559595
2.808112
2.906041
2.6433325
2.4138486
2.3874874
2.3091645
2.1516883
2.512158
2.9560335
3.7449849
3.250503
3.6941369
3.9245048
3.7353804
3.355394
3.413094
2.1506667
2.6765523
2.6455414
2.5391626
3.1681194
4.158073
4.4141045
1.8416103
2.2827356
3.157558
3.5005295
3.7546191
3.5390468
3.2798612
2.6092706
2.7617276
3.0907357
3.5909696
2.5682273
3.2760398
3.4511468
4.4297996
3.7954729
4.3466725
5.213016
5.364322
5.10073
5.9253836
1.1059949
2.7121422
5.7595468
5.2665772
3.9431036
3.2360828
2.910326
2.369838
2.6805751
4.0188665
4.1114097
2.3456926
1.2881922
1.1881576
1.1916232
1.4180608
1.37749
1.1720905
0.9724437
0.83878005
0.8080751
0.768733
0.815369
0.8815921
0.97386825
0.9258846
0.5463933
0.5090178
0.6826032
0.9131774
0.71400034
0.3995685
0.64060694
0.6038621
0.4054897
0.5710466
0.63414556
0.54953045
0.48871782
0.66522944
0.47086257
0.574346
0.6087487
0.5613884
0.6560893
0.56120366
0.7279377
0.5387885
0.5183114
0.6966316
0.5021759
0.26670602
0.38394684
0.29885113
0.3163324
0.41668513
0.5662686
0.5265282
0.3529789
0.56820047
0.4309096
0.530207
0.13458417
0.27037168
0.3886611
0.50086987
0.45765084
0.28369272
0.29311976
0.22645685
0.14665149
0.26757258
0.13020934
0.11758135
0.39235473
0.28706732
0.32802755
0.25544876
0.19150856
0.15620512
0.36094415
0.38495606
0.3681418
0.38903722
0.37494773
0.16655661
0.23153849
0.61038023
0.47510976
0.34882814
0.6067548
0.59155947
0.46509698
0.5213491
0.4284075
0.4132394
0.41150296
0.5560369
0.5658285
0.6157891
0.5471754
0.73043567
0.6299617
0.5820911
0.5300353
0.6234343
0.5634042
0.85474974
0.7359716
0.7231424
0.7247041
0.66727793
0.61386764
0.8581587
1.0611438
0.9063312
0.6567849
0.8780465
0.7518704
1.9590241
1.4187403
2.2142673
2.096757
1.2588307
2.4778094
2.9268653
2.2850008
2.6563303
3.2507858
3.6015027
3.6362054
3.5711994
3.3860807
2.9310286
2.2561233
2.4052186
4.396319
4.2400026
4.348875
4.683813
3.808478
3.3616753
3.2441149
4.0150003
4.1318297
4.33716
4.2191563
4.6941442
2.7614846
3.0092611
4.591599
3.4024458
3.5009174
3.3951104
3.3783684
2.9131825
3.0443609
3.1675916
3.2096117
3.4682453
3.5078192
3.9094465
3.9145064
3.859371
3.6182456
3.2340279
3.1455283
4.132929
3.4244034
2.865895
2.918025
2.1925788
2.3179116
2.6707385
2.4389985
2.7651405
2.202441
1.7634239
2.2378075
2.5850708
2.1129646
1.9439147
1.4123716
0.8920095
0.8084757
0.8526776
0.80399704
0.8675943
0.8712075
0.881569
0.9825321
0.9819875
1.031938
0.9936473
1.061258
1.0270356
1.0285758
1.0546858
1.0470607
1.0393957
1.1059592
1.0754322
1.0439991
1.0879211
1.0344217
1.0399303
0.9892013
1.0262492
0.97232765
0.98775756
0.9636544
0.96159565
0.8861906
0.98184437
0.89970833
0.887078
0.8641038
0.7162576
1.3167824
2.0497198
2.5056765
2.634171
2.6783793
2.9085073
3.0434299
2.7906997
2.8384628
3.0688853
3.26398
3.431193
3.0921757
3.17936
3.2921653
3.2538788
2.7357903
2.5240397
2.554175
3.0494156
3.1802073
3.4290178
3.2202
2.7377656
2.9411821
3.2709281
3.397988
2.9786046
3.2684548
2.9305878
2.5121274
2.746961
3.0554223
3.2522612
3.1048522
3.2459328
3.4019141
3.7609777
3.7413065
3.9311404
4.6962037
4.7022486
4.3855205
3.4759007
3.281949
3.7749825
3.749858
3.891502
2.8679287
2.3816
2.4522219
2.1238556
1.8710542
1.8776298
2.6440063
3.5124178
3.6727564
3.6383572
4.199932
4.740228
4.854248
3.1688066
0.41817954
0.4276922
0.47570053
0.48114985
0.69243604
0.75585693
0.7326097
0.8502
0.89599013
0.916361
1.0401894
1.0658755
1.0391195
1.2027289
0.74323267
0.9205887
1.0624863
0.9340215
1.013677
0.92401385
0.86445975
0.93467945
0.75513816
0.7679683
0.8059232
0.96176285
1.0101924
1.0177379
0.83048344
0.846225
0.9118083
1.0088049
1.2969329
0.9540707
0.96808404
0.98680747
0.91189283
0.8592401
0.9500201
0.83879054
0.9634336
0.99039394
0.8918099
0.94465107
0.8164589
0.9552363
0.7090008
0.6951565
0.6861177
0.5613218
0.6014426
0.53392655
0.5768943
0.4711715
0.48799527
0.4402111
0.31778672
0.368247
0.39235467
0.3311458
0.42010143
0.29675916
0.254956
0.11257778
0.19828017
0.22328728
0.29973197
0.29611188
0.45287558
0.67058885
0.6119806
0.7421944
0.56239563
0.8015032
0.54262716
0.54460853
0.6053308
0.4996617
0.5874411
2.7604053
0.5051124
0.45835984
0.53331816
0.44225278
0.59123176
0.65355146
0.644478
0.57282233
0.7870244
0.6918226
0.8640093
0.7151558
0.87899244
0.73615587
0.66454166
0.60869026
0.69547194
0.5006811
0.61398137
2.1310756
0.6069743
0.4936004
0.619616
0.46132714
0.6274634
0.35924107
0.2927305
0.18628708
0.20308691
0.24805544
0.21421652
0.17809351
0.18079296
0.1511911
0.14526612
0.18289399
0.1539908
0.15087922
0.19212708
0.19767426
0.17869341
0.23640734
0.2280228
0.22373514
0.23394604
0.18374714
0.18163924
0.23468226
0.18510617
0.18764421
0.23546562
0.18243887
0.2397011
0.3232743
0.3078113
0.2613405
0.27077198
0.24062234
0.26400664
0.32313034
0.28026703
0.31888685
0.23467022
0.45443657
0.24430363
0.30559742
0.3271128
0.33509666
0.37574407
0.42532772
0.46698913
0.5298461
0.5177509
0.5871835
0.41580725
0.4369509
0.6163445
0.57432663
0.5056333
0.3720128
0.5510621
0.46586505
0.52290356
0.37530723
0.36499014
0.24628481
0.2795254
0.16856588
0.25509906
0.22435334
0.19148268
0.16180731
0.2832882
0.22889495
0.22960865
0.24390064
0.18837257
0.19539234
0.21118754
0.25139192
0.32923743
0.27794048
0.35761583
0.1778364
0.26788273
2.4507184
1.8052211
1.542058
0.123321235
0.17414069
0.33368555
0.42338717
0.363661
0.4171666
0.41901192
0.39564744
0.35899255
0.3575461
1.389497
2.3441854
2.2529898
0.90517837
2.2419431
2.362901
2.6148913
2.850001
2.1896544
2.2532554
2.4066677
0.8700782
0.73861116
0.7297792
0.6445324
0.609159
0.6617546
1.0659468
1.0494769
0.6379168
0.67703784
0.76414025
0.45666316
0.49667037
0.4494967
0.43112442
0.5974986
0.8600371
0.74908864
0.7598035
0.91924334
0.8091129
0.40697572
0.41605902
0.28227085
0.20214398
0.52002
0.9196125
1.177447
1.4269178
1.21757
1.3529398
1.369337
1.1374714
1.3486379
1.2309774
3.3940225
3.3679922
3.3640087
1.1820266
1.2958742
1.2663475
1.6213328
1.5047714
1.5120707
0.64657396
0.99638236
1.080972
0.8630302
0.76395285
0.76532185
0.7462656
0.8521463
0.77195245
0.70504725
0.5760681
0.734629
0.47787926
0.5044993
0.6332492
0.658137
0.703901
0.97715306
1.6727641
1.267565
1.3652405
1.2250106
1.1109257
1.574864
0.5793349
0.8887647
1.5781221
0.83257324
0.96149766
1.4922773
1.5814732
1.4116166
1.3554791
0.97657037
0.89665717
0.45024404
0.6229253
0.9096015
0.7045734
0.71506494
0.7422366
0.6625123
0.6887131
0.62303543
0.7537444
0.56314325
0.70753515
0.6074323
0.6366667
0.52833337
0.6957044
0.47745994
0.5419125
0.47163293
0.5195643
0.48610085
0.5675726
0.5015304
0.5783241
0.5486845
0.6079429
0.53263426
0.59303826
0.5251453
0.59436035
0.5262001
0.5948043
0.5339999
0.5630923
0.48025596
0.61070627
0.510347
0.5528961
0.5850066
0.7003527
0.6037114
0.6892588
0.6723035
0.61812764
0.6829728
1.3082498
0.6580816
0.5937462
0.57735693
0.75884295
0.83237326
0.70201904
0.77735424
0.9066356
1.058705
0.92254734
0.92621094
0.8875681
0.6698729
0.3300086
0.45586404
1.1630678
0.7136386
0.6204944
0.6896685
0.59692067
0.6196113
0.81674206
0.73118865
0.8351318
0.77173376
0.8496603
0.8100815
0.80493295
0.80877626
0.7872219
0.8021635
0.78979766
0.9013181
0.86711293
0.9253635
0.8618497
0.87264484
0.9252757
0.8693132
0.89220244
0.91541666
0.90507877
0.82872444
0.8923876
0.937691
0.9562905
0.7766284
0.85611767
0.8197366
0.8175979
0.87964636
0.79131436
0.7509872
0.86690557
0.70634353
0.6331525
0.5893864
0.634822
0.6507015
0.43700165
0.4743057
0.6062147
0.50887686
0.55135375
0.46591955
0.5674343
0.49570596
0.5640405
0.49782774
0.6222038
0.51896846
0.5735267
0.52389306
0.6178464
0.5456322
0.60517585
0.57178295
0.6460199
0.5705108
0.6718244
0.56972927
0.66065145
0.5798744
0.66966534
0.5852339
0.6662374
0.582713
0.6655358
0.5789913
0.6311879
0.53091675
0.6068775
0.51212287
0.6018109
0.5549592
0.6621234
0.5992453
0.68236816
0.5710985
0.7186218
0.60061246
0.6563195
0.54616636
0.6036273
0.5380558
0.6285669
0.5513334
0.63958156
0.57451814
0.6401559
0.5751787
0.6607947
0.5709527
0.6581128
0.58271044
0.68300694
0.6113293
0.68049747
0.6255674
0.67464757
0.5816505
0.7167438
0.5906575
0.69187474
0.57168406
0.65750927
0.5523848
0.61381143
0.5383181
0.6623259
0.5905936
0.6805452
0.6181332
0.72261065
0.59214664
0.68331933
0.5787391
0.66637975
1.0345207
1.0928155
1.045688
1.2964907
0.58290654
0.58201957
0.7571028
0.7410985
0.5444615
0.66460794
0.5846069
0.6630243
0.57427996
0.68029803
0.7581442
1.1073323
4.122066
4.3052273
4.263137
4.8486223
2.3006327
2.3113039
2.435925
0.68907124
0.5886485
0.5533738
0.6881733
0.6711211
0.754869
3.2444751
3.7512546
0.47960368
0.73342687
0.652421
0.700789
0.67655206
1.1095985
3.6930995
1.6358001
2.8193486
2.6644583
3.1700277
2.5794744
2.5632653
3.1477644
2.6000533
2.2186043
2.0914268
2.7151241
2.687332
2.6322904
2.4433224
2.915144
1.3165504
0.8986979
0.8535613
0.9442551
2.5517914
0.8085891
3.9451458
3.0304565
0.79725534
0.75113744
0.7318335
0.7135417
0.7166444
0.83836865
0.7738769
0.79117095
0.7955354
0.7347764
0.8729442
0.7933542
0.98274696
0.82053274
0.77254367
0.7602243
4.7292037
6.0401797
0.6040076
0.65776694
0.61818355
0.5690135
0.57240605
0.57819134
0.66544837
0.5283369
0.64838654
0.5345526
0.60014474
0.5371452
0.5681079
0.54371816
0.6930746
0.6193367
0.6889748
0.71022844
0.71775407
0.6124524
0.59484804
2.262442
3.0737734
2.6896808
3.888731
4.5536737
4.876616
4.115232
3.9550846
4.1972046
4.3423753
4.3395395
4.193205
4.32747
4.534641
4.6929398
4.6863217
4.7992315
5.0076323
5.042712
5.0550666
4.8837757
5.1723056
5.0811806
5.104741
5.0558424
4.972803
5.066638
4.888052
4.833178
4.7923045
4.930445
4.9296217
5.0240016
5.1799674
5.253339
5.345573
5.3275156
5.469777
5.59017
5.379324
5.2810726
5.3760996
5.08802
4.9734497
5.0298977
4.912902
5.0058765
4.9484916
4.802851
4.5914216
4.6830835
4.6626806
4.8190546
4.590332
4.6963925
4.7479725
4.70853
4.678652
4.7205563
4.7250953
4.725745
4.738789
4.7062125
4.5224924
4.671421
4.5402665
4.547951
4.6785936
4.617426
4.5978384
4.787052
4.640069
4.5827208
4.279482
4.230915
3.8679729
3.8774815
3.610682
3.613709
3.6343691
3.727377
3.8045669
4.014685
3.9726083
3.7657664
4.059047
4.3266745
4.374436
4.411856
4.6322126
4.3488092
3.956417
3.7074738
3.5978663
3.5024583
3.2389355
3.0121326
3.0217786
2.8155487
2.89088
3.0732586
3.183537
3.9616747
4.3681145
4.561015
4.62519
4.343535
3.9043326
3.6040945
3.42048
3.4113252
3.3444223
3.594327
4.3788652
4.648522
4.911435
4.9329844
4.647982
4.550965
4.1521425
4.238819
4.166897
4.514085
4.768525
4.698664
3.9835863
3.8887246
3.957988
3.87586
4.116479
4.4607577
4.942426
5.102332
5.4044147
5.1617785
4.91548
4.264579
3.9828303
3.4372945
3.8841617
3.0633585
3.5225184
4.225639
4.161192
4.1614075
3.9865155
4.2252874
4.230167
4.1188583
4.5314
4.7419825
4.5927963
4.3005233
4.162436
3.84883
4.1439457
4.453121
4.330617
4.5850344
4.649919
4.4841332
4.6362786
4.762107
4.52544
4.3797197
4.081213
4.278821
4.1205444
3.6510978
3.5792925
3.5205607
3.0095334
3.5713582
4.0782065
3.440963
2.9530535
3.7462573
4.4813614
3.7923415
4.50591
3.664476
3.3159614
3.2261999
3.2659152
3.031274
2.904784
3.159611
3.190709
2.9733539
3.1593237
3.2831945
3.2209818
3.9875755
4.3326807
3.802056
3.4491343
3.4440536
3.6114259
3.8157692
3.776328
3.784471
3.7823918
3.5709007
2.9621608
2.9655967
2.9734626
2.943674
3.2150378
3.8632312
3.319511
3.5669615
3.8093503
3.8383222
3.8112526
4.148581
3.9721973
3.6553712
3.140832
3.098547
3.473248
3.7554529
3.824772
2.9540415
1.3284128
1.7212808
0.6839085
0.66441745
0.8822777
0.7363539
0.83685505
1.3441774
0.81757337
2.0546293
0.79280615
0.8711123
0.8391333
0.30700502
0.096911825
0.21358217
0.33829132
0.35034975
0.33153483
0.40462404
0.3507891
0.4509651
0.48706582
0.439591
0.34623694
0.51100934
0.46510738
0.6087905
0.5724031
0.47723114
0.5121342
0.58854073
0.5043242
0.5010586
0.63945085
0.4833803
0.588075
0.54477787
0.677935
0.38729116
0.3672903
0.32564023
0.43926844
0.45176482
0.43781805
0.5824516
0.55653155
0.2902743
0.44717377
0.59780145
0.6178565
0.33064425
0.6811444
0.70629585
0.72064775
0.7105006
0.77778506
0.7572642
0.7160162
0.72495157
0.67866254
0.716069
0.7635714
0.7553575
0.72105753
0.7258967
0.7413161
0.794111
0.79700834
0.70182306
0.7375982
0.5948175
0.6109744
0.4811277
0.56178117
0.45695758
0.46296054
0.3839179
0.6115953
3.148442
3.958048
3.9865673
3.1548774
2.7475483
3.492444
3.3148413
2.8195608
3.459518
3.465522
3.6396832
3.5458524
2.982265
3.6546211
3.5336945
2.55617
3.2656996
2.411997
3.0673118
2.6678722
2.989029
3.4049542
3.5916228
4.512594
4.9685564
4.039764
3.9601786
3.7072031
2.8740616
3.9709966
5.207001
3.9278529
2.80295
3.280742
3.902791
3.1615949
2.3576446
2.8866692
2.7775548
2.9633434
3.5274892
3.959248
3.5252633
4.107189
4.9500084
5.094451
4.7130446
4.4371834
3.934729
4.3208766
4.105683
3.6837451
3.8929749
3.9537683
3.8937259
3.975872
4.155625
4.908626
5.3661447
4.845455
4.251271
2.435444
1.7071038
1.0702908
0.7068479
0.72119457
0.65598965
0.7051673
0.8123205
0.7185114
0.73166496
0.72708
0.60673785
0.6681976
1.0097793
1.6844451
1.7403319
2.2095385
3.4236004
3.2193224
3.2307794
3.316187
3.4497323
3.274203
3.2442555
3.3594847
3.3248236
3.3325236
3.2511733
3.440518
3.2762768
3.3662877
3.456069
3.5067437
3.5648398
3.5995128
3.82033
3.9486344
3.9222956
3.8900027
3.793832
3.6304975
3.6657732
3.5405538
3.4735467
3.8825893
4.3148866
4.202463
4.1040635
4.3340025
4.179491
4.143039
4.05656
3.928581
4.0165553
4.149921
4.1135354
4.134974
4.227806
4.25629
3.9555273
3.940814
4.051834
4.0426617
3.9802144
3.9072573
4.11624
3.8314462
4.031248
4.100552
3.9484353
3.7377086
3.661279
3.7051582
3.7338355
4.179173
4.40128
4.2545824
4.6447954
3.0686884
2.7863884
3.078314
3.8126469
3.5181196
3.398322
3.5172544
3.5678573
3.5916877
3.8979187
3.8198514
3.808303
4.1708355
4.2203717
4.406549
4.387716
4.652316
4.75902
4.623195
4.096601
3.6708422
3.4740684
2.7769685
3.2801242
3.3218637
2.3614922
2.3624554
2.4246273
2.412181
2.2903678
2.2956774
2.465007
2.6611452
2.711149
2.5342612
2.5287542
2.6528428
2.4882078
2.5815494
2.619024
2.6682112
2.7944925
2.8880115
2.823307
2.8077838
3.3119593
3.31837
3.3439736
3.2534904
3.3242044
3.3559234
3.2313135
3.1849737
3.1763616
3.2191682
3.2687347
3.266031
3.3329954
3.447556
3.5538535
3.7456107
3.6650167
3.9304585
3.7784534
3.759689
3.8098397
3.5856297
3.4156892
3.2774568
3.2582116
3.256614
3.1869423
3.299541
3.328258
3.3509574
3.3963568
3.3783762
3.3521104
3.3059351
3.4694448
3.5823162
3.5044491
3.576799
3.5706544
3.6356587
3.721206
3.6913571
3.6358492
3.5643992
3.4833782
3.498875
3.3294547
2.7356987
2.367532
2.5152256
2.7942533
3.3610644
3.7010374
3.8333073
4.147689
4.1910043
4.023613
3.999218
4.071456
4.0454655
4.2051253
4.225754
2.9440174
3.1085877
3.2863898
3.5824463
3.7423184
3.3780136
3.4970431
3.1969173
3.2192905
3.5213814
3.3801382
3.1013823
4.0376616
4.28642
4.7127566
1.5195436
0.53179634
0.5941409
0.6161912
1.165747
0.64464265
0.61905015
0.59049803
0.70001465
0.64078665
0.9194725
1.717336
1.4321787
2.2180517
1.8903176
1.459945
2.206944
1.640938
1.0845472
0.8473849
0.60000044
0.9923831
1.0452762
0.8980859
0.8456624
0.72663426
0.75951844
0.80510986
0.8692092
0.80321026
0.7450591
0.7938757
0.7738199
0.65441513
0.68527824
0.62228656
0.75252867
0.650766
0.5450204
0.8857999
0.8507195
0.69929487
0.681138
0.67816484
0.7641392
0.52056074
0.6821088
0.79320997
0.62200236
0.75553584
0.58353305
0.7085395
0.71505785
0.75800097
0.7007926
0.67571014
0.6286067
0.8139789
0.61496466
2.6845121
0.44965693
2.9921174
4.2963624
3.9301393
3.2399693
3.4794273
2.9497194
0.9710288
1.0975399
0.98701376
0.71073776
0.5953208
0.6718434
0.81587017
0.5806307
0.6118919
0.7569668
0.736907
0.60989714
0.5734963
0.5292851
0.63298786
0.551313
0.59444034
0.6032281
0.9567705
0.79232556
0.99209434
0.8037653
0.7295397
0.84836364
1.0074153
1.0206392
0.7646825
0.7220396
0.62057346
0.7431659
0.86209714
0.6200381
0.59026796
0.6086771
0.5777571
0.765405
0.6275452
1.0277025
1.0964816
0.95485294
0.8920019
0.79151314
0.7097776
0.64657223
0.6339189
0.61689836
0.568303
0.7616018
0.6466352
0.6663436
0.6540423
0.6858868
0.61918724
0.71757555
0.7381759
0.6585166
0.6572684
0.636763
0.7384018
0.7907922
0.7876229
0.74792135
0.7097313
0.72600436
0.7826078
0.817786
0.73264885
0.86617583
0.7526358
0.787791
0.86771476
0.8047713
0.6749078
0.89583564
0.80062157
0.89537543
0.8742031
0.8209521
1.0091634
0.8765385
0.8451214
0.9244962
1.1247939
1.0796256
1.1456903
1.1362532
0.8669989
0.8335205
0.87688464
0.9395627
0.8892164
0.99987346
1.0905647
1.1656443
1.1293712
0.91358227
0.88937026
0.77548516
0.69170934
0.7821724
0.7427245
0.80686367
0.6058854
0.8707003
0.66578925
0.9190613
0.7725296
0.78012294
0.8834076
0.7836283
0.8158083
0.7852217
0.81982887
0.8376108
0.843635
0.8325615
0.7274369
0.6840532
0.7365104
0.77404463
0.7308513
0.73207885
0.84922016
0.81564915
0.86073565
0.8896732
0.765722
0.74767566
0.7038031
0.62147117
0.6558429
0.7924306
0.85963935
0.8636754
0.78211594
0.987348
0.7861544
0.7944555
0.6107047
0.81100327
0.79350287
0.78139967
0.8735522
0.7391861
0.94503677
0.90118986
1.1103935
0.986729
1.0788407
0.9751331
0.76563776
0.91705537
0.7050063
0.81921285
0.9490162
0.8477778
0.8320005
0.76638675
0.8993014
0.7997086
0.82674444
0.8900179
0.84304243
0.93048173
0.9731126
0.9827634
0.92519015
1.012492
0.967897
1.0341412
0.9947195
0.9418457
1.0118077
1.010116
1.034576
1.0058824
1.056356
1.0224844
1.0407557
1.0198272
1.0411241
0.9977847
1.0177795
0.99685705
1.104671
0.95888263
1.027152
1.1044754
0.86449
0.8340102
0.7799768
0.8160858
0.87511796
0.8591358
0.87950206
0.8636818
0.927963
0.8792966
0.90925336
0.8265936
0.85649145
0.8327642
0.80545455
0.80821836
0.8922523
0.9990804
0.8287724
0.95156497
0.9168698
0.9941945
0.90235054
0.65009713
