10000
9.127788
9.237332
9.192924
9.400262
8.924653
8.979166
9.303603
9.143329
9.288073
9.190887
9.101279
9.146955
8.960723
9.052374
9.050734
8.948596
8.835315
8.651079
8.737587
8.808564
8.737004
9.031331
8.938587
8.669898
8.637946
8.496949
8.630339
8.524168
8.505776
8.263141
8.211648
8.155885
8.358322
8.49712
8.436257
8.527552
8.633078
8.384253
8.866009
8.65244
8.649445
8.383402
8.490871
8.619662
8.734427
8.451989
8.339079
8.744357
8.748711
8.735384
8.870135
8.829731
8.854769
8.828052
8.76233
8.773753
8.789799
8.8817
8.794479
8.781954
8.784879
8.850293
8.764453
8.745416
8.815356
8.720583
8.679254
8.693669
8.568505
8.687877
8.64563
8.500792
8.796099
8.675662
8.780854
8.703582
8.82966
8.815726
8.88327
8.8452015
8.831333
8.834725
8.691309
8.731337
8.723712
8.6202755
8.66273
8.667126
8.664995
8.720904
8.706743
8.708511
8.578752
8.590675
8.566032
8.644249
8.614125
8.604959
8.544348
8.358921
8.467906
8.400192
8.76051
8.58814
8.457731
8.557279
8.584902
8.535762
8.596868
8.643658
8.58248
8.647246
8.694016
8.677555
8.766079
8.806227
8.771419
8.780393
8.623201
8.609902
8.556474
8.389731
8.422098
8.456353
8.37291
8.339327
8.4704895
8.620368
8.534653
8.511653
8.53532
8.557393
8.496235
8.36711
8.434977
8.431685
8.45692
8.406258
8.499343
8.472478
8.594539
8.715665
8.780936
8.849517
8.661636
8.822106
8.878189
8.8893385
8.78209
8.750104
8.743691
8.709781
8.844475
8.745002
8.847871
8.485454
8.318561
8.265935
8.340083
8.506198
8.537751
8.727779
8.796759
8.827258
8.850616
8.707612
8.845158
8.891992
8.87393
8.818892
8.628349
8.694803
8.6434555
8.565091
8.470383
8.502605
8.369914
8.504973
8.524007
8.419134
8.414889
8.405285
8.387103
8.500761
8.466927
8.519143
8.586747
8.710484
8.562941
8.6719885
8.849225
8.776606
8.711428
8.558469
8.365822
8.361822
8.357144
8.460425
8.32372
8.646442
8.40985
8.511317
8.3836355
8.296761
8.128907
8.088094
8.062089
8.071295
8.117986
8.012054
7.981716
7.8286037
7.837025
7.778189
7.7531657
7.7588525
7.838545
7.828764
7.9241586
8.058412
8.142304
8.02183
7.8705597
8.012462
7.8337026
7.7711983
7.6978083
7.70104
7.6270213
7.698084
7.6940928
7.7244544
7.8138404
7.8443956
7.937831
7.8499775
7.821802
7.823204
7.918439
8.049481
8.134424
8.015776
8.129337
8.053053
8.017727
7.994601
7.8938155
7.9406304
7.8959
7.5256515
7.7849455
7.581217
7.851428
7.681416
7.864298
7.9181037
7.8492007
7.9121814
8.055625
8.030123
7.9904957
7.9033904
8.086818
8.055782
7.8919673
7.991556
8.118209
8.054355
8.091424
8.290122
8.431802
8.381288
8.439158
8.355871
8.468558
8.27461
8.200716
8.201264
8.147513
8.2197695
8.216748
8.420249
8.444992
8.4191475
8.59332
8.398241
8.124972
7.9586244
7.927367
7.9590907
7.931299
7.9954576
7.958973
7.97824
7.9974113
8.1089325
8.018594
8.223169
8.268411
8.22986
8.261654
8.118753
8.256742
8.138025
8.042204
8.0178795
7.980823
7.931113
8.0996275
8.004581
7.827088
7.742971
7.71685
7.8742304
7.866157
7.62631
7.898506
7.7424936
7.876128
8.013555
8.200887
8.10025
8.107598
7.690961
7.4630985
7.4035754
7.418681
7.5052137
7.603944
7.711643
7.655022
7.5658174
7.390769
7.5244985
7.618033
7.544384
7.534111
7.552491
7.734206
7.673467
7.588251
7.496421
7.521495
7.492509
7.567349
7.684955
7.884243
7.9745364
8.201443
8.14433
8.259202
8.327932
8.3911495
8.324767
8.349374
8.253003
8.243067
8.276351
8.253701
8.186644
8.271387
8.11169
8.133133
8.003204
8.003017
7.8991723
7.8806076
7.873353
7.688877
7.46774
7.584931
7.4870315
7.2715883
7.3779287
7.320305
7.446362
7.3338513
7.3884974
7.49352
7.327348
7.5470896
7.640334
7.615507
7.7370677
7.7177267
7.879862
7.9715977
8.019769
8.090388
8.054012
8.088375
8.00994
8.009666
7.9355474
7.7669206
7.6930475
7.964572
7.672786
7.5845723
7.828521
7.9835577
8.108904
8.252738
8.38474
8.443627
8.302241
8.247437
8.0155325
7.851334
7.7135143
7.440183
7.487626
7.443248
7.2829337
7.36444
7.3920574
7.386107
7.460195
7.5508523
7.6467338
7.6952353
7.663325
7.5185275
7.471893
7.4911857
7.4515147
7.5173755
7.6844444
7.326152
7.457932
7.544962
7.478551
7.618461
7.2056837
7.269378
7.4087915
7.1600394
7.1382647
7.087731
7.4358096
7.203277
7.150064
7.037193
6.9015927
6.917414
6.801946
6.5651073
6.4717493
6.210547
6.251489
6.249654
6.1588087
6.298436
6.2424507
6.396411
6.4667563
6.621049
6.7272468
6.6310453
6.630041
6.487052
6.44396
6.3618927
6.3399363
6.475233
6.2755113
6.2479987
6.400341
6.796798
6.6852293
7.0122027
7.2530265
7.045226
6.8644733
6.606897
6.236479
5.9598026
6.0370946
5.921303
6.040133
6.4144335
6.2322707
6.179868
6.428523
6.2614594
6.3650384
6.3944235
6.17111
6.138585
6.1573296
6.2098513
6.166393
5.9779816
6.2251587
6.058146
5.8178816
5.7122755
5.528137
5.2951493
5.1425786
5.209779
5.1620083
5.3047695
5.2422605
5.1745157
5.434358
5.4559426
5.375214
5.4577475
5.509706
5.4159
5.4163365
5.307078
5.2434936
5.253954
4.931906
5.4137993
5.2785435
5.4094024
5.40893
5.211727
5.37261
5.622842
5.3841767
5.5145884
5.2905884
5.3858914
5.1029425
5.147519
5.298852
5.553111
5.588386
5.9718814
5.8660784
5.992879
6.1951275
4.673033
5.254979
5.319565
5.444171
6.061209
6.4073386
6.2496595
6.4366517
5.9387965
5.958626
6.075714
6.127722
6.399161
6.5922804
6.633626
6.5489883
6.5020943
6.582444
6.5374784
6.684119
6.9928784
6.536572
6.538897
6.316118
6.02604
6.3622794
5.615149
5.862693
6.214055
6.3387594
6.1062665
6.3269253
6.224593
6.248053
6.2095475
6.3076296
6.3961277
6.2317777
6.1494656
6.1194024
6.478674
6.65965
6.890746
6.7100315
6.3378983
6.3375635
6.3665166
6.341097
6.0582995
6.008501
6.03799
6.1363544
6.088744
6.2412434
6.1911626
6.011993
5.8719916
6.034134
6.075424
6.219838
6.333267
6.245478
6.329817
6.415697
6.5786533
6.697259
6.5388775
6.6648264
6.6526995
6.5125704
6.3661537
6.423194
6.225699
5.947017
6.0082254
5.842183
6.2879877
6.214945
6.529898
6.447774
6.5473976
6.6299033
6.9616456
7.0324335
7.0597253
6.814845
7.1936684
7.2231674
7.0874906
6.7304525
6.764742
6.768643
6.854384
6.4722533
6.5511866
6.51862
6.579713
6.496704
6.458072
6.601291
6.377563
6.407892
6.424415
6.604535
7.0372486
6.950736
7.0537167
7.0346518
7.307741
7.0527954
6.8803906
6.852315
6.9298058
6.809731
6.566845
6.4404974
6.639305
6.4706025
6.653408
6.8512993
6.9142823
6.7731113
6.662504
6.833097
6.8062625
6.6683555
6.9682236
6.4967494
6.664767
6.4818497
6.5057645
6.653433
6.926821
7.013795
6.859096
6.4686594
6.1771913
6.217491
6.147128
5.8688207
5.778633
5.619032
5.4535775
5.2230444
5.1134615
5.2078767
5.4469786
5.5989523
5.3424525
5.2927985
5.507581
5.7009296
5.6346784
5.291413
5.1768312
5.6211066
6.207953
6.4472
6.6057777
6.2786803
5.9456306
5.664318
5.2071204
5.1898985
5.0583878
5.06601
5.330699
5.633291
5.725274
5.8473263
5.9478936
6.2519565
5.9760056
6.170295
6.120884
6.6685114
7.032174
7.1893573
7.135385
6.9826894
7.1944036
7.503571
7.5672708
7.4942145
7.5169964
7.3432813
7.31629
7.1877027
6.9753895
6.7752433
6.8070674
6.6300054
6.461588
6.1729836
6.3876376
6.4339457
6.244912
6.4181085
6.263309
6.2384186
6.169541
5.8654823
6.01534
6.20422
6.3499136
6.267144
6.398429
6.5759964
6.4265757
6.6374598
6.4373336
6.4282255
6.632899
6.739866
6.8538647
6.9108534
6.8607535
6.4457874
6.062447
5.883457
5.855164
6.2029724
6.2458706
6.3153677
6.393465
6.383818
6.56205
6.4231524
6.292303
6.530054
6.266771
6.2932253
6.1088457
5.894847
5.6025133
5.5247836
5.696859
5.758534
5.819896
5.12368
5.045088
4.771312
4.91056
4.9386964
5.3380556
5.4414153
5.386708
5.381811
5.4283576
5.6592426
5.65189
5.4238997
5.862745
5.574422
5.4378753
5.385327
5.3744
5.6029677
5.470626
5.6106143
5.701761
5.9863977
6.019414
6.17824
6.2966523
6.011523
6.274376
6.1339974
5.867386
5.7465105
5.832788
5.971119
6.0063176
6.044258
5.9303026
5.8466225
5.8388314
5.7243443
5.757497
5.6452966
5.9065104
5.819393
6.314441
6.049719
6.072021
6.141616
5.9666905
6.11726
6.29091
6.3924685
6.633019
6.6674204
6.3575044
6.388195
6.163946
6.185726
6.43346
6.339801
6.1990027
6.46122
6.0468683
6.4145308
6.679123
6.685782
6.709875
6.73158
6.8032913
6.962084
6.867619
6.720035
6.9897723
6.7560897
6.9193745
7.070566
6.9749146
7.1539307
7.1827817
7.23366
7.3348017
7.400894
7.401682
7.318937
7.365388
7.4659605
7.160846
7.2526903
7.074971
7.12391
7.040085
7.2047997
7.0456486
7.176083
7.1728344
7.2385893
7.211617
7.220813
7.1900992
7.193205
7.307176
7.250786
7.170765
7.059088
7.1056995
7.0482354
7.135105
7.178438
7.270031
7.2797127
7.20177
7.2578254
7.1585298
6.872317
7.316878
6.768525
6.614426
6.3035054
6.0138392
5.8570724
5.9834876
6.042937
6.203353
6.092178
6.1435394
6.0200925
6.368205
6.270932
6.4399967
6.4490757
6.522399
6.395383
6.6887083
6.5452976
6.7477403
6.6066766
6.7883096
6.8497515
6.6705585
6.7651157
6.8159494
6.968614
7.303492
6.949462
6.9164314
6.8518944
6.8556976
6.6166563
6.5556345
6.7534137
6.516014
6.615547
6.7502656
6.9481688
6.787371
6.87908
6.897719
6.770175
6.910726
6.80356
6.86957
6.8977146
6.905134
6.838818
6.8872185
6.869546
7.022113
7.138543
7.245392
7.14581
7.0347548
7.0816965
7.3028812
7.340392
7.46222
7.5491505
6.9532194
6.9007864
6.92754
6.9694424
7.086154
7.1775255
7.099587
7.1718187
7.164365
7.0156684
6.882696
6.5863047
6.544552
6.6669655
6.712809
6.390204
6.4857745
6.4464455
6.8506618
6.700031
6.514632
6.5240383
6.5957413
6.905424
6.890546
6.8611164
6.5808926
6.078066
6.1117697
6.215334
6.780098
6.7991247
6.93789
6.8503127
6.784357
6.7822733
7.0673666
6.953235
6.911069
6.96412
6.8826656
6.6395397
7.0006313
7.099065
7.3559484
7.2387347
7.1205378
6.92453
6.979639
6.865748
6.5782666
6.6637645
6.8659334
6.7658606
6.5905128
6.65091
6.5159183
6.6116776
6.620549
6.4609156
6.7648854
6.631517
6.7966757
6.7939944
6.8597193
6.6665945
6.7822056
6.858617
7.100993
6.9607706
7.0173836
6.794445
6.6355605
6.5381045
6.313428
6.393243
6.3342247
6.5188856
6.5623693
6.448399
6.550732
6.59131
6.716977
6.793277
6.5914135
6.7788105
6.683983
6.8244066
6.793245
6.784131
6.7293158
6.679454
6.696817
6.7126646
6.833577
6.859724
6.981502
6.7790604
6.8278036
6.709253
6.8118544
6.643638
6.7329698
6.640061
6.8584127
6.457045
6.417721
6.3598003
6.3837724
6.19881
6.1768665
6.0904074
5.6931953
5.5855255
5.7226954
5.6191454
5.755814
5.6613994
5.9622407
6.5197372
6.850506
7.120676
6.6883764
6.7228236
6.742551
6.853119
6.924312
7.000654
6.9593306
6.7710896
6.452225
6.1854568
6.3183584
6.263731
5.9074717
5.950425
5.8644857
6.023945
5.878867
6.038221
6.116584
6.9388595
7.0244627
7.001607
6.8155966
6.686699
6.8216653
6.900339
6.9991918
6.8626447
6.9232955
7.079282
6.792736
6.8283668
6.7020755
6.6766863
6.948189
6.8819294
6.4345694
6.030618
5.6020823
5.3278136
5.3805575
5.6062584
5.829567
6.196008
6.1569815
6.1921363
6.2652054
6.2988195
6.160989
6.3152685
6.152841
6.552583
6.698902
6.6406927
6.516044
6.4522963
6.493282
6.5045595
6.4918385
6.5096865
6.622867
6.7357078
6.6970196
6.8327513
6.8308964
7.0450687
6.9697065
6.9478292
6.926364
6.8470173
6.7084675
6.627267
6.612308
6.729966
6.7794304
6.7712555
6.621827
6.426476
6.415627
6.3846655
6.243929
6.055696
6.265016
6.068262
6.0595517
5.9133215
5.912035
5.950508
5.708459
5.7405014
5.8131213
5.8473053
5.9093027
6.021714
6.0748763
6.422227
7.059824
7.3075113
7.0370855
7.0249367
7.0156164
6.9663734
6.7888584
6.617216
6.5453463
6.545713
6.3647394
6.5215454
6.5748825
6.5706863
6.78087
6.724367
6.7587514
6.824482
6.838893
6.816454
6.797517
6.951483
6.959928
6.830036
6.9539776
6.733593
6.756136
6.6292953
6.6959295
6.6960535
6.5897374
6.764056
6.833745
6.827159
6.7795143
7.035188
6.8627853
7.0059066
6.7093472
6.697349
6.6605434
6.724064
6.766493
6.9858694
6.9188814
6.945661
6.871534
7.023672
6.904614
6.762037
6.7714844
6.6655226
6.7554827
6.8920603
6.8115783
6.822509
6.8830385
6.9487915
6.985141
7.017796
7.1828394
7.017474
7.2581544
7.132743
7.2804155
7.439066
7.491011
7.30548
7.33855
7.34383
7.370259
7.424585
7.381918
7.5921803
7.546858
7.6171985
7.207232
7.181039
7.3053603
7.319644
7.272087
7.2573485
7.230374
7.0772176
6.8555865
7.003167
6.8199644
7.034407
6.8246527
6.7020583
6.5554714
6.6553597
6.625928
6.8718944
7.274647
7.231902
7.2011685
7.113222
7.0918093
7.046576
7.0843053
6.984952
7.1735826
7.043092
7.0764837
7.140388
7.1350965
7.0461707
7.0526943
7.029481
6.9986753
6.977262
7.0214562
6.943767
6.8108788
6.78747
6.6922636
6.7033043
6.8225236
6.565827
6.4956865
6.3636894
6.3352304
6.3091407
6.248978
6.2858477
6.351058
6.284576
6.1023707
6.1917753
6.1787233
5.913772
5.756568
5.5446405
5.7276845
5.80348
6.002289
6.152774
6.290413
6.1958857
5.921502
5.9644785
5.908481
5.973224
6.015124
6.28049
6.5704355
6.617023
6.392399
6.320957
6.521472
6.480959
6.6471033
6.4452467
6.5341973
6.4992423
6.951097
6.7314444
6.3924413
6.5659018
6.5527415
6.589303
6.701334
6.4649734
6.1220098
5.948499
5.873366
5.981884
5.779059
5.9641395
6.1682053
6.070813
6.0165625
6.0703053
6.068842
6.251104
6.317793
6.4044647
6.424598
6.55539
6.8284736
6.6997232
7.03609
7.0612483
6.6733184
6.6415496
6.5888424
6.779167
6.63678
6.569243
6.540088
6.6751018
6.562422
6.6096544
6.450246
6.492582
6.4694185
6.5286875
6.5167975
6.7299933
6.7569265
6.7021747
6.510186
6.462352
6.225397
6.5319386
6.651375
6.666089
6.6545115
6.8186955
6.6884847
6.52694
6.4078774
6.314728
6.3823385
6.3705516
6.4047704
6.3468804
6.3160553
6.507827
6.577821
6.620247
6.6485715
6.5709357
6.381879
6.2794847
6.3551087
6.3435764
6.233575
6.1185255
6.1605263
6.523371
6.3322606
6.391157
6.447987
6.165123
6.1077223
6.3090143
6.4392304
6.305286
6.383488
6.067121
5.9995623
6.0800605
6.2756743
6.2869954
6.4039326
6.321
6.317842
6.2685065
6.377882
6.3970385
6.418805
6.435962
6.376701
6.26619
6.159657
6.072111
6.05195
5.954956
5.9015846
5.8795176
5.8373904
5.787693
5.848814
5.7881484
5.806284
5.6947446
5.7371845
5.7271056
5.8546643
5.7937217
5.7361345
5.664483
5.26539
5.215186
5.1293054
5.1341467
5.1305065
5.229039
5.194557
5.3132157
5.687517
6.010239
5.9376936
5.859597
5.8986177
5.9150057
5.738104
5.8207774
6.304412
6.434946
6.273855
6.1474485
5.982918
5.65796
5.6354895
5.63971
5.7457247
5.657195
5.847897
5.503926
5.455742
5.0039196
4.9373326
4.720244
4.9211507
5.2126474
5.5156293
5.176659
4.9280915
4.714946
4.7575855
4.9563627
5.224931
5.459326
5.592791
5.399424
5.3475704
5.467906
5.550964
5.553804
5.562487
5.615789
5.5105267
5.4148326
5.3252196
5.2431135
5.100519
5.114573
5.187726
5.2652016
5.1652384
5.0724716
4.9564157
4.8858747
4.7235866
4.7749367
4.7655573
4.962499
5.185181
5.114153
5.2441363
5.426327
5.606733
5.68484
5.7545385
5.6614323
5.6870666
5.530283
5.532937
5.605902
5.5661287
5.629833
5.6241984
5.835146
5.6705227
5.517944
5.0453486
4.9756618
5.0506773
5.084948
5.0295343
5.09993
5.119936
5.151513
5.1322584
5.142343
5.208624
5.0163403
4.9133267
4.9448705
4.7183685
4.839734
4.840596
4.964419
5.094884
5.11014
5.020242
4.9872055
5.0002604
5.1211414
5.259081
5.1563272
5.2455497
5.3137145
5.326024
5.299266
5.1846113
5.2811832
5.0458555
5.029048
5.0167284
4.885031
4.906484
4.7869716
4.723566
4.7227
4.4947624
4.5816336
4.2871966
4.375519
4.3320265
4.15561
4.143071
4.059745
4.1030846
4.1285005
4.1539893
4.3187685
4.3235693
4.468566
4.559402
4.5306053
4.5575514
4.5337877
4.6000276
4.574931
4.760818
5.0241838
5.120562
5.1953807
5.1224346
4.7793617
4.934641
4.991974
5.074162
5.1307263
5.4805107
5.2859187
5.460358
5.674241
5.4186954
5.703306
5.5279336
5.5091853
5.589843
5.8896317
5.9068527
5.997724
6.0924325
5.982909
5.9429655
5.927146
5.865092
5.899458
5.9765587
6.0235906
5.977891
6.1798754
6.118974
6.1285477
6.2664976
6.324483
6.1054235
6.255872
5.783911
6.091522
5.973083
6.0296445
5.789841
5.805683
5.628438
5.8500195
5.81941
5.9428225
5.8758755
5.909564
5.8837185
5.931931
5.9954987
6.0088744
5.89775
5.9095473
6.0633717
6.0416956
5.9285717
5.979641
6.1011167
5.755
5.748276
5.6624246
5.978925
5.9665804
5.9418254
5.757263
6.0324187
6.306953
6.5257773
6.641876
6.5186377
6.363775
6.4957414
6.7008686
7.226597
7.1206803
7.073585
7.0610795
7.0254774
6.655282
6.853093
6.6835165
6.657818
6.516272
6.6617517
6.71773
6.628654
6.319381
6.178354
6.1063995
5.9625735
5.981963
5.8132205
5.797898
5.6597958
5.6836553
5.4753256
5.379442
5.474551
5.5446386
5.589882
5.832659
6.0692754
5.987456
6.099934
5.912989
5.692468
5.6341453
5.822652
5.9838448
6.0822105
6.1212964
6.226538
6.1343384
6.472019
6.729505
6.8755345
7.0266504
7.2759676
7.3251967
7.627689
7.763761
7.891955
7.6564903
7.234108
7.1621494
7.131023
7.3193145
7.08205
7.1477394
6.9456267
6.9749618
6.8692536
6.906865
6.8187585
6.621103
6.4155693
6.3168902
6.2617183
6.338081
6.1495047
6.027334
5.9092083
5.7822614
5.8442435
5.3811665
5.5134454
5.540944
5.9336843
5.9921823
6.2657804
6.600025
6.504609
6.7252746
6.9748945
7.168323
7.2770505
7.176137
7.4079776
7.4711366
7.600623
7.632952
7.951428
8.004093
7.7575808
7.3365183
7.234347
7.3650556
7.4999166
7.522054
7.7732205
7.7153673
7.652463
7.613479
7.5249453
7.695112
7.429518
7.5773916
7.183642
7.119814
7.014845
7.031784
7.0789356
7.1044755
6.867814
7.1525736
6.7227564
6.6041636
6.449869
6.2383003
6.1724453
6.509959
6.7099924
6.937164
7.1039715
7.3508024
7.165962
7.0170374
6.7913384
6.6807766
6.657876
6.841941
6.99589
7.2796397
7.1926894
7.2786684
7.407234
7.8278527
7.959937
8.063906
7.875436
7.571909
7.140168
7.2664666
7.665695
7.8496943
7.7090435
7.6521344
7.6424413
7.6943946
7.4474716
7.454696
7.3490977
7.1812334
6.912799
6.885521
6.7803535
6.4685507
6.5712714
6.2132673
6.233594
6.2175326
6.370504
6.2147045
6.2302904
6.14862
6.213337
6.2472258
6.6676707
7.0955358
7.0334787
7.1750555
6.967472
6.693942
6.8794794
6.5875072
6.758293
6.6523137
6.7031865
6.6855607
6.3147326
6.194298
6.297237
6.1829433
5.928668
6.008148
6.068054
6.459524
7.0301723
7.201116
7.206344
7.145853
6.9955983
6.548072
6.288158
6.1390767
5.7833915
6.135266
6.4122305
6.7319417
6.4410067
6.572278
6.365111
6.6503687
7.0029197
6.903999
6.9582443
7.0424385
7.0280113
6.8841186
6.917961
6.9818335
6.998831
7.006296
7.0152135
7.111186
7.0117807
7.050887
7.036148
6.8338957
6.8452697
6.5230303
6.3869324
6.823567
6.898754
7.1759806
7.233816
7.4290905
7.532386
7.730644
7.757595
7.676664
7.7433457
7.437586
7.4640822
7.6118526
7.5881886
7.874112
7.824873
7.5338693
7.687714
7.727
7.663852
7.580758
7.4451933
7.6445484
7.494593
7.680489
7.4996037
7.670105
7.5155144
7.4052844
7.4412975
7.4042306
7.3385653
7.303171
7.161752
6.953621
6.8747964
6.763705
6.7840195
6.7267847
6.6959214
6.439963
6.309745
6.423132
6.20924
6.4286003
6.750563
7.366772
6.9687204
7.4653077
7.241492
7.516166
7.454833
7.769342
7.5678453
7.8496466
7.8349977
7.7078233
7.993525
8.024735
7.828258
8.093926
7.69254
7.438632
7.0916705
6.9429355
7.1132836
7.028051
7.0835824
7.1528845
7.088153
6.8437195
6.834754
6.6478615
6.766941
6.8718286
6.640586
6.4639087
6.6271415
6.393474
6.328601
6.6437225
6.5684805
6.629567
6.879651
6.8808823
6.5639625
6.620791
6.4398794
6.58567
6.5836973
6.9055395
7.0284386
7.0631
7.272026
7.343292
7.344764
7.54252
7.6532784
7.6732774
7.765917
7.6599026
7.656307
7.451015
7.423186
7.0855174
7.105662
7.121691
7.308526
7.1083617
7.2228894
6.8498135
6.873146
6.795521
6.797038
7.1598344
7.013778
7.1975403
7.1486096
7.099171
6.7938175
6.768667
6.5154877
6.2701273
6.5207424
6.4612713
6.2771826
6.493863
6.454267
6.2773495
6.2175856
6.108262
6.0234804
5.9043427
6.2208056
6.4593577
6.3590136
6.57155
6.7171326
7.1701403
7.0255294
7.3065805
7.4194965
7.1804876
7.3644495
7.331882
7.2913966
7.1459513
7.3032722
6.975813
7.0997267
7.2823963
7.2327404
7.1477866
7.043327
6.987755
6.802422
6.618348
6.816918
6.5514436
5.9643965
5.9757476
5.8933425
6.0355573
6.3374777
6.2491894
6.4830694
6.5055594
6.4078803
6.3528147
6.281789
6.0563097
5.982402
6.1205974
6.1042957
6.2705793
6.6979704
7.082867
7.263884
7.148928
7.296911
7.236895
7.565199
7.6370916
7.6105833
8.019908
7.8746986
7.7713733
8.054828
7.784948
7.5150876
7.572358
7.7986755
7.5528855
7.391926
7.168573
7.133844
7.212944
6.8980813
6.7579727
6.5971537
6.393395
6.095061
6.3272767
6.206604
5.982123
6.0047355
5.969379
5.700974
5.525071
5.4124646
5.261397
5.5064263
5.4500585
5.4306817
5.4814787
5.520856
5.8523135
6.267054
6.3604407
6.6792192
6.770786
6.785108
6.9475155
7.240352
6.7324414
7.2275534
7.5869026
7.7674804
7.653744
7.773183
7.573275
7.907097
7.887122
7.5012655
7.51456
7.2755065
7.2764845
7.0661993
7.0915236
6.904505
7.0333214
6.949537
7.0007744
6.8066487
6.935781
7.083638
6.8582325
6.7150116
6.907462
7.1485786
6.763357
7.132849
7.0135336
6.916456
6.8318048
6.769804
6.433074
6.2839665
6.186327
6.0964994
6.190015
6.1535883
6.483802
6.4223647
6.721437
6.8756714
7.433436
7.3580303
7.3737164
7.175019
7.558342
7.4648576
7.3402057
7.529414
7.2965536
7.141609
7.008443
6.6110315
6.384867
6.446939
6.5211544
6.5647626
6.4591312
6.462002
6.4400253
6.309872
6.4879513
6.544243
6.4617615
6.2248893
6.1811533
6.037432
5.906913
6.035247
6.1591096
5.878669
5.9947104
5.9227037
6.0961967
6.0536566
6.2596755
6.402368
6.4953933
6.70451
6.567415
6.654296
7.0916386
6.909065
7.002167
7.0821886
7.063027
7.0083394
6.957605
6.379029
6.4636335
6.454093
6.5210915
6.5746455
6.377771
6.3686104
6.4321547
6.3566113
6.009869
6.196192
6.066505
5.734645
5.616625
5.590977
5.856077
6.041081
6.1510806
6.3527536
6.1449895
6.22807
6.384968
6.555365
6.566812
6.693057
6.726528
6.873698
7.030167
6.9921956
7.0615525
7.0055904
6.7875657
7.0593896
6.944556
6.975463
6.9204397
6.923732
6.3629456
6.641182
6.543312
6.3908367
6.2830806
6.2731066
6.2044945
6.0203714
6.05287
6.06007
5.8539944
5.8660765
5.7851825
5.4669533
6.0021644
6.0617957
6.0573044
6.0275574
6.2516136
6.028681
6.4139123
6.2240453
6.2554965
6.165407
6.1096253
5.9195833
5.805802
5.9346066
5.7659745
5.124658
5.1374707
5.429855
5.8228345
5.9361353
5.96144
6.2804303
6.1876745
6.267044
6.1822844
5.886032
6.0511847
5.7300334
5.7467804
6.0198455
6.3162646
6.4167194
6.5713606
6.6866517
6.6248717
6.5888433
6.48487
6.6124115
6.5353727
6.430373
6.2866716
6.369605
6.2242403
6.270364
6.361199
6.443145
6.3791056
6.2598333
6.4088545
6.439336
6.4355373
6.5849
6.281614
6.335997
5.9159966
5.9284325
6.0371265
5.7797914
6.0489144
6.161342
6.452694
6.509961
6.7774677
6.802324
6.93726
7.1903524
7.416607
7.388575
7.008644
7.195185
6.9634438
6.464513
6.5615845
6.3511257
6.504431
6.960284
6.6583347
6.7660923
6.569875
6.293215
6.4396987
6.5287547
6.499096
6.268114
6.3476124
5.376764
6.080015
6.3912225
6.644205
6.6086087
7.1843534
7.244094
7.1384273
7.3141494
6.9920473
7.211154
7.1691937
6.94007
7.480644
7.1944847
7.241566
6.92579
7.0524855
7.493253
6.854101
6.6230073
6.305793
6.358784
6.255603
6.867972
6.8540683
7.22534
7.541867
7.3399487
7.1820564
7.270439
7.2611656
7.290305
7.135055
7.424028
7.028069
6.9586577
6.807773
6.9216084
6.994465
6.8207865
6.9230943
6.9287
7.032651
6.87485
6.7962666
6.789787
6.982261
6.7430706
6.626994
6.8361435
6.664859
6.798209
6.6953583
6.708578
6.691696
6.8101907
6.695257
6.7635465
6.6546564
6.7619433
6.727848
6.64083
6.6823797
6.635541
6.851022
6.680128
6.772701
7.247068
7.202243
7.276944
7.141436
6.8847585
6.7038302
6.989929
6.9874697
7.105387
6.825797
6.74478
6.409778
6.46258
6.805974
6.5850196
6.4911227
6.4367013
6.448325
6.2861843
6.2130837
6.0186377
6.233565
6.222015
6.2224283
6.1606426
6.0955386
6.2101316
5.9254994
6.344634
6.4634614
6.3170347
6.099722
6.097945
6.324745
6.2777467
6.541112
6.8073688
6.955146
7.125307
7.1295347
7.289976
7.2071266
7.1587744
7.1983395
7.0780134
7.189749
7.530262
7.5572333
7.1123257
7.0467463
6.8563795
6.5264363
6.4004283
6.5989757
6.64711
6.5077276
6.3452134
6.184439
6.2167535
5.969128
5.978235
6.0614257
6.175802
6.223738
6.184471
6.0101147
5.9750705
5.823681
5.833276
5.8776975
5.786574
5.6686716
5.571433
5.6329646
5.301888
5.03178
5.1576743
5.223846
6.220316
6.810061
7.027054
6.9733195
7.0254183
6.66973
6.8871017
6.9195633
6.8650913
6.781848
6.3370714
5.975912
5.999414
5.9033957
5.7010813
5.666192
5.447285
5.6984925
5.736831
5.553031
5.4845095
5.6914687
5.8008795
6.0270443
5.98836
5.969779
6.1697845
5.8485365
5.4663644
5.07561
5.0325584
5.1105385
5.0875163
5.197602
5.5640182
5.4096794
5.1191626
5.3291235
5.272496
5.205606
4.6881304
4.379493
3.6041434
2.6892889
2.2373636
1.537761
1.793087
1.9203223
2.0102577
2.118808
2.2995691
2.4122126
2.3854644
2.337429
2.4468791
2.3398895
2.3352122
2.3249042
2.3224652
2.2049303
2.1752975
1.934001
1.6859311
1.6807289
1.6275264
1.6563331
1.6543634
1.9240515
2.155465
1.8939333
1.3669024
1.3208401
1.2841158
1.2655182
1.3254066
1.421635
1.3211743
1.2993056
1.4783291
1.4578142
1.4289567
1.3505049
1.4037802
1.3293467
1.218317
1.1803343
1.1775789
1.2547014
1.2473963
1.4284633
1.4823284
1.5750264
1.4395703
1.3875879
1.2518982
1.3743211
1.3743587
1.3076258
1.2338326
1.2089033
1.4674518
1.6420499
1.5351914
1.4791958
1.3836535
1.5899049
1.5486712
1.43115
1.3807021
1.3221964
1.4466465
1.371738
1.4943569
1.3572484
1.3483921
1.334096
1.3840754
1.4530942
1.4925678
1.4783678
1.4475703
1.4228791
1.505727
1.4337224
1.4211347
1.4490995
1.60336
1.6670729
1.5567986
1.5374553
1.5271757
1.4926062
1.4379659
1.3425691
1.5450332
1.3281289
1.5857522
1.3746773
1.3926501
1.3144048
1.3673022
1.368216
1.3384548
1.327166
1.327056
1.3984684
1.371137
1.2888443
1.3537505
1.384098
1.393907
1.396262
1.409091
1.288305
1.1768118
1.1851157
1.3986642
1.4507856
1.5432389
1.564895
1.3946176
1.2933311
1.3723539
1.2738686
1.4657838
1.598064
1.5690908
1.5335115
1.4525399
1.3305552
1.4328643
1.5296762
1.8600748
1.5922283
1.5592104
1.633323
1.4297353
1.3488543
1.472158
1.5637039
1.4061232
1.4784117
1.7361223
1.565164
1.3829597
1.4044311
1.5621752
1.7064024
1.5135039
1.3855991
1.4927952
1.6125826
1.7580936
1.6620985
1.673366
1.634558
1.6465759
1.6138365
1.472596
1.6246943
1.655367
1.6457994
1.7311046
1.732073
1.5841115
1.6627078
1.9092038
1.7659658
1.9779704
1.8031536
1.6711944
1.5584918
1.6250033
1.6878766
1.7079667
1.9148177
1.8037585
1.7573946
1.6386912
1.6149985
1.600512
1.8567971
1.752607
1.7806342
1.4412045
1.5211935
1.6490157
1.7976583
1.4541749
1.6905727
1.8287842
1.7987776
1.7253094
1.660508
1.6341989
1.4430504
1.4272344
1.790489
1.4906847
1.6298544
1.7515324
1.5805126
1.694345
1.6139538
1.4970765
1.374539
1.4572431
1.8465794
1.9780396
1.7874832
1.811004
1.8140191
1.8647101
1.648045
1.5527935
1.4859992
1.4747998
1.631698
1.497627
1.5904894
1.7423505
1.8335733
1.9230076
1.8380499
1.8639407
1.8446672
1.763998
1.6886166
1.6640599
1.5300059
1.5542837
1.6845118
1.8100376
1.8749566
1.7320008
1.7679776
1.6138912
1.3947
1.3559766
1.4269674
1.62742
1.6433111
1.7257472
2.0709276
2.1845527
1.8022487
1.7715372
1.7341014
2.0976496
1.655363
1.6829833
1.6938288
1.9456393
1.7081052
1.6750661
1.5258751
1.4798831
1.4456285
1.7174798
1.8217316
1.8118587
1.7674488
1.9643625
2.0091372
1.7525219
1.5390667
1.5388917
1.473731
1.4621345
1.5383645
1.532551
1.6348028
1.6146966
1.8701952
1.9298048
2.1531575
2.0831923
1.8445997
1.744162
1.3907216
1.5537959
1.4753741
1.5934595
1.8625897
1.5430472
1.5159781
1.652023
1.6594023
1.9619892
2.0385885
1.7712426
1.4187044
1.1863563
1.2543511
1.4351367
1.290736
1.3129631
1.5675946
1.1575853
1.4231194
1.6719862
1.6289806
1.2518166
1.2762488
1.2078242
1.2056651
1.4130235
1.223136
1.2219088
1.2928901
1.3592441
1.3942478
2.0456722
1.9076424
1.741155
1.1781808
1.4014237
1.6140199
1.5953382
1.5331006
1.7122555
1.778321
1.9483908
1.9077909
1.636598
1.7530651
1.8343383
1.6825083
1.4321349
1.5366502
1.551033
1.5203726
1.8744525
1.618578
1.4755605
1.5600617
1.6566412
1.7986169
1.775764
1.6464229
1.5278039
1.4300109
1.5542386
1.7553878
1.3254714
1.2796991
1.390508
1.5341274
1.5979754
1.7196403
1.6927522
1.694557
1.6231784
1.6154842
1.7260321
1.7860432
2.0854156
1.8322488
1.9021727
1.8481017
1.5584855
1.5357798
1.715198
1.6306231
1.6245593
1.5506519
1.5751778
1.5892503
1.8411622
1.7575167
1.8560752
1.7970593
1.8760529
1.850999
1.7078148
1.8413513
1.6693852
1.577216
1.6562968
1.6042892
1.5652666
1.9476364
2.0859709
2.0627933
1.9908888
2.0711014
2.2205048
2.092888
2.2490761
2.1116679
1.9704177
1.4860294
1.3967435
1.4709498
1.6186725
1.485728
1.4200944
1.3087963
1.2977829
1.5721316
1.6647379
1.6289886
1.3505896
1.2452365
1.4276364
1.4527376
1.376125
1.614344
1.4630998
1.479756
1.5895097
1.4695097
1.5915984
1.5745097
1.7744104
1.3863056
1.384732
1.3293595
1.3444282
1.261219
1.4330529
1.4491695
1.3072829
1.6064539
1.7658848
1.9674491
1.6901636
1.4441448
1.6462122
1.5096833
1.3694404
1.4216483
1.3546407
1.3864737
1.3131728
1.1521043
1.2847805
1.148448
1.3579139
1.3835887
1.5580493
1.6765625
1.6390562
1.4459367
1.2970922
1.3354992
1.2536792
1.2004479
1.3418149
1.4926428
1.2215279
1.2529205
1.2867478
1.3943143
1.4596655
1.3830335
1.3348433
1.4664874
1.4675565
1.6119515
1.3195609
1.2990911
1.6222793
1.7059215
1.5694429
1.4963666
1.7029976
1.640051
1.6593819
1.7202783
1.6386352
1.1196461
1.8543938
1.5266501
1.3681546
1.259813
1.2725111
1.3284177
1.4254459
1.5191156
1.2250874
1.0691028
1.2182592
1.1817168
1.2690984
1.328127
1.3176633
1.8382273
2.0341644
1.7426381
1.3868374
1.2957531
1.3899946
1.4736824
1.4308994
1.8507186
2.0247686
1.5391506
1.3747921
1.3500966
1.7727545
1.8258263
1.8134713
1.4335263
1.5690336
1.3252023
1.3151549
1.3298799
1.3592879
1.3864698
1.5855676
1.4880038
1.17486
1.1303728
1.3385625
1.3132393
1.489025
1.562147
1.8728582
1.6815767
1.2896221
1.2204382
1.1819763
1.0996284
1.1021479
1.3604902
1.4745723
1.5231078
1.2314073
1.2001485
1.3184072
1.4521334
1.5047647
1.6092385
1.433796
1.4182161
1.6064786
1.518992
1.1771975
1.2622842
1.296072
1.1417975
1.0919195
1.1060494
1.6297642
1.5213329
1.4790114
1.374147
1.5683131
1.3773515
1.6185435
1.7403824
1.8007907
1.5638219
1.363481
1.1506577
1.0227911
1.2181593
1.1272383
1.3294146
1.319146
1.2859522
1.1944973
1.1682278
1.4039478
1.246418
1.3336725
1.2949843
1.3800313
1.3125206
1.3012414
1.4453803
1.5652059
1.8366202
1.5544069
1.3921444
1.218267
1.3355304
1.2909966
1.2705951
1.3666803
1.0945609
1.0151411
1.2273673
1.1208094
1.2705984
1.2346065
1.4339807
1.6236051
1.7362819
1.7498182
1.6962211
1.3002117
1.4169897
1.4600521
1.3763423
1.4708447
1.4299715
1.4013503
1.3761489
1.6932445
1.6675472
1.6921153
1.6797398
1.4784476
1.5720664
1.5185082
1.602459
1.503619
1.4128172
1.4964731
1.4937848
1.5195769
1.4734694
1.3834528
1.3331674
1.1451402
1.1730348
1.1757846
1.3911403
1.4214615
1.4615414
1.3939314
1.4927119
1.4190967
1.3427097
1.3260334
1.3182076
1.3977766
1.4139099
1.5335424
1.4302455
1.3206996
1.3339483
1.3033564
1.3281075
1.4330792
1.4166507
1.4222641
1.4291403
1.5575776
1.6219832
1.6244712
1.4612056
1.4928148
1.5360659
1.4586024
1.3816017
1.5070783
1.3303664
1.334828
1.3702706
1.6694566
1.5515825
1.3588413
1.2569444
1.2002575
1.3209299
1.1791799
1.3749923
1.3630058
1.2001448
1.3099799
1.2800729
1.3405592
1.2055014
1.2138315
1.2722034
1.388874
1.3203012
1.4483727
1.3949296
1.5536089
1.4095969
1.3362565
1.299665
1.660595
1.3795851
1.388796
1.1787486
1.2646799
1.5633618
1.819046
1.6085422
1.4265814
1.3595663
1.2246046
1.4524338
1.5049136
1.450317
1.2987872
1.1559634
1.522218
1.695211
1.4209305
1.3536711
1.5945761
1.1607263
1.1098746
1.2722968
1.3598092
1.1889988
1.1970317
1.372018
1.5468309
1.4108264
1.5489925
1.6090039
4.6953473
4.8682375
5.183136
5.0282826
4.924913
5.1926026
5.159731
4.840334
5.0594935
5.334681
5.1659226
5.1407733
5.269923
5.0509715
4.96026
5.284362
5.262789
5.3346753
5.3302836
5.1876025
5.3122954
5.3070536
5.269122
5.307354
5.5292683
5.179174
5.3616505
5.2575197
5.822096
5.917012
5.9130926
5.8803234
5.7019787
5.744699
5.980377
5.9887657
6.018546
5.72825
5.363235
5.448249
5.3042874
5.293057
5.3245068
5.3067217
5.528082
5.5929933
5.4445815
5.610506
5.380597
5.6087885
5.308862
5.3131533
5.293055
5.056996
5.3483305
5.0276914
4.987218
5.0117664
5.0900865
5.0089602
4.7152095
4.749266
4.7116113
4.953557
4.600694
4.765652
4.5802464
4.655077
4.2059855
4.324999
4.386107
4.7730155
4.974504
4.960493
4.6982718
4.1603017
3.8203416
3.93051
3.8736563
3.8447948
3.7789521
3.654013
3.669131
3.8318613
3.9666245
4.1526484
4.210233
4.1713114
4.7063174
4.8807387
5.0557814
5.2678366
5.2703586
5.4003153
5.5322666
5.621026
5.7454658
5.8038406
5.8255925
5.9333463
5.971934
6.214617
6.1020865
5.8619123
5.9224844
5.7767987
6.052591
5.9192905
5.851672
5.968812
6.031624
6.235038
6.301099
6.2652655
6.3511753
6.3222556
6.2866254
6.289139
6.274685
6.0711956
6.102479
6.1910887
6.0144258
5.797311
5.7655783
6.0152454
5.683989
5.5667768
5.4424243
5.719647
5.625204
5.5247188
5.6129827
5.519472
5.744708
5.604844
5.88784
5.9137583
6.066106
6.01445
6.0006423
5.8911304
5.807248
5.999489
5.8465905
5.9933057
5.851119
5.871485
6.215233
6.059864
6.0912247
6.2756042
6.199648
6.4199185
6.453935
6.3226914
6.4907517
6.2941556
6.5174913
6.552405
6.3745294
6.59315
6.4699187
6.472542
6.3434396
6.121628
5.9723415
5.961936
6.0644193
5.935299
6.157568
5.9165845
6.103288
5.9177194
5.8480864
6.0377865
6.4610434
6.2454324
6.419757
6.0841427
6.2697353
6.284102
6.335751
6.174054
6.2054763
5.926974
5.723952
5.6331954
5.6703687
5.3893857
5.216431
5.436358
5.6274133
5.5410953
5.7927537
5.8682985
6.018315
5.762267
6.268014
5.9303846
6.253302
6.361555
6.18353
6.571363
6.3181033
6.4416075
6.271414
6.3104005
6.4971724
6.329807
6.1837764
6.0219073
6.025634
6.280912
5.973626
5.929494
6.1585097
6.1436076
6.353405
6.3025293
6.4392743
6.5535955
6.508887
6.321388
6.283315
6.3063126
6.312185
6.437
6.1978464
6.132002
6.117666
6.0398297
5.9946694
5.83348
5.8379664
5.735823
5.7190704
6.041361
5.978112
6.001894
6.2683277
6.1537347
6.141521
6.1859117
6.303097
6.5147433
6.664772
6.5499897
6.66657
6.76981
6.7456713
6.656913
6.890926
7.1363945
7.1253724
7.1314363
7.1771913
6.8601046
6.6947026
6.6613045
6.551914
6.411686
6.3173976
5.9339094
5.97196
5.9079814
6.0988894
6.099688
5.944468
5.922403
5.6170993
5.548504
5.523754
5.1313977
4.867537
4.5287204
4.431344
4.339189
4.5596714
4.6215973
4.5455623
